% Time	SBX	SBY	SBZ	FRX	FRY	FRZ	FLX	FLY	FLZ	WRX	WRY	WRZ	WLX	WLY	WLZ	HDX	HDY	HDZ	HRX	HRY	HRZ	HRLX	HLY	HLZ	SpdCom	ax	ay	az	gx	gy	gz	mx	my	mz	Angle
0.033	0.0000	0.0000	0.0000	0.0000	0.0000	0.0000	0.0000	0.0000	0.0000	0.0000	0.0000	0.0000	0.0000	0.0000	0.0000	0.0000	0.0000	0.0000	0.0000	0.0000	0.0000	0.0000	0.0000	0.0000	0.030	
0.067	0.0000	0.0000	0.0000	0.0000	0.0000	0.0000	0.0000	0.0000	0.0000	0.0000	0.0000	0.0000	0.0000	0.0000	0.0000	0.0000	0.0000	0.0000	0.0000	0.0000	0.0000	0.0000	0.0000	0.0000	0.033	
0.133	0.0000	0.0000	0.0000	0.0000	0.0000	0.0000	0.0000	0.0000	0.0000	0.0000	0.0000	0.0000	0.0000	0.0000	0.0000	0.0000	0.0000	0.0000	0.0000	0.0000	0.0000	0.0000	0.0000	0.0000	0.040	
0.167	0.0000	0.0000	0.0000	0.0000	0.0000	0.0000	0.0000	0.0000	0.0000	0.0000	0.0000	0.0000	0.0000	0.0000	0.0000	0.0000	0.0000	0.0000	0.0000	0.0000	0.0000	0.0000	0.0000	0.0000	0.043	
0.233	0.0000	0.0000	0.0000	0.0000	0.0000	0.0000	0.0000	0.0000	0.0000	0.0000	0.0000	0.0000	0.0000	0.0000	0.0000	0.0000	0.0000	0.0000	0.0000	0.0000	0.0000	0.0000	0.0000	0.0000	0.050	
0.267	0.0000	0.0000	0.0000	0.0000	0.0000	0.0000	0.0000	0.0000	0.0000	0.0000	0.0000	0.0000	0.0000	0.0000	0.0000	0.0000	0.0000	0.0000	0.0000	0.0000	0.0000	0.0000	0.0000	0.0000	0.053	
0.333	0.0000	0.0000	0.0000	0.0000	0.0000	0.0000	0.0000	0.0000	0.0000	0.0000	0.0000	0.0000	0.0000	0.0000	0.0000	0.0000	0.0000	0.0000	0.0000	0.0000	0.0000	0.0000	0.0000	0.0000	0.060	
0.400	0.0000	0.0000	0.0000	0.0000	0.0000	0.0000	0.0000	0.0000	0.0000	0.0000	0.0000	0.0000	0.0000	0.0000	0.0000	0.0000	0.0000	0.0000	0.0000	0.0000	0.0000	0.0000	0.0000	0.0000	0.067	
0.433	0.0000	0.0000	0.0000	0.0000	0.0000	0.0000	0.0000	0.0000	0.0000	0.0000	0.0000	0.0000	0.0000	0.0000	0.0000	0.0000	0.0000	0.0000	0.0000	0.0000	0.0000	0.0000	0.0000	0.0000	0.070	
0.500	0.0000	0.0000	0.0000	0.0000	0.0000	0.0000	0.0000	0.0000	0.0000	0.0000	0.0000	0.0000	0.0000	0.0000	0.0000	0.0000	0.0000	0.0000	0.0000	0.0000	0.0000	0.0000	0.0000	0.0000	0.077	
0.533	0.0000	0.0000	0.0000	0.0000	0.0000	0.0000	0.0000	0.0000	0.0000	0.0000	0.0000	0.0000	0.0000	0.0000	0.0000	0.0000	0.0000	0.0000	0.0000	0.0000	0.0000	0.0000	0.0000	0.0000	0.080	
0.600	0.0000	0.0000	0.0000	0.0000	0.0000	0.0000	0.0000	0.0000	0.0000	0.0000	0.0000	0.0000	0.0000	0.0000	0.0000	0.0000	0.0000	0.0000	0.0000	0.0000	0.0000	0.0000	0.0000	0.0000	0.087	
0.667	0.0000	0.0000	0.0000	0.0000	0.0000	0.0000	0.0000	0.0000	0.0000	0.0000	0.0000	0.0000	0.0000	0.0000	0.0000	0.0000	0.0000	0.0000	0.0000	0.0000	0.0000	0.0000	0.0000	0.0000	0.093	
0.700	0.0000	0.0000	0.0000	0.0000	0.0000	0.0000	0.0000	0.0000	0.0000	0.0000	0.0000	0.0000	0.0000	0.0000	0.0000	0.0000	0.0000	0.0000	0.0000	0.0000	0.0000	0.0000	0.0000	0.0000	0.097	
0.767	0.0000	0.0000	0.0000	0.0000	0.0000	0.0000	0.0000	0.0000	0.0000	0.0000	0.0000	0.0000	0.0000	0.0000	0.0000	0.0000	0.0000	0.0000	0.0000	0.0000	0.0000	0.0000	0.0000	0.0000	0.103	
0.833	0.0000	0.0000	0.0000	0.0000	0.0000	0.0000	0.0000	0.0000	0.0000	0.0000	0.0000	0.0000	0.0000	0.0000	0.0000	0.0000	0.0000	0.0000	0.0000	0.0000	0.0000	0.0000	0.0000	0.0000	0.110	
0.867	0.0000	0.0000	0.0000	0.0000	0.0000	0.0000	0.0000	0.0000	0.0000	0.0000	0.0000	0.0000	0.0000	0.0000	0.0000	0.0000	0.0000	0.0000	0.0000	0.0000	0.0000	0.0000	0.0000	0.0000	0.113	
0.933	0.0000	0.0000	0.0000	0.0000	0.0000	0.0000	0.0000	0.0000	0.0000	0.0000	0.0000	0.0000	0.0000	0.0000	0.0000	0.0000	0.0000	0.0000	0.0000	0.0000	0.0000	0.0000	0.0000	0.0000	0.120	
1.000	0.0000	0.0000	0.0000	0.0000	0.0000	0.0000	0.0000	0.0000	0.0000	0.0000	0.0000	0.0000	0.0000	0.0000	0.0000	0.0000	0.0000	0.0000	0.0000	0.0000	0.0000	0.0000	0.0000	0.0000	0.127	
1.067	0.0000	0.0000	0.0000	0.0000	0.0000	0.0000	0.0000	0.0000	0.0000	0.0000	0.0000	0.0000	0.0000	0.0000	0.0000	0.0000	0.0000	0.0000	0.0000	0.0000	0.0000	0.0000	0.0000	0.0000	0.133	
1.100	0.0000	0.0000	0.0000	0.0000	0.0000	0.0000	0.0000	0.0000	0.0000	0.0000	0.0000	0.0000	0.0000	0.0000	0.0000	0.0000	0.0000	0.0000	0.0000	0.0000	0.0000	0.0000	0.0000	0.0000	0.137	
1.167	0.0000	0.0000	0.0000	0.0000	0.0000	0.0000	0.0000	0.0000	0.0000	0.0000	0.0000	0.0000	0.0000	0.0000	0.0000	0.0000	0.0000	0.0000	0.0000	0.0000	0.0000	0.0000	0.0000	0.0000	0.143	
1.200	0.0000	0.0000	0.0000	0.0000	0.0000	0.0000	0.0000	0.0000	0.0000	0.0000	0.0000	0.0000	0.0000	0.0000	0.0000	0.0000	0.0000	0.0000	0.0000	0.0000	0.0000	0.0000	0.0000	0.0000	0.147	
1.267	0.0000	0.0000	0.0000	0.0000	0.0000	0.0000	0.0000	0.0000	0.0000	0.0000	0.0000	0.0000	0.0000	0.0000	0.0000	0.0000	0.0000	0.0000	0.0000	0.0000	0.0000	0.0000	0.0000	0.0000	0.153	
1.300	0.0000	0.0000	0.0000	0.0000	0.0000	0.0000	0.0000	0.0000	0.0000	0.0000	0.0000	0.0000	0.0000	0.0000	0.0000	0.0000	0.0000	0.0000	0.0000	0.0000	0.0000	0.0000	0.0000	0.0000	0.157	
1.367	0.0000	0.0000	0.0000	0.0000	0.0000	0.0000	0.0000	0.0000	0.0000	0.0000	0.0000	0.0000	0.0000	0.0000	0.0000	0.0000	0.0000	0.0000	0.0000	0.0000	0.0000	0.0000	0.0000	0.0000	0.163	
1.400	0.0000	0.0000	0.0000	0.0000	0.0000	0.0000	0.0000	0.0000	0.0000	0.0000	0.0000	0.0000	0.0000	0.0000	0.0000	0.0000	0.0000	0.0000	0.0000	0.0000	0.0000	0.0000	0.0000	0.0000	0.167	
1.467	0.0000	0.0000	0.0000	0.0000	0.0000	0.0000	0.0000	0.0000	0.0000	0.0000	0.0000	0.0000	0.0000	0.0000	0.0000	0.0000	0.0000	0.0000	0.0000	0.0000	0.0000	0.0000	0.0000	0.0000	0.173	
1.500	0.0000	0.0000	0.0000	0.0000	0.0000	0.0000	0.0000	0.0000	0.0000	0.0000	0.0000	0.0000	0.0000	0.0000	0.0000	0.0000	0.0000	0.0000	0.0000	0.0000	0.0000	0.0000	0.0000	0.0000	0.177	
1.567	0.0000	0.0000	0.0000	0.0000	0.0000	0.0000	0.0000	0.0000	0.0000	0.0000	0.0000	0.0000	0.0000	0.0000	0.0000	0.0000	0.0000	0.0000	0.0000	0.0000	0.0000	0.0000	0.0000	0.0000	0.183	
1.600	0.0000	0.0000	0.0000	0.0000	0.0000	0.0000	0.0000	0.0000	0.0000	0.0000	0.0000	0.0000	0.0000	0.0000	0.0000	0.0000	0.0000	0.0000	0.0000	0.0000	0.0000	0.0000	0.0000	0.0000	0.187	
1.667	0.0000	0.0000	0.0000	0.0000	0.0000	0.0000	0.0000	0.0000	0.0000	0.0000	0.0000	0.0000	0.0000	0.0000	0.0000	0.0000	0.0000	0.0000	0.0000	0.0000	0.0000	0.0000	0.0000	0.0000	0.193	
1.700	0.0000	0.0000	0.0000	0.0000	0.0000	0.0000	0.0000	0.0000	0.0000	0.0000	0.0000	0.0000	0.0000	0.0000	0.0000	0.0000	0.0000	0.0000	0.0000	0.0000	0.0000	0.0000	0.0000	0.0000	0.197	
1.767	0.0000	0.0000	0.0000	0.0000	0.0000	0.0000	0.0000	0.0000	0.0000	0.0000	0.0000	0.0000	0.0000	0.0000	0.0000	0.0000	0.0000	0.0000	0.0000	0.0000	0.0000	0.0000	0.0000	0.0000	0.203	
1.800	0.0000	0.0000	0.0000	0.0000	0.0000	0.0000	0.0000	0.0000	0.0000	0.0000	0.0000	0.0000	0.0000	0.0000	0.0000	0.0000	0.0000	0.0000	0.0000	0.0000	0.0000	0.0000	0.0000	0.0000	0.207	
1.833	0.0000	0.0000	0.0000	0.0000	0.0000	0.0000	0.0000	0.0000	0.0000	0.0000	0.0000	0.0000	0.0000	0.0000	0.0000	0.0000	0.0000	0.0000	0.0000	0.0000	0.0000	0.0000	0.0000	0.0000	0.210	
1.900	0.0000	0.0000	0.0000	0.0000	0.0000	0.0000	0.0000	0.0000	0.0000	0.0000	0.0000	0.0000	0.0000	0.0000	0.0000	0.0000	0.0000	0.0000	0.0000	0.0000	0.0000	0.0000	0.0000	0.0000	0.217	
1.933	0.0000	0.0000	0.0000	0.0000	0.0000	0.0000	0.0000	0.0000	0.0000	0.0000	0.0000	0.0000	0.0000	0.0000	0.0000	0.0000	0.0000	0.0000	0.0000	0.0000	0.0000	0.0000	0.0000	0.0000	0.220	
2.000	0.0000	0.0000	0.0000	0.0000	0.0000	0.0000	0.0000	0.0000	0.0000	0.0000	0.0000	0.0000	0.0000	0.0000	0.0000	0.0000	0.0000	0.0000	0.0000	0.0000	0.0000	0.0000	0.0000	0.0000	0.227	
2.033	0.0000	0.0000	0.0000	0.0000	0.0000	0.0000	0.0000	0.0000	0.0000	0.0000	0.0000	0.0000	0.0000	0.0000	0.0000	0.0000	0.0000	0.0000	0.0000	0.0000	0.0000	0.0000	0.0000	0.0000	0.230	
2.100	0.0000	0.0000	0.0000	0.0000	0.0000	0.0000	0.0000	0.0000	0.0000	0.0000	0.0000	0.0000	0.0000	0.0000	0.0000	0.0000	0.0000	0.0000	0.0000	0.0000	0.0000	0.0000	0.0000	0.0000	0.237	
2.133	0.0000	0.0000	0.0000	0.0000	0.0000	0.0000	0.0000	0.0000	0.0000	0.0000	0.0000	0.0000	0.0000	0.0000	0.0000	0.0000	0.0000	0.0000	0.0000	0.0000	0.0000	0.0000	0.0000	0.0000	0.240	
2.200	0.0000	0.0000	0.0000	0.0000	0.0000	0.0000	0.0000	0.0000	0.0000	0.0000	0.0000	0.0000	0.0000	0.0000	0.0000	0.0000	0.0000	0.0000	0.0000	0.0000	0.0000	0.0000	0.0000	0.0000	0.247	
2.233	0.0000	0.0000	0.0000	0.0000	0.0000	0.0000	0.0000	0.0000	0.0000	0.0000	0.0000	0.0000	0.0000	0.0000	0.0000	0.0000	0.0000	0.0000	0.0000	0.0000	0.0000	0.0000	0.0000	0.0000	0.250	
2.300	0.0000	0.0000	0.0000	0.0000	0.0000	0.0000	0.0000	0.0000	0.0000	0.0000	0.0000	0.0000	0.0000	0.0000	0.0000	0.0000	0.0000	0.0000	0.0000	0.0000	0.0000	0.0000	0.0000	0.0000	0.257	
2.333	0.0000	0.0000	0.0000	0.0000	0.0000	0.0000	0.0000	0.0000	0.0000	0.0000	0.0000	0.0000	0.0000	0.0000	0.0000	0.0000	0.0000	0.0000	0.0000	0.0000	0.0000	0.0000	0.0000	0.0000	0.260	
2.400	0.0000	0.0000	0.0000	0.0000	0.0000	0.0000	0.0000	0.0000	0.0000	0.0000	0.0000	0.0000	0.0000	0.0000	0.0000	0.0000	0.0000	0.0000	0.0000	0.0000	0.0000	0.0000	0.0000	0.0000	0.267	
2.433	0.0000	0.0000	0.0000	0.0000	0.0000	0.0000	0.0000	0.0000	0.0000	0.0000	0.0000	0.0000	0.0000	0.0000	0.0000	0.0000	0.0000	0.0000	0.0000	0.0000	0.0000	0.0000	0.0000	0.0000	0.270	
2.500	0.1458	0.8689	3.9459	0.2872	0.0935	4.0979	0.0486	0.8849	3.9928	0.2888	0.8562	3.5398	-0.0796	0.7383	3.3926	0.1729	1.3103	3.3814	0.2174	0.8660	3.9275	0.0716	0.8564	3.8944	0.277	
2.567	0.1479	0.8208	3.9030	0.3133	0.0855	4.1098	0.0538	0.2813	4.1940	0.2861	0.8644	3.5381	-0.0790	0.7838	3.3351	0.1873	1.3409	3.3933	0.2191	0.8162	3.8767	0.0741	0.8110	3.8605	0.283	
2.633	0.1687	0.7823	3.8455	0.2484	-0.0306	3.8675	0.0165	0.3057	4.1806	0.2894	0.8991	3.5526	-0.0718	0.8552	3.2558	0.2033	1.3725	3.4147	0.2389	0.7772	3.8225	0.0959	0.7737	3.7985	0.290	
2.700	0.1698	0.7865	3.8409	0.2485	-0.0423	3.8651	0.0363	0.3179	4.1886	0.2900	0.9300	3.5503	-0.0463	0.9215	3.1567	0.2158	1.3968	3.4334	0.2390	0.7797	3.8216	0.0983	0.7793	3.7886	0.297	
2.767	0.1679	0.8041	3.8275	0.2382	0.0013	3.8766	0.0032	0.2700	4.2563	0.2956	0.9480	3.5492	-0.0278	1.0213	3.1939	0.2249	1.4178	3.4499	0.2334	0.8019	3.8103	0.0988	0.7957	3.7731	0.303	
2.833	0.1723	0.8058	3.8200	0.2443	-0.0232	3.8751	-0.0565	0.3481	4.1649	0.2991	0.9553	3.5632	0.0475	1.0700	3.0645	0.2324	1.4315	3.4672	0.2378	0.7980	3.8018	0.1039	0.8011	3.7662	0.310	
2.900	0.1755	0.8066	3.8155	0.2429	-0.0243	3.8708	0.0337	0.3996	4.0945	0.2984	0.9535	3.5704	0.1085	1.1589	3.0399	0.2432	1.4444	3.4756	0.2393	0.7991	3.7998	0.1087	0.8012	3.7607	0.317	
2.967	0.1744	0.8093	3.8129	0.2377	0.0268	3.8626	0.0454	0.3948	4.0946	0.2506	0.8813	3.5152	0.1177	1.1866	3.0723	0.2524	1.4507	3.4838	0.2387	0.8019	3.7976	0.1073	0.8031	3.7586	0.323	
3.033	0.1797	0.8030	3.8121	0.2527	-0.0469	3.8738	-0.0058	0.3074	4.1566	0.2667	0.9112	3.5139	0.1352	1.1867	3.0555	0.2631	1.4360	3.5160	0.2459	0.8002	3.8016	0.1113	0.7878	3.7524	0.330	
3.100	0.1873	0.7922	3.8154	0.2523	-0.0557	3.8752	0.0184	0.3053	4.1674	0.2486	0.8952	3.5469	0.1743	1.1954	3.0283	0.2782	1.4199	3.5301	0.2549	0.7919	3.8096	0.1171	0.7763	3.7528	0.337	
3.167	0.1968	0.7919	3.8163	0.2576	-0.0415	3.8792	0.0934	0.3660	4.1530	0.3763	0.9536	3.7876	0.1666	1.2012	3.0800	0.2801	1.4159	3.5329	0.2637	0.7936	3.8091	0.1268	0.7749	3.7554	0.343	
3.233	0.1982	0.7886	3.8170	0.2591	0.0312	3.8761	0.0645	0.3214	4.2019	0.3878	1.0147	3.7595	0.1826	1.2251	3.0814	0.2833	1.4097	3.5474	0.2649	0.7907	3.8130	0.1288	0.7707	3.7531	0.350	
3.300	0.1978	0.7874	3.8168	0.2539	0.0381	3.8719	0.0805	0.3207	4.1901	0.4409	0.9923	3.5584	0.1905	1.2234	3.0756	0.2811	1.4075	3.5488	0.2648	0.7895	3.8131	0.1281	0.7699	3.7524	0.357	
3.367	0.1984	0.7871	3.8183	0.2601	0.0391	3.8806	0.0796	0.3232	4.1885	0.4831	1.0518	3.6477	0.1957	1.2226	3.0784	0.2856	1.4067	3.5540	0.2652	0.7892	3.8136	0.1285	0.7702	3.7556	0.363	
3.433	0.1990	0.7874	3.8196	0.2553	-0.0142	3.8613	0.0254	0.3250	4.1637	0.4810	1.0544	3.6440	0.1971	1.2219	3.0813	0.2899	1.4039	3.5586	0.2659	0.7896	3.8142	0.1289	0.7706	3.7579	0.370	
3.500	0.2031	0.7886	3.8230	0.2672	0.0509	3.8768	0.0319	0.3265	4.1624	0.4626	1.1117	3.6689	0.1986	1.2212	3.0808	0.3032	1.3959	3.5584	0.2700	0.7915	3.8166	0.1328	0.7712	3.7618	0.377	
3.567	0.2049	0.7897	3.8256	0.2659	-0.0117	3.8740	0.0250	0.3289	4.1644	0.4872	1.1767	3.6714	0.1981	1.2058	3.1005	0.3077	1.3942	3.5591	0.2714	0.7932	3.8175	0.1350	0.7719	3.7662	0.383	
3.633	0.2067	0.7903	3.8275	0.2488	0.0505	3.8501	0.0205	0.3370	4.1627	0.5008	1.2696	3.6814	0.1921	1.2253	3.0872	0.3200	1.3977	3.5729	0.2724	0.7945	3.8201	0.1379	0.7718	3.7673	0.390	
3.700	0.2087	0.7908	3.8275	0.1741	0.0816	3.8590	0.0358	0.3391	4.1633	0.4821	1.3363	3.7231	0.1960	1.2066	3.0971	0.3223	1.3956	3.5766	0.2740	0.7959	3.8209	0.1407	0.7715	3.7663	0.397	
3.767	0.2104	0.7921	3.8274	0.1735	0.0793	3.8561	0.0452	0.3472	4.1598	0.4476	1.4344	3.6706	0.1949	1.2061	3.0976	0.3052	1.3900	3.5746	0.2763	0.8007	3.8273	0.1442	0.7719	3.7599	0.403	
3.833	0.2120	0.7952	3.8273	0.1753	0.0822	3.8532	0.0354	0.3517	4.1540	0.4516	1.4336	3.6890	0.1900	1.2049	3.1007	0.2975	1.3861	3.5724	0.2742	0.8031	3.8296	0.1498	0.7759	3.7567	0.410	
3.900	0.2187	0.8038	3.8292	0.1757	0.0803	3.8562	0.0255	0.3534	4.1343	0.4327	1.4544	3.6691	0.1889	1.2028	3.1031	0.3386	1.3893	3.6497	0.2749	0.8098	3.8355	0.1619	0.7855	3.7538	0.417	
3.967	0.2191	0.8060	3.8314	0.1890	0.0719	3.8654	0.0306	0.3699	4.1495	0.4139	1.4610	3.6213	0.1864	1.1995	3.0995	0.3392	1.3907	3.6494	0.2752	0.8113	3.8371	0.1608	0.7878	3.7571	0.423	
4.033	0.2217	0.8105	3.8342	0.1972	0.0675	3.8638	0.0555	0.3800	4.1496	0.4137	1.4607	3.6216	0.2091	1.1972	3.1095	0.3023	1.3692	3.6356	0.2733	0.8170	3.8427	0.1683	0.7922	3.7588	0.430	
4.133	0.2235	0.8158	3.8356	0.1768	0.0728	3.8615	0.0270	0.3678	4.1278	0.4150	1.4554	3.6166	0.1837	1.1995	3.1069	0.2249	1.4053	3.5480	0.2725	0.8214	3.8434	0.1720	0.7981	3.7600	0.440	
4.200	0.2219	0.8181	3.8340	0.1781	0.0918	3.8623	0.0691	0.3675	4.1744	0.4157	1.4539	3.6033	0.1757	1.1980	3.1059	0.2513	1.4157	3.5689	0.2730	0.8236	3.8410	0.1661	0.8001	3.7586	0.447	
4.267	0.2215	0.8176	3.8327	0.1566	0.0585	3.8388	0.0483	0.3757	4.1340	0.4523	1.4036	3.6227	0.1668	1.1982	3.1047	0.2552	1.4197	3.5715	0.2735	0.8223	3.8390	0.1651	0.7995	3.7577	0.453	
4.333	0.2203	0.8183	3.8299	0.1539	0.0607	3.8357	0.0898	0.3015	4.2283	0.4537	1.4001	3.6208	0.1542	1.1998	3.1088	0.3057	1.4535	3.5688	0.2737	0.8227	3.8345	0.1627	0.8001	3.7565	0.460	
4.400	0.2193	0.8220	3.8264	0.1541	0.0634	3.8336	0.0198	0.3914	4.1373	0.4562	1.4000	3.6170	0.1478	1.1987	3.1010	0.3082	1.4531	3.5684	0.2730	0.8251	3.8313	0.1615	0.8048	3.7532	0.467	
4.467	0.2182	0.8236	3.8253	0.1524	0.0637	3.8361	0.0508	0.3858	4.1363	0.4560	1.4004	3.6152	0.1397	1.1978	3.0986	0.3100	1.4555	3.5641	0.2725	0.8265	3.8301	0.1598	0.8067	3.7523	0.473	
4.533	0.2173	0.8277	3.8212	0.1532	0.0659	3.8334	0.0702	0.3719	4.1702	0.4295	1.4329	3.5881	0.1353	1.1955	3.1067	0.3109	1.4554	3.5621	0.2722	0.8298	3.8251	0.1582	0.8113	3.7492	0.480	
4.600	0.2174	0.8276	3.8214	0.1539	0.0640	3.8368	0.0786	0.3628	4.1861	0.4319	1.4344	3.5861	0.1347	1.1890	3.1117	0.3129	1.4562	3.5619	0.2722	0.8297	3.8250	0.1583	0.8110	3.7502	0.487	
4.667	0.2171	0.8253	3.8203	0.1567	0.0612	3.8355	0.0333	0.3849	4.1330	0.4320	1.4348	3.5842	0.1336	1.1856	3.1055	0.3124	1.4543	3.5603	0.2725	0.8274	3.8235	0.1576	0.8085	3.7492	0.493	
4.733	0.2174	0.8254	3.8203	0.1776	0.0909	3.8534	0.0884	0.3625	4.1900	0.4311	1.4362	3.5822	0.1316	1.1751	3.1025	0.3122	1.4539	3.5569	0.2727	0.8276	3.8231	0.1582	0.8088	3.7495	0.500	
4.800	0.2188	0.8178	3.8226	0.1778	0.0894	3.8549	0.0541	0.3786	4.1394	0.4304	1.4368	3.5807	0.1333	1.1477	3.1004	0.3061	1.4451	3.5617	0.2743	0.8203	3.8251	0.1594	0.8009	3.7522	0.507	
4.867	0.2156	0.8177	3.8245	0.1768	0.0844	3.8604	0.0381	0.3982	4.1294	0.4332	1.4208	3.5738	0.1366	1.1011	3.0905	0.2839	1.4419	3.5431	0.2696	0.8201	3.8240	0.1570	0.8016	3.7571	0.513	
4.933	0.2099	0.8270	3.8236	0.1518	0.0647	3.8380	0.0495	0.3942	4.1266	0.4742	1.3237	3.6185	0.1359	1.0520	3.1188	0.2852	1.4340	3.5328	0.2602	0.8256	3.8168	0.1541	0.8181	3.7633	0.520	
5.033	0.2051	0.8219	3.8312	0.1748	0.0666	3.8677	0.0261	0.3822	4.1467	0.4487	1.2151	3.6266	0.1412	0.9626	3.1751	0.2876	1.4305	3.5257	0.2577	0.8189	3.8117	0.1480	0.8099	3.7896	0.530	
5.100	0.2170	0.8287	3.8351	0.1773	0.0678	3.8677	0.0003	0.3870	4.1327	0.4286	1.1892	3.6019	0.1405	0.9095	3.1953	0.2896	1.4241	3.5252	0.2708	0.8310	3.8229	0.1674	0.8204	3.7783	0.525	
5.167	0.2012	0.8377	3.8353	0.1732	0.0723	3.8639	0.0596	0.3894	4.1352	0.4330	1.1672	3.5539	0.1438	0.8806	3.2232	0.2954	1.4215	3.5204	0.2497	0.8359	3.8341	0.1459	0.8292	3.7689	0.525	
5.267	0.1994	0.8387	3.8342	0.1763	0.0744	3.8637	0.0554	0.3384	4.1880	0.4108	1.1542	3.5419	0.1487	0.8642	3.2226	0.3040	1.4182	3.5164	0.2500	0.8354	3.8331	0.1420	0.8289	3.7675	0.525	
5.333	0.1980	0.8371	3.8327	0.1776	0.0750	3.8656	0.0513	0.3991	4.1129	0.3893	1.1011	3.5588	0.1521	0.8688	3.2193	0.3078	1.4159	3.5141	0.2511	0.8343	3.8316	0.1375	0.8254	3.7652	0.525	
5.400	0.1979	0.8381	3.8313	0.1521	0.0832	3.8361	0.0826	0.3925	4.1500	0.3832	1.0970	3.5573	0.1588	0.8745	3.2062	0.3153	1.4148	3.5103	0.2532	0.8354	3.8276	0.1369	0.8269	3.7654	0.525	
5.467	0.2012	0.8375	3.8262	0.1616	0.0781	3.8392	0.0819	0.3939	4.1472	0.3948	1.0950	3.5804	0.1537	0.8890	3.2142	0.3193	1.4132	3.5097	0.2573	0.8329	3.8211	0.1404	0.8274	3.7621	0.525	
5.533	0.2011	0.8377	3.8250	0.1612	0.0770	3.8415	0.0566	0.3839	4.1537	0.3847	1.1493	3.5860	0.1539	0.8852	3.2161	0.3186	1.4113	3.5100	0.2573	0.8324	3.8214	0.1403	0.8293	3.7582	0.525	
5.600	0.2000	0.8381	3.8242	0.1846	0.0848	3.8624	0.0593	0.3871	4.1454	0.3848	1.1501	3.5848	0.1499	0.8745	3.2323	0.3156	1.4083	3.5101	0.2563	0.8310	3.8210	0.1385	0.8314	3.7575	0.525	
5.667	0.1956	0.8401	3.8273	0.1851	0.0747	3.8638	0.0560	0.3909	4.1276	0.3893	1.1536	3.5878	0.1417	0.8563	3.2500	0.3206	1.4050	3.5077	0.2507	0.8314	3.8267	0.1355	0.8343	3.7596	0.525	
5.733	0.1885	0.8409	3.8304	0.1631	0.0801	3.8342	0.0348	0.3680	4.1430	0.3973	1.1585	3.5971	0.1348	0.8453	3.2558	0.3236	1.3946	3.5112	0.2445	0.8303	3.8279	0.1281	0.8371	3.7654	0.525	
5.800	0.1821	0.8432	3.8338	0.1588	0.0809	3.8427	0.0704	0.3830	4.1526	0.3981	1.1553	3.5979	0.1269	0.8452	3.2529	0.3213	1.3869	3.5176	0.2386	0.8334	3.8308	0.1216	0.8386	3.7702	0.525	
5.867	0.1783	0.8465	3.8371	0.1592	0.0809	3.8463	0.0701	0.3857	4.1625	0.3997	1.1550	3.5971	0.1200	0.8562	3.2322	0.3255	1.3895	3.5092	0.2344	0.8360	3.8356	0.1183	0.8425	3.7719	0.525	
5.933	0.1818	0.8441	3.8334	0.1599	0.0787	3.8474	0.0673	0.3936	4.1515	0.3816	1.0424	3.6416	0.1210	0.8645	3.2198	0.3256	1.3863	3.5111	0.2376	0.8322	3.8315	0.1229	0.8412	3.7677	0.525	
6.000	0.1863	0.8421	3.8305	0.1843	0.0848	3.8629	0.0727	0.3853	4.1708	0.3705	1.0322	3.6293	0.1217	0.8769	3.2138	0.3269	1.3820	3.5149	0.2412	0.8303	3.8286	0.1285	0.8385	3.7643	0.525	
6.067	0.1972	0.8357	3.8267	0.1661	0.0756	3.8425	0.0709	0.3852	4.1664	0.3855	1.0069	3.6560	0.1366	0.8829	3.2207	0.3314	1.3781	3.5207	0.2537	0.8234	3.8213	0.1376	0.8328	3.7637	0.525	
6.133	0.2033	0.8295	3.8251	0.1693	0.0697	3.8428	0.0591	0.3899	4.1550	0.4016	1.1036	3.7117	0.1284	0.8756	3.2354	0.3335	1.3731	3.5264	0.2601	0.8176	3.8224	0.1433	0.8261	3.7604	0.525	
6.200	0.2032	0.8291	3.8233	0.1688	0.0688	3.8416	0.0599	0.3887	4.1556	0.3886	1.0613	3.6686	0.1288	0.8757	3.2431	0.3352	1.3707	3.5291	0.2594	0.8166	3.8217	0.1435	0.8261	3.7563	0.525	
6.267	0.1989	0.8293	3.8231	0.1685	0.0682	3.8415	0.0882	0.3899	4.1346	0.4007	1.0767	3.7126	0.1297	0.8695	3.2516	0.3347	1.3698	3.5306	0.2568	0.8164	3.8223	0.1371	0.8274	3.7555	0.525	
6.333	0.1918	0.8324	3.8256	0.1611	0.0712	3.8445	0.0679	0.3988	4.1463	0.3974	1.0717	3.7020	0.1275	0.8653	3.2546	0.3336	1.3719	3.5311	0.2520	0.8190	3.8236	0.1276	0.8310	3.7598	0.525	
6.367	0.1895	0.8328	3.8266	0.1616	0.0705	3.8425	0.0489	0.3966	4.1402	0.3982	1.0744	3.7024	0.1270	0.8648	3.2532	0.3334	1.3718	3.5317	0.2501	0.8193	3.8242	0.1251	0.8317	3.7613	0.525	
6.433	0.1861	0.8353	3.8283	0.1654	0.0710	3.8391	0.0577	0.3909	4.1518	0.3942	1.0728	3.6982	0.1251	0.8659	3.2476	0.3334	1.3721	3.5317	0.2465	0.8218	3.8258	0.1221	0.8340	3.7631	0.525	
6.567	0.1894	0.8334	3.8284	0.1660	0.0668	3.8495	0.0649	0.3987	4.1458	0.3946	1.0739	3.7008	0.1200	0.8693	3.2509	0.3330	1.3720	3.5323	0.2489	0.8205	3.8269	0.1269	0.8313	3.7624	0.525	
6.633	0.1898	0.8315	3.8274	0.1652	0.0673	3.8445	0.0653	0.3922	4.1537	0.3980	1.0816	3.7019	0.1169	0.8639	3.2584	0.3317	1.3711	3.5333	0.2494	0.8194	3.8271	0.1268	0.8281	3.7592	0.525	
6.667	0.1895	0.8314	3.8279	0.1652	0.0670	3.8450	0.0635	0.3918	4.1595	0.3990	1.0846	3.7017	0.1143	0.8622	3.2665	0.3299	1.3709	3.5325	0.2491	0.8194	3.8284	0.1266	0.8280	3.7594	0.525	
6.733	0.1907	0.8320	3.8295	0.1676	0.0675	3.8440	0.0727	0.3923	4.1781	0.3963	1.0817	3.6911	0.1043	0.8493	3.2911	0.3214	1.3699	3.5292	0.2487	0.8199	3.8281	0.1313	0.8288	3.7650	0.525	
6.800	0.1859	0.8358	3.8315	0.1652	0.0717	3.8419	0.0755	0.3901	4.1826	0.4000	1.0799	3.6921	0.0888	0.8359	3.3197	0.3101	1.3769	3.5071	0.2466	0.8239	3.8285	0.1226	0.8320	3.7674	0.525	
6.867	0.2516	0.8192	3.8213	0.1720	0.0713	3.8393	0.0415	0.3976	4.1855	0.3812	1.1081	3.5916	0.0738	0.7906	3.3432	0.3038	1.3797	3.5007	0.3165	0.8204	3.8098	0.1818	0.8030	3.7660	0.525	
6.933	0.2489	0.8193	3.8230	0.1728	0.0691	3.8454	0.0364	0.3981	4.1830	0.3836	1.1085	3.5889	0.0542	0.7843	3.3784	0.3002	1.3704	3.5118	0.3120	0.8220	3.8139	0.1803	0.8036	3.7640	0.525	
7.000	0.2487	0.8198	3.8235	0.1731	0.0671	3.8466	0.0353	0.4009	4.1812	0.3963	1.1183	3.5779	0.0335	0.7819	3.4154	0.2955	1.3654	3.5133	0.3117	0.8210	3.8165	0.1806	0.8064	3.7622	0.525	
7.100	0.2407	0.8211	3.8244	0.1989	0.0529	3.8547	0.0799	0.4057	4.1652	0.4039	1.1150	3.5662	0.0143	0.7884	3.4426	0.2885	1.3587	3.5131	0.3034	0.8193	3.8176	0.1732	0.8094	3.7632	0.525	
7.167	0.2356	0.8217	3.8275	0.1672	0.0647	3.8376	0.0878	0.3752	4.2016	0.4111	1.1032	3.5629	0.0046	0.7970	3.4505	0.2847	1.3541	3.5171	0.2995	0.8185	3.8181	0.1661	0.8119	3.7705	0.525	
7.233	0.2322	0.8223	3.8287	0.1682	0.0593	3.8432	0.0885	0.3750	4.2022	0.4143	1.0989	3.5603	-0.0029	0.7982	3.4487	0.2830	1.3527	3.5166	0.2956	0.8174	3.8187	0.1633	0.8136	3.7722	0.525	
7.300	0.2278	0.8228	3.8293	0.1797	0.0686	3.8626	0.0830	0.3786	4.2058	0.4141	1.0656	3.5565	-0.0197	0.8353	3.4434	0.2681	1.3487	3.5199	0.2894	0.8150	3.8159	0.1595	0.8167	3.7754	0.525	
7.367	0.2273	0.8219	3.8307	0.1478	0.0563	3.8501	0.0883	0.3818	4.2075	0.4143	1.0627	3.5558	-0.0193	0.8423	3.4333	0.2637	1.3487	3.5195	0.2897	0.8120	3.8145	0.1587	0.8175	3.7825	0.525	
7.433	0.2282	0.8207	3.8306	0.1633	0.0480	3.8523	0.0928	0.3839	4.2097	0.3858	0.9767	3.5949	-0.0152	0.8470	3.4186	0.2633	1.3470	3.5184	0.2903	0.8103	3.8127	0.1616	0.8150	3.7824	0.525	
7.533	0.2284	0.8203	3.8286	0.1660	0.0478	3.8425	0.0844	0.3827	4.2083	0.3830	0.9818	3.5840	0.0058	0.8611	3.3811	0.2622	1.3455	3.5178	0.2906	0.8106	3.8109	0.1618	0.8143	3.7784	0.525	
7.600	0.2297	0.8181	3.8286	0.1706	0.0412	3.8434	0.0814	0.3823	4.2090	0.4258	1.2456	3.5933	0.0282	0.8743	3.3644	0.2625	1.3450	3.5170	0.2918	0.8083	3.8099	0.1634	0.8125	3.7796	0.525	
7.667	0.2265	0.8201	3.8261	0.1767	0.0663	3.8568	0.0712	0.4044	4.1749	0.4087	1.2606	3.5928	0.0335	0.8772	3.3605	0.2610	1.3390	3.5134	0.2889	0.8119	3.8104	0.1585	0.8133	3.7720	0.525	
7.733	0.2267	0.8187	3.8257	0.1696	0.0412	3.8422	0.0918	0.3852	4.2031	0.4061	1.2737	3.5968	0.0391	0.8769	3.3580	0.2628	1.3380	3.5128	0.2892	0.8104	3.8086	0.1592	0.8115	3.7736	0.525	
7.800	0.2267	0.8183	3.8247	0.1678	0.0666	3.8576	0.0697	0.4002	4.1720	0.4056	1.2705	3.5966	0.0449	0.8832	3.3559	0.2636	1.3371	3.5115	0.2891	0.8104	3.8081	0.1599	0.8106	3.7722	0.525	
7.867	0.2185	0.8179	3.8259	0.1575	0.0436	3.8484	0.0372	0.3879	4.2068	0.4054	1.2700	3.6010	0.0509	0.8815	3.3528	0.2645	1.3397	3.5093	0.2778	0.8103	3.8121	0.1546	0.8106	3.7720	0.525	
7.933	0.2155	0.8185	3.8254	0.1625	0.0396	3.8455	0.0275	0.4125	4.1781	0.4054	1.2858	3.5968	0.0517	0.9083	3.3688	0.2642	1.3402	3.5110	0.2753	0.8102	3.8106	0.1513	0.8121	3.7724	0.525	
8.000	0.2129	0.8183	3.8249	0.1606	0.0415	3.8398	0.0723	0.3962	4.1697	0.4075	1.2740	3.6081	0.0528	0.9173	3.3734	0.2683	1.3464	3.5053	0.2740	0.8095	3.8099	0.1471	0.8126	3.7722	0.525	
8.067	0.2133	0.8189	3.8236	0.1733	0.0781	3.8559	0.0782	0.3985	4.1691	0.4022	1.2721	3.6105	0.0546	0.9288	3.3827	0.2634	1.3522	3.4963	0.2747	0.8103	3.8079	0.1475	0.8132	3.7715	0.525	
8.133	0.2130	0.8193	3.8228	0.1764	0.0771	3.8567	0.0729	0.4001	4.1670	0.3951	1.2704	3.6104	0.0704	0.9479	3.4099	0.2623	1.3527	3.5152	0.2751	0.8103	3.8070	0.1464	0.8139	3.7705	0.532	
8.200	0.2123	0.8197	3.8227	0.1771	0.0760	3.8588	0.0716	0.4009	4.1663	0.3917	1.2674	3.6082	0.0511	0.9425	3.4180	0.2621	1.3513	3.5202	0.2744	0.8108	3.8072	0.1456	0.8142	3.7701	0.538	
8.267	0.2118	0.8201	3.8226	0.1587	0.0471	3.8447	0.0693	0.4000	4.1648	0.4063	1.2583	3.5925	0.0647	0.9381	3.4356	0.2541	1.3556	3.5158	0.2742	0.8110	3.8071	0.1449	0.8147	3.7702	0.545	
8.333	0.2087	0.8196	3.8223	0.1707	0.0715	3.8596	0.0755	0.3988	4.1630	0.3895	1.2563	3.5817	0.0675	0.9303	3.4744	0.2557	1.3534	3.5209	0.2721	0.8103	3.8072	0.1410	0.8146	3.7694	0.552	
8.400	0.2028	0.8195	3.8232	0.1626	0.0520	3.8431	0.0793	0.3943	4.1620	0.3870	1.2511	3.5558	0.0629	0.9199	3.4903	0.2556	1.3536	3.5212	0.2660	0.8089	3.8075	0.1353	0.8158	3.7711	0.558	
8.467	0.2023	0.8201	3.8223	0.1614	0.0527	3.8446	0.0810	0.3939	4.1606	0.4024	1.2601	3.5516	0.0544	0.9041	3.4834	0.2596	1.3583	3.5168	0.2647	0.8093	3.8052	0.1358	0.8163	3.7712	0.565	
8.533	0.2001	0.8219	3.8200	0.1758	0.0780	3.8542	0.0305	0.4125	4.1664	0.3823	1.2021	3.5011	0.0547	0.8951	3.4617	0.2635	1.3656	3.5106	0.2609	0.8102	3.8013	0.1349	0.8193	3.7712	0.572	
8.633	0.2033	0.8236	3.8181	0.1767	0.0735	3.8536	0.0324	0.4153	4.1682	0.3964	1.1946	3.5543	0.0515	0.9334	3.4371	0.2660	1.3732	3.5069	0.2657	0.8117	3.7989	0.1373	0.8210	3.7695	0.582	
8.700	0.2039	0.8236	3.8175	0.1604	0.0567	3.8360	0.0346	0.4158	4.1622	0.3963	1.1933	3.5566	0.0517	0.9462	3.4359	0.2676	1.3751	3.5054	0.2666	0.8123	3.7997	0.1381	0.8204	3.7666	0.588	
8.767	0.2084	0.8247	3.8154	0.1768	0.0739	3.8591	0.0802	0.3982	4.1476	0.3911	1.1895	3.5627	0.0798	0.9675	3.4249	0.2725	1.3779	3.5020	0.2722	0.8151	3.8008	0.1423	0.8199	3.7611	0.595	
8.833	0.2096	0.8252	3.8150	0.1749	0.0761	3.8540	0.0227	0.4115	4.1625	0.3818	1.1874	3.5690	0.1090	0.9668	3.4199	0.2760	1.3807	3.4949	0.2728	0.8161	3.8014	0.1441	0.8199	3.7598	0.602	
8.900	0.2111	0.8245	3.8148	0.1768	0.0770	3.8545	0.0377	0.4055	4.1574	0.3806	1.1874	3.5697	0.0737	0.9632	3.4650	0.2764	1.3805	3.4939	0.2735	0.8157	3.8016	0.1459	0.8186	3.7598	0.608	
8.933	0.2110	0.8242	3.8149	0.1768	0.0789	3.8553	0.0457	0.3961	4.1600	0.4179	1.2843	3.6206	0.0842	0.9364	3.4740	0.2769	1.3804	3.4929	0.2734	0.8153	3.8014	0.1456	0.8184	3.7600	0.612	
9.033	0.2120	0.8189	3.8153	0.1602	0.0639	3.8356	0.0537	0.3945	4.1453	0.3353	0.9999	3.5194	0.0779	0.9210	3.4759	0.2763	1.3748	3.4934	0.2752	0.8118	3.7983	0.1450	0.8099	3.7660	0.622	
9.100	0.2084	0.8195	3.8150	0.1865	0.0738	3.8615	0.0496	0.3912	4.1540	0.2972	1.0097	3.5209	0.0757	0.9138	3.4733	0.2718	1.3674	3.5016	0.2718	0.8117	3.7981	0.1411	0.8117	3.7653	0.628	
9.133	0.2089	0.8195	3.8152	0.1681	0.0608	3.8440	0.0398	0.4012	4.1479	0.2985	1.0127	3.5223	0.0709	0.9173	3.4623	0.2720	1.3675	3.5016	0.2727	0.8120	3.7979	0.1414	0.8114	3.7658	0.632	
9.200	0.2090	0.8169	3.8174	0.1660	0.0590	3.8482	0.0407	0.3965	4.1536	0.3019	1.0100	3.5261	0.0723	0.9252	3.4411	0.2805	1.3610	3.5180	0.2734	0.8100	3.8000	0.1410	0.8081	3.7685	0.638	
9.267	0.2107	0.8162	3.8176	0.1640	0.0610	3.8422	0.0379	0.4019	4.1533	0.3011	0.9999	3.5362	0.0789	0.9412	3.4094	0.2814	1.3595	3.5249	0.2756	0.8097	3.8012	0.1425	0.8075	3.7675	0.645	
9.333	0.2104	0.8160	3.8180	0.1658	0.0607	3.8424	0.0446	0.3991	4.1566	0.2928	1.0659	3.5917	0.0794	0.9473	3.4069	0.2823	1.3584	3.5267	0.2751	0.8105	3.8047	0.1416	0.8062	3.7656	0.652	
9.400	0.2065	0.8139	3.8197	0.1854	0.0818	3.8579	0.0523	0.3953	4.1583	0.2907	1.0686	3.6005	0.0756	0.9501	3.4044	0.2827	1.3598	3.5178	0.2722	0.8105	3.8089	0.1371	0.8020	3.7642	0.658	
9.467	0.2083	0.8152	3.8180	0.1676	0.0555	3.8468	0.0689	0.3955	4.1541	0.2849	1.0678	3.6087	0.0782	0.9480	3.4002	0.2893	1.3747	3.4869	0.2723	0.8115	3.8083	0.1417	0.8048	3.7604	0.665	
9.533	0.2099	0.8186	3.8151	0.1625	0.0625	3.8429	0.0458	0.3956	4.1609	0.2832	1.0706	3.6046	0.0593	0.9618	3.4086	0.2880	1.3767	3.4834	0.2731	0.8134	3.8068	0.1439	0.8099	3.7558	0.672	
9.600	0.2126	0.8204	3.8139	0.1602	0.0651	3.8429	0.0765	0.3959	4.1380	0.2804	1.0720	3.5989	0.1122	0.9787	3.4035	0.2886	1.3791	3.4782	0.2745	0.8150	3.8060	0.1477	0.8115	3.7541	0.678	
9.667	0.2129	0.8238	3.8115	0.1626	0.0674	3.8425	0.0438	0.3911	4.1625	0.3746	0.9350	3.6258	0.0842	0.9797	3.3767	0.2877	1.3797	3.4771	0.2750	0.8187	3.8058	0.1474	0.8148	3.7492	0.685	
9.733	0.2116	0.8252	3.8110	0.1629	0.0683	3.8415	0.0859	0.4047	4.1340	0.3688	0.9340	3.6143	0.0863	0.9843	3.3729	0.2868	1.3794	3.4769	0.2733	0.8202	3.8069	0.1461	0.8162	3.7470	0.692	
9.800	0.2135	0.8259	3.8093	0.1775	0.0789	3.8605	0.0851	0.4048	4.1315	0.3787	0.9430	3.6362	0.1214	0.9940	3.4267	0.2862	1.3788	3.4766	0.2750	0.8210	3.8055	0.1484	0.8164	3.7454	0.698	
9.867	0.2128	0.8259	3.8089	0.1663	0.0685	3.8395	0.0692	0.4057	4.1336	0.3789	0.9461	3.6333	0.0856	0.9677	3.3998	0.2852	1.3777	3.4774	0.2754	0.8202	3.8044	0.1447	0.8176	3.7455	0.705	
9.933	0.2109	0.8246	3.8083	0.1643	0.0687	3.8362	0.0754	0.4032	4.1339	0.3786	0.9697	3.6493	0.0851	0.9543	3.3878	0.2843	1.3767	3.4779	0.2752	0.8170	3.8017	0.1405	0.8172	3.7465	0.712	
10.000	0.2099	0.8244	3.8090	0.1662	0.0652	3.8373	0.0772	0.4037	4.1349	0.3276	0.9209	3.6857	0.0509	0.9736	3.3627	0.2811	1.3759	3.4801	0.2737	0.8168	3.8027	0.1403	0.8172	3.7473	0.718	
10.067	0.2088	0.8287	3.8077	0.1772	0.0848	3.8576	0.0390	0.4061	4.1625	0.3314	0.9292	3.6939	0.0700	0.9955	3.2919	0.2811	1.3783	3.4805	0.2725	0.8209	3.8017	0.1397	0.8218	3.7461	0.725	
10.133	0.2068	0.8330	3.8063	0.1754	0.0824	3.8576	0.0460	0.4018	4.1696	0.3186	0.8931	3.6595	0.0615	1.0085	3.2803	0.2855	1.3820	3.4796	0.2693	0.8269	3.8027	0.1392	0.8255	3.7422	0.732	
10.200	0.1997	0.8418	3.8012	0.1727	0.0900	3.8476	0.0551	0.3938	4.1742	0.3119	0.8874	3.6452	0.0844	1.0376	3.2483	0.2913	1.3850	3.4814	0.2598	0.8393	3.8073	0.1335	0.8323	3.7242	0.738	
10.267	0.1984	0.8460	3.7979	0.1596	0.0940	3.8601	0.0317	0.3929	4.1683	0.3087	0.8916	3.6453	0.1314	1.0580	3.2115	0.2906	1.3882	3.4940	0.2577	0.8437	3.8074	0.1342	0.8350	3.7189	0.745	
10.333	0.2048	0.7993	3.8147	0.1801	0.0860	3.8457	0.0504	0.3995	4.1467	0.3035	0.9212	3.6501	0.1428	1.0616	3.1976	0.3007	1.3884	3.5013	0.2693	0.7902	3.7942	0.1376	0.7961	3.7674	0.752	
10.400	0.2030	0.7977	3.8152	0.1773	0.0846	3.8622	0.0497	0.3974	4.1442	0.2928	0.9097	3.6570	0.1553	1.0629	3.1545	0.3051	1.3774	3.5234	0.2684	0.7871	3.7924	0.1345	0.7934	3.7694	0.758	
10.467	0.2020	0.7963	3.8146	0.1790	0.0848	3.8579	0.0563	0.3947	4.1431	0.2789	0.8886	3.6791	0.1203	1.0559	3.1520	0.3115	1.3773	3.5267	0.2677	0.7852	3.7895	0.1327	0.7918	3.7710	0.765	
10.533	0.2018	0.7964	3.8142	0.1797	0.0845	3.8523	0.0558	0.3974	4.1367	0.2783	0.8881	3.6810	0.1676	1.0745	3.0707	0.3245	1.3846	3.5257	0.2676	0.7853	3.7871	0.1322	0.7930	3.7714	0.772	
10.600	0.2004	0.7979	3.8139	0.1768	0.0852	3.8595	0.0216	0.3751	4.1762	0.2764	0.8882	3.6831	0.1488	1.0831	3.0705	0.3232	1.3925	3.5191	0.2652	0.7880	3.7886	0.1313	0.7939	3.7703	0.778	
10.667	0.1966	0.7993	3.8136	0.1793	0.0837	3.8564	0.0369	0.3993	4.1245	0.2733	0.8883	3.6845	0.1621	1.0819	3.0632	0.3090	1.4053	3.5108	0.2609	0.7909	3.7902	0.1282	0.7942	3.7690	0.785	
10.733	0.1964	0.8022	3.8102	0.1824	0.0960	3.8561	0.0949	0.3741	4.1447	0.2680	0.8861	3.6855	0.1698	1.0884	3.0771	0.3105	1.4044	3.5115	0.2598	0.7954	3.7885	0.1297	0.7965	3.7641	0.792	
10.800	0.1878	0.7818	3.8139	0.1647	0.0413	3.8466	0.0940	0.3651	4.1578	0.2792	0.7381	3.7318	0.1733	1.0995	3.0755	0.2787	1.3474	3.5437	0.2495	0.7694	3.7900	0.1228	0.7808	3.7692	0.798	
10.867	0.1919	0.7843	3.8139	0.1437	0.0535	3.8470	0.0727	0.3973	4.1312	0.2831	0.8814	3.6804	0.1952	1.1015	3.0719	0.2847	1.3604	3.5379	0.2530	0.7721	3.7933	0.1283	0.7831	3.7669	0.805	
10.933	0.2117	0.7680	3.8246	0.1774	0.0280	3.8603	0.0537	0.3862	4.1508	0.2847	0.8981	3.6678	0.1849	1.0831	3.0993	0.2729	1.3295	3.5505	0.2763	0.7664	3.8131	0.1460	0.7537	3.7696	0.812	
11.000	0.2156	0.7616	3.8290	0.1754	0.0261	3.8653	0.0595	0.3919	4.1472	0.2997	0.9295	3.6506	0.1768	1.0927	3.0818	0.2715	1.3143	3.5560	0.2810	0.7640	3.8168	0.1473	0.7442	3.7740	0.818	
11.067	0.2183	0.7617	3.8299	0.1736	0.0252	3.8647	0.0536	0.3893	4.1563	0.3025	0.9328	3.6510	0.1287	1.0891	3.1257	0.2709	1.3125	3.5560	0.2831	0.7652	3.8229	0.1511	0.7437	3.7711	0.825	
11.133	0.2060	0.8139	3.8130	0.1648	0.0685	3.8394	0.0892	0.3536	4.1514	0.3199	0.9104	3.6635	0.1136	1.0734	3.1942	0.3021	1.3590	3.5106	0.2628	0.8006	3.7849	0.1461	0.8129	3.7728	0.832	
11.200	0.2078	0.8128	3.8129	0.1809	0.0845	3.8533	0.0534	0.3950	4.1455	0.3706	0.9654	3.6568	0.1423	0.9870	3.1484	0.3027	1.3569	3.5117	0.2670	0.7970	3.7766	0.1480	0.8111	3.7792	0.838	
11.267	0.2128	0.8057	3.8123	0.1705	0.0576	3.8441	0.0576	0.3986	4.1414	0.3659	0.9264	3.6299	0.1044	1.0077	3.2117	0.3076	1.3506	3.5183	0.2719	0.7922	3.7747	0.1511	0.8031	3.7816	0.845	
11.333	0.2108	0.8177	3.8070	0.1691	0.0688	3.8407	0.0548	0.3937	4.1607	0.3701	0.9305	3.6345	0.1114	0.9926	3.2021	0.3098	1.3527	3.5209	0.2663	0.8150	3.7958	0.1489	0.8228	3.7350	0.852	
11.433	0.2102	0.8265	3.8042	0.1673	0.0712	3.8379	0.0819	0.4201	4.1354	0.3765	0.9338	3.6390	0.1114	0.9915	3.2032	0.3112	1.3567	3.5084	0.2673	0.8189	3.7976	0.1483	0.8242	3.7355	0.862	
11.533	0.2108	0.8280	3.8039	0.1855	0.1032	3.8475	0.0602	0.4047	4.1774	0.3780	0.9317	3.6354	0.1092	0.9903	3.1997	0.3132	1.3570	3.5039	0.2686	0.8203	3.7990	0.1485	0.8245	3.7358	0.872	
11.633	0.2241	0.8272	3.8040	0.1845	0.0871	3.8553	0.0661	0.4210	4.1348	0.3806	0.9299	3.6317	0.1039	0.9920	3.2074	0.3261	1.3633	3.5005	0.2834	0.8195	3.7993	0.1611	0.8209	3.7404	0.882	
11.733	0.2197	0.8289	3.8031	0.1906	0.0846	3.8520	0.0778	0.4226	4.1357	0.3889	0.9315	3.6339	0.1260	0.9733	3.2445	0.3190	1.3633	3.4960	0.2792	0.8208	3.7991	0.1559	0.8229	3.7391	0.875	
11.800	0.2196	0.8297	3.8023	0.1879	0.0838	3.8582	0.0864	0.3960	4.1859	0.3677	0.9187	3.6533	0.0627	0.9904	3.2397	0.3154	1.3643	3.4950	0.2800	0.8217	3.7974	0.1555	0.8234	3.7391	0.875	
11.867	0.2190	0.8303	3.8024	0.1890	0.0840	3.8538	0.0566	0.4019	4.1724	0.3673	0.9313	3.6710	0.0675	0.9877	3.2409	0.3121	1.3667	3.4912	0.2795	0.8221	3.7974	0.1547	0.8243	3.7395	0.875	
11.933	0.2181	0.8313	3.8028	0.1866	0.0840	3.8538	0.0572	0.4064	4.1586	0.3678	0.9264	3.6699	0.0673	0.9830	3.2419	0.3106	1.3712	3.4861	0.2789	0.8225	3.7975	0.1534	0.8260	3.7404	0.875	
12.000	0.2183	0.8316	3.8020	0.1683	0.0779	3.8360	0.0849	0.4168	4.1291	0.3662	0.9198	3.6672	0.0606	0.9940	3.2336	0.3102	1.3735	3.4837	0.2799	0.8222	3.7959	0.1531	0.8267	3.7403	0.875	
12.067	0.2183	0.8320	3.8017	0.1889	0.1064	3.8472	0.0814	0.4206	4.1320	0.3673	0.9214	3.6684	0.0576	0.9951	3.2325	0.3110	1.3772	3.4825	0.2797	0.8226	3.7954	0.1532	0.8269	3.7401	0.875	
12.167	0.2175	0.8321	3.8011	0.1700	0.0762	3.8344	0.0902	0.4150	4.1283	0.2844	0.9460	3.6289	0.0548	0.9972	3.2295	0.3110	1.3804	3.4800	0.2796	0.8231	3.7939	0.1514	0.8262	3.7407	0.875	
12.233	0.2184	0.8324	3.7995	0.1844	0.0853	3.8494	0.0812	0.4197	4.1299	0.2857	0.9485	3.6305	0.0543	1.0117	3.2208	0.3113	1.3817	3.4792	0.2807	0.8229	3.7917	0.1522	0.8271	3.7396	0.875	
12.300	0.2187	0.8334	3.7981	0.1855	0.0835	3.8514	0.0837	0.4224	4.1294	0.2662	0.9481	3.6119	0.0540	1.0266	3.2141	0.3129	1.3832	3.4771	0.2806	0.8236	3.7906	0.1530	0.8283	3.7379	0.875	
12.400	0.2203	0.8343	3.7975	0.1827	0.0839	3.8459	0.0793	0.4228	4.1266	0.2710	0.9521	3.6150	0.0628	1.0100	3.2337	0.3123	1.3839	3.4764	0.2818	0.8249	3.7903	0.1553	0.8288	3.7368	0.875	
12.467	0.2300	0.8354	3.7929	0.1845	0.0843	3.8460	0.0796	0.4273	4.1238	0.2731	0.9556	3.6120	0.0614	1.0149	3.2339	0.3115	1.3853	3.4746	0.2943	0.8269	3.7859	0.1615	0.8295	3.7321	0.875	
12.533	0.2272	0.8373	3.7916	0.1835	0.0836	3.8549	0.0760	0.4293	4.1230	0.2754	0.9561	3.6101	0.0580	1.0280	3.2281	0.3110	1.3858	3.4737	0.2926	0.8278	3.7850	0.1575	0.8324	3.7305	0.875	
12.600	0.2242	0.8384	3.7897	0.1840	0.0878	3.8540	0.0755	0.3999	4.1759	0.2807	0.9846	3.6240	0.0632	1.0419	3.2261	0.3107	1.3867	3.4718	0.2897	0.8281	3.7831	0.1546	0.8340	3.7289	0.875	
12.667	0.2238	0.8383	3.7886	0.1864	0.0864	3.8503	0.0763	0.3837	4.1856	0.2825	0.9869	3.6233	0.0621	1.0373	3.2269	0.3115	1.3866	3.4716	0.2894	0.8279	3.7815	0.1541	0.8339	3.7279	0.875	
12.733	0.2235	0.8385	3.7880	0.1849	0.0831	3.8532	0.0631	0.3975	4.1786	0.2984	1.0126	3.6087	0.1066	1.0538	3.2107	0.3120	1.3870	3.4703	0.2891	0.8279	3.7813	0.1536	0.8345	3.7271	0.875	
12.767	0.2234	0.8386	3.7879	0.2046	0.0792	3.8504	0.0632	0.3976	4.1785	0.2983	1.0136	3.6080	0.1070	1.0542	3.2102	0.3127	1.3876	3.4692	0.2891	0.8279	3.7812	0.1535	0.8347	3.7270	0.875	
12.867	0.2253	0.8257	3.7915	0.1880	0.0846	3.8510	0.0802	0.4137	4.1345	0.2892	0.9540	3.5988	0.1305	1.0644	3.1919	0.3149	1.3873	3.4670	0.2949	0.8064	3.7704	0.1527	0.8228	3.7477	0.875	
12.933	0.2250	0.8241	3.7916	0.1876	0.0849	3.8504	0.0907	0.3868	4.1755	0.2906	0.9551	3.5964	0.1427	1.0822	3.1701	0.3157	1.3893	3.4666	0.2944	0.8056	3.7700	0.1525	0.8227	3.7476	0.875	
13.033	0.2241	0.8226	3.7923	0.1873	0.0847	3.8529	0.0882	0.3852	4.1806	0.2896	0.9554	3.5922	0.1538	1.1147	3.1233	0.3159	1.3954	3.4646	0.2897	0.8046	3.7708	0.1535	0.8222	3.7481	0.875	
13.100	0.2254	0.8227	3.7870	0.1870	0.0856	3.8496	0.0874	0.3854	4.1804	0.3022	0.9696	3.5916	0.1529	1.1242	3.0859	0.3166	1.3995	3.4628	0.2911	0.8057	3.7681	0.1548	0.8229	3.7372	0.875	
13.167	0.2288	0.8017	3.8004	0.1863	0.0855	3.8532	0.0896	0.3836	4.1817	0.2784	1.0005	3.5881	0.1534	1.1260	3.0789	0.3185	1.4011	3.4605	0.2925	0.7951	3.7804	0.1621	0.7947	3.7501	0.875	
13.233	0.2276	0.8051	3.7988	0.1844	0.0825	3.8493	0.0960	0.3826	4.1820	0.2325	0.9797	3.5464	0.1544	1.1227	3.0841	0.3182	1.4008	3.4608	0.2911	0.7963	3.7793	0.1609	0.8015	3.7488	0.875	
13.267	0.2282	0.8074	3.7946	0.1899	0.0810	3.8479	0.0954	0.3834	4.1826	0.2421	0.9790	3.5627	0.1584	1.1093	3.1054	0.3183	1.3997	3.4623	0.2921	0.7967	3.7722	0.1610	0.8047	3.7471	0.875	
13.367	0.2286	0.8146	3.7908	0.1876	0.0833	3.8534	0.0966	0.3793	4.1890	0.2822	0.9466	3.6088	0.1540	1.0973	3.1306	0.3168	1.3909	3.4664	0.2913	0.8014	3.7657	0.1622	0.8145	3.7471	0.875	
13.433	0.2291	0.8154	3.7903	0.1889	0.0825	3.8560	0.0920	0.4148	4.1386	0.2990	0.9242	3.6436	0.1538	1.1001	3.1339	0.3175	1.3805	3.4644	0.2914	0.8014	3.7648	0.1630	0.8157	3.7473	0.875	
13.500	0.2292	0.8154	3.7904	0.1911	0.0836	3.8480	0.1021	0.3865	4.1844	0.3124	0.9692	3.6185	0.1480	1.1272	3.1361	0.3190	1.3776	3.4626	0.2914	0.8012	3.7648	0.1632	0.8157	3.7477	0.875	
13.567	0.2367	0.7973	3.7999	0.1854	0.0828	3.8510	0.0619	0.3903	4.1856	0.2770	0.9485	3.6116	0.1459	1.1250	3.1376	0.3096	1.3597	3.4843	0.3029	0.7887	3.7847	0.1677	0.7865	3.7486	0.875	
13.633	0.2310	0.7910	3.8078	0.1749	0.0505	3.8459	0.0729	0.3889	4.1876	0.2812	0.9486	3.6107	0.1036	1.1337	3.1542	0.3065	1.3550	3.4824	0.2971	0.7841	3.7909	0.1617	0.7820	3.7572	0.875	
13.700	0.2328	0.7891	3.8085	0.1742	0.0490	3.8467	0.0682	0.4017	4.1652	0.2858	0.9496	3.6097	0.0787	1.1035	3.1717	0.3026	1.3431	3.5017	0.2995	0.7821	3.7904	0.1633	0.7806	3.7591	0.875	
13.767	0.2210	0.8085	3.8069	0.1724	0.0586	3.8454	0.0735	0.4091	4.1528	0.3150	0.9957	3.6490	0.0268	1.0775	3.2274	0.2941	1.3376	3.5117	0.2856	0.7932	3.7839	0.1519	0.8152	3.7637	0.875	
13.833	0.2204	0.8096	3.8074	0.1779	0.0582	3.8428	0.0722	0.4105	4.1541	0.3146	0.9950	3.6497	0.0033	1.0291	3.2846	0.2909	1.3373	3.5116	0.2844	0.7950	3.7849	0.1523	0.8144	3.7635	0.875	
13.900	0.2220	0.8097	3.8084	0.1732	0.0609	3.8410	0.0731	0.4102	4.1553	0.3154	0.9936	3.6487	-0.0247	0.9700	3.3730	0.2898	1.3361	3.5099	0.2860	0.7957	3.7858	0.1543	0.8125	3.7649	0.875	
14.000	0.2221	0.8102	3.8100	0.1987	0.1095	3.8525	0.0846	0.4086	4.1564	0.3248	0.9964	3.6466	-0.0546	0.8917	3.5529	0.2897	1.3324	3.5056	0.2862	0.7959	3.7862	0.1543	0.8120	3.7677	0.875	
14.067	0.2226	0.8114	3.8112	0.1760	0.0628	3.8412	0.0828	0.4084	4.1576	0.3250	0.9800	3.6237	-0.0535	0.8620	3.6019	0.2889	1.3293	3.5025	0.2867	0.7962	3.7858	0.1546	0.8143	3.7718	0.875	
14.133	0.2241	0.8123	3.8116	0.1760	0.0645	3.8390	0.0729	0.4105	4.1592	0.3307	1.0451	3.5697	-0.0406	0.8611	3.6105	0.2818	1.3273	3.4992	0.2887	0.7967	3.7840	0.1563	0.8153	3.7736	0.875	
14.200	0.2253	0.8123	3.8123	0.1797	0.0641	3.8432	0.0836	0.3968	4.1860	0.3307	1.0484	3.5638	-0.0298	0.8626	3.5955	0.2738	1.3275	3.5000	0.2905	0.7968	3.7836	0.1571	0.8146	3.7751	0.875	
14.267	0.2257	0.8127	3.8133	0.1742	0.0660	3.8425	0.0850	0.3928	4.1887	0.3182	0.9844	3.5595	-0.0252	0.8578	3.5834	0.2655	1.3280	3.5023	0.2908	0.7968	3.7836	0.1573	0.8157	3.7775	0.875	
14.333	0.2257	0.8129	3.8134	0.1745	0.0623	3.8407	0.0743	0.4102	4.1613	0.3058	0.9717	3.5758	-0.0239	0.8823	3.5528	0.2648	1.3279	3.5019	0.2912	0.7967	3.7831	0.1570	0.8159	3.7779	0.875	
14.400	0.2257	0.8127	3.8135	0.1747	0.0617	3.8456	0.0722	0.4096	4.1613	0.3139	0.9813	3.5605	-0.0188	0.8924	3.5352	0.2631	1.3281	3.5007	0.2914	0.7963	3.7827	0.1568	0.8155	3.7782	0.875	
14.467	0.2264	0.8118	3.8118	0.1670	0.0666	3.8381	0.0729	0.4103	4.1602	0.3036	0.9779	3.5850	-0.0126	0.9035	3.5332	0.2633	1.3272	3.4996	0.2922	0.7960	3.7816	0.1568	0.8135	3.7747	0.875	
14.533	0.2302	0.8097	3.8079	0.1737	0.0646	3.8398	0.0783	0.4095	4.1574	0.3257	0.9777	3.6030	0.0287	0.8487	3.5367	0.2637	1.3270	3.4978	0.2961	0.7958	3.7791	0.1608	0.8084	3.7688	0.875	
14.600	0.2306	0.8091	3.8073	0.1976	0.0551	3.8502	0.0881	0.3926	4.1861	0.3301	0.9862	3.6140	0.0349	0.8486	3.5371	0.2648	1.3256	3.4992	0.2966	0.7954	3.7786	0.1608	0.8079	3.7677	0.875	
14.667	0.2309	0.8085	3.8055	0.1754	0.0662	3.8345	0.0795	0.4091	4.1552	0.3188	0.9838	3.6179	0.0371	0.8308	3.5213	0.2666	1.3261	3.4981	0.2972	0.7954	3.7776	0.1607	0.8070	3.7650	0.875	
14.767	0.2326	0.8073	3.8044	0.1769	0.0666	3.8431	0.0912	0.3818	4.1925	0.3182	0.9897	3.6249	0.0379	0.8701	3.4882	0.2691	1.3266	3.4972	0.2989	0.7949	3.7773	0.1623	0.8048	3.7628	0.875	
14.833	0.2360	0.8072	3.8030	0.1785	0.0661	3.8445	0.0782	0.4087	4.1490	0.3188	0.9902	3.6254	0.0376	0.8793	3.4150	0.2737	1.3296	3.4976	0.3022	0.7954	3.7768	0.1659	0.8040	3.7604	0.868	
14.900	0.2365	0.8079	3.8017	0.1816	0.0661	3.8434	0.0856	0.4070	4.1448	0.3150	0.9898	3.6238	0.0437	0.9160	3.3612	0.2842	1.3369	3.4882	0.3026	0.7968	3.7768	0.1666	0.8038	3.7571	0.862	
14.967	0.2358	0.8100	3.8017	0.1760	0.0704	3.8415	0.0858	0.4089	4.1423	0.3132	0.9805	3.6410	0.0462	0.9229	3.3516	0.2964	1.3495	3.4732	0.3020	0.8005	3.7807	0.1660	0.8058	3.7536	0.855	
15.033	0.2353	0.8106	3.8009	0.1790	0.0688	3.8444	0.0841	0.4089	4.1402	0.3089	0.9792	3.6483	0.0510	0.9097	3.3314	0.3076	1.3514	3.4804	0.3010	0.8014	3.7827	0.1652	0.8061	3.7483	0.848	
15.100	0.2127	0.8120	3.7965	0.2062	0.0574	3.8500	0.0745	0.3972	4.1586	0.2975	0.9502	3.6688	0.0953	0.8732	3.2447	0.3130	1.3492	3.4869	0.2783	0.8013	3.7878	0.1414	0.8084	3.7345	0.842	
15.167	0.2252	0.8077	3.8022	0.1824	0.0637	3.8507	0.0471	0.3899	4.1257	0.3024	1.0368	3.6579	0.1205	0.8563	3.2243	0.3258	1.3471	3.5023	0.2869	0.8021	3.7923	0.1618	0.7963	3.7451	0.835	
15.268	0.2277	0.8027	3.8043	0.1854	0.0670	3.8410	0.0686	0.3950	4.1436	0.2778	0.9819	3.6890	0.1239	0.8764	3.2365	0.3387	1.3520	3.4973	0.2891	0.7982	3.7951	0.1638	0.7916	3.7471	0.825	
15.333	0.2284	0.8024	3.8044	0.1734	0.0708	3.8437	0.0789	0.3146	4.2185	0.2884	0.9944	3.6906	0.1326	0.8763	3.2360	0.3393	1.3516	3.4945	0.2907	0.7990	3.7958	0.1635	0.7911	3.7469	0.818	
15.400	0.2364	0.8003	3.8088	0.1748	0.0689	3.8452	0.0828	0.3756	4.1820	0.2938	1.0066	3.6873	0.1382	0.8784	3.2339	0.3401	1.3505	3.4947	0.2994	0.7989	3.7987	0.1703	0.7863	3.7530	0.812	
15.500	0.2400	0.7986	3.8119	0.1809	0.0643	3.8535	0.0586	0.3975	4.1351	0.2932	1.0049	3.6977	0.1474	0.8806	3.2359	0.3394	1.3479	3.4950	0.3035	0.7989	3.8017	0.1727	0.7836	3.7552	0.802	
15.600	0.2446	0.8017	3.8101	0.1840	0.0646	3.8520	0.0757	0.3905	4.1538	0.3001	1.0326	3.6696	0.1504	0.8824	3.2364	0.3385	1.3473	3.4951	0.3067	0.8003	3.8021	0.1798	0.7895	3.7496	0.792	
15.667	0.2388	0.7997	3.8094	0.1833	0.0619	3.8508	0.0820	0.3849	4.1591	0.3088	1.0904	3.6229	0.1496	0.8831	3.2414	0.3367	1.3455	3.4916	0.2950	0.7957	3.8026	0.1774	0.7889	3.7487	0.785	
15.733	0.2379	0.7989	3.8095	0.1964	0.0927	3.8604	0.0571	0.3901	4.1371	0.2991	1.0460	3.6556	0.1476	0.8832	3.2438	0.3379	1.3431	3.4916	0.2941	0.7948	3.8023	0.1767	0.7884	3.7489	0.778	
15.800	0.2360	0.7954	3.8084	0.1845	0.0521	3.8530	0.0789	0.3841	4.1699	0.3010	1.0436	3.6544	0.1462	0.8812	3.2418	0.3420	1.3407	3.4871	0.2915	0.7904	3.8027	0.1755	0.7858	3.7469	0.772	
15.867	0.2357	0.7947	3.8081	0.1870	0.0482	3.8568	0.0614	0.3847	4.1734	0.3023	1.0408	3.6518	0.1379	0.8870	3.2481	0.3678	1.3237	3.5141	0.2909	0.7879	3.8045	0.1751	0.7862	3.7446	0.765	
15.933	0.2361	0.7933	3.8084	0.1500	0.0677	3.8382	0.0612	0.3847	4.1737	0.3073	1.0485	3.6489	0.1377	0.8850	3.2449	0.3643	1.3223	3.5085	0.2914	0.7857	3.8051	0.1758	0.7856	3.7446	0.758	
16.000	0.2362	0.7911	3.8082	0.1916	0.0929	3.8547	0.0563	0.3907	4.1577	0.3075	1.0451	3.6518	0.1385	0.8831	3.2409	0.3621	1.3221	3.5068	0.2914	0.7823	3.8048	0.1760	0.7847	3.7444	0.752	
16.067	0.2354	0.7891	3.8093	0.1859	0.0468	3.8611	0.0566	0.3877	4.1637	0.3086	1.0385	3.6495	0.1378	0.8827	3.2395	0.3624	1.3225	3.5081	0.2917	0.7808	3.8050	0.1738	0.7823	3.7473	0.745	
16.133	0.2343	0.7878	3.8102	0.1843	0.0482	3.8550	0.0752	0.3899	4.1629	0.3077	1.0364	3.6496	0.1357	0.8857	3.2416	0.3631	1.3217	3.5094	0.2915	0.7802	3.8052	0.1721	0.7807	3.7487	0.738	
16.200	0.2341	0.7860	3.8102	0.1832	0.0485	3.8531	0.0724	0.3879	4.1633	0.3097	0.9856	3.7027	0.1403	0.8782	3.2328	0.3679	1.3256	3.5091	0.2917	0.7788	3.8052	0.1716	0.7788	3.7486	0.732	
16.300	0.2375	0.7864	3.8105	0.1895	0.0486	3.8530	0.0735	0.3870	4.1643	0.3025	0.9739	3.6981	0.1262	0.8770	3.2353	0.3723	1.3268	3.5069	0.2963	0.7818	3.8062	0.1754	0.7774	3.7480	0.722	
16.367	0.2401	0.7913	3.8071	0.1880	0.0554	3.8496	0.0703	0.3723	4.1872	0.3051	0.9776	3.6980	0.1194	0.9199	3.2015	0.3690	1.3283	3.5056	0.2978	0.7861	3.8051	0.1787	0.7828	3.7412	0.715	
16.433	0.2435	0.7992	3.8019	0.1854	0.0600	3.8557	0.0735	0.3832	4.1726	0.3064	0.9800	3.6996	0.1178	0.9720	3.1765	0.3634	1.3389	3.5121	0.3008	0.7923	3.8018	0.1821	0.7929	3.7327	0.708	
16.500	0.2444	0.8198	3.7891	0.1848	0.0805	3.8433	0.0750	0.3896	4.1625	0.3038	0.9796	3.6977	0.1254	0.9870	3.1654	0.3405	1.3412	3.4900	0.3002	0.8154	3.7951	0.1843	0.8110	3.7141	0.702	
16.567	0.2418	0.7949	3.7947	0.1852	0.0465	3.8583	0.0645	0.3919	4.1648	0.3034	0.9751	3.6887	0.1740	1.0169	3.0792	0.3367	1.3517	3.4782	0.3042	0.7655	3.7825	0.1747	0.7971	3.7390	0.695	
16.633	0.2445	0.7929	3.7922	0.1866	0.0547	3.8451	0.0518	0.3934	4.1622	0.2996	0.9891	3.6652	0.1745	1.0256	3.0710	0.3445	1.3565	3.4733	0.3071	0.7691	3.7738	0.1777	0.7965	3.7401	0.688	
16.700	0.2470	0.7954	3.7888	0.1961	0.0526	3.8527	0.0725	0.3664	4.2054	0.3093	1.0268	3.6528	0.1908	1.0569	3.0310	0.3378	1.3645	3.4711	0.3078	0.7727	3.7692	0.1829	0.8011	3.7390	0.682	
16.800	0.2498	0.7948	3.7903	0.1802	0.0606	3.8443	0.0658	0.3921	4.1663	0.3022	0.9667	3.6654	0.1693	1.0595	3.0581	0.3388	1.3680	3.4737	0.3095	0.7738	3.7692	0.1873	0.7989	3.7448	0.672	
16.867	0.2477	0.7928	3.7933	0.1867	0.0580	3.8450	0.0761	0.4241	4.1155	0.3014	0.9692	3.6673	0.1743	1.0559	3.0255	0.3364	1.3675	3.4769	0.3079	0.7742	3.7704	0.1832	0.7953	3.7498	0.665	
16.933	0.2484	0.7936	3.7887	0.1972	0.0551	3.8420	0.0613	0.3897	4.1628	0.3021	0.9670	3.6769	0.1583	1.0806	3.0815	0.3435	1.3737	3.4673	0.3087	0.7743	3.7682	0.1838	0.7979	3.7427	0.658	
17.000	0.2459	0.7891	3.7929	0.1719	0.0698	3.8240	0.0951	0.3628	4.1978	0.2929	0.9880	3.6717	0.1550	1.0590	3.0816	0.3504	1.3748	3.4636	0.3060	0.7742	3.7680	0.1816	0.7853	3.7546	0.652	
17.033	0.2445	0.7883	3.7947	0.1702	0.0720	3.8218	0.0974	0.3182	4.2405	0.2920	0.9928	3.6710	0.1668	1.0609	3.0495	0.3516	1.3702	3.4655	0.3038	0.7749	3.7693	0.1810	0.7842	3.7558	0.648	
17.133	0.2412	0.7847	3.8004	0.1970	0.0899	3.8411	0.0761	0.2799	4.2765	0.2881	1.0013	3.6619	0.1640	1.0502	3.0693	0.3479	1.3733	3.4605	0.2996	0.7743	3.7720	0.1792	0.7796	3.7633	0.638	
17.233	0.2441	0.7973	3.7875	0.1826	0.0716	3.8395	0.0607	0.3940	4.1585	0.3049	1.0532	3.6527	0.1805	1.0291	3.0335	0.3446	1.3692	3.4601	0.3025	0.7868	3.7550	0.1820	0.7960	3.7520	0.628	
17.333	0.2445	0.8030	3.7831	0.1803	0.0782	3.8224	0.0732	0.3818	4.1877	0.3028	1.0581	3.6396	0.1530	1.0480	3.0341	0.3284	1.3707	3.4560	0.3034	0.7893	3.7527	0.1811	0.8038	3.7458	0.618	
17.400	0.2452	0.8040	3.7811	0.2035	0.0887	3.8458	0.0641	0.3911	4.1748	0.3031	1.0560	3.6389	0.1541	1.0458	3.0276	0.3214	1.3690	3.4516	0.3054	0.7906	3.7526	0.1810	0.8042	3.7383	0.612	
17.467	0.2439	0.8099	3.7779	0.1810	0.0784	3.8271	0.0619	0.3937	4.1742	0.3170	1.1077	3.5908	0.1239	1.0467	3.0491	0.3177	1.3720	3.4413	0.3053	0.7949	3.7509	0.1782	0.8109	3.7358	0.605	
17.533	0.2436	0.8102	3.7772	0.1845	0.0751	3.8354	0.0785	0.3687	4.1956	0.3085	1.0936	3.5811	0.1171	1.0540	3.0238	0.3115	1.3729	3.4377	0.3053	0.7953	3.7508	0.1774	0.8108	3.7345	0.598	
17.600	0.2432	0.8106	3.7762	0.1812	0.0757	3.8314	0.0603	0.3949	4.1691	0.3082	1.0899	3.5759	0.0980	1.0496	3.0406	0.3069	1.3744	3.4340	0.3054	0.7955	3.7505	0.1762	0.8115	3.7330	0.592	
17.667	0.2496	0.8090	3.7744	0.1810	0.0767	3.8258	0.0472	0.3905	4.1800	0.3287	0.9938	3.5996	0.0898	1.0750	3.0296	0.3046	1.3747	3.4323	0.3131	0.7965	3.7480	0.1827	0.8064	3.7327	0.585	
17.733	0.2493	0.8055	3.7725	0.1949	0.0892	3.8463	0.0529	0.3903	4.1771	0.3198	0.9854	3.5867	0.0769	1.0915	3.0547	0.3017	1.3776	3.4285	0.3144	0.7951	3.7505	0.1788	0.7985	3.7223	0.578	
17.800	0.2397	0.7896	3.7814	0.3264	0.1826	4.0709	0.0481	0.3659	4.2112	0.3128	0.9804	3.5839	0.0751	1.1162	3.0837	0.3020	1.3792	3.4266	0.3061	0.7854	3.7592	0.1687	0.7780	3.7348	0.572	
17.900	0.2383	0.7885	3.7819	0.3298	0.1837	4.0755	0.0939	0.3901	4.1657	0.3048	0.9760	3.5874	0.0882	1.1341	3.0300	0.3031	1.3847	3.4247	0.3040	0.7849	3.7607	0.1680	0.7769	3.7349	0.562	
17.967	0.2367	0.7885	3.7806	0.3256	0.1831	4.0742	0.0926	0.3864	4.1745	0.2977	0.9814	3.5968	0.0903	1.1390	3.0305	0.3042	1.3880	3.4233	0.3024	0.7853	3.7605	0.1664	0.7768	3.7323	0.555	
18.033	0.2330	0.7889	3.7781	0.3258	0.1844	4.0737	0.1051	0.3822	4.1936	0.3015	0.9835	3.6002	0.0926	1.1425	3.0304	0.3048	1.3894	3.4234	0.2988	0.7856	3.7589	0.1629	0.7777	3.7291	0.548	
18.100	0.2330	0.7905	3.7770	0.3350	0.0714	4.1273	0.0669	0.3746	4.2006	0.3021	0.9847	3.6016	0.0934	1.1472	3.0316	0.3070	1.3939	3.4195	0.2982	0.7874	3.7576	0.1634	0.7793	3.7284	0.542	
18.167	0.2322	0.7906	3.7765	0.3217	0.1848	4.0688	0.0888	0.3835	4.1825	0.2997	0.9825	3.5997	0.0941	1.1492	3.0313	0.3081	1.3971	3.4175	0.2975	0.7874	3.7571	0.1625	0.7796	3.7280	0.535	
18.233	0.2321	0.7907	3.7765	0.3192	0.1849	4.0687	0.0867	0.3861	4.1813	0.2995	0.9799	3.5977	0.0968	1.1510	3.0308	0.3083	1.3964	3.4201	0.2974	0.7874	3.7572	0.1625	0.7796	3.7280	0.528	
18.300	0.2319	0.7896	3.7769	0.3208	0.1837	4.0680	0.0950	0.3743	4.1984	0.2990	0.9768	3.5964	0.1093	1.1525	3.0545	0.3094	1.3958	3.4219	0.2974	0.7866	3.7573	0.1620	0.7783	3.7289	0.522	
18.367	0.2315	0.7878	3.7773	0.3230	0.1828	4.0700	0.0967	0.3829	4.1869	0.2987	0.9741	3.5968	0.1200	1.1526	3.0388	0.3109	1.3954	3.4237	0.2972	0.7848	3.7578	0.1614	0.7766	3.7293	0.525	
18.433	0.2323	0.7843	3.7798	0.3259	0.1802	4.0733	0.0986	0.3831	4.1867	0.2927	0.9951	3.5989	0.1111	1.1387	3.0952	0.3136	1.3947	3.4275	0.2978	0.7820	3.7606	0.1626	0.7723	3.7315	0.525	
18.500	0.2334	0.7810	3.7813	0.3279	0.1786	4.0766	0.0975	0.3835	4.1859	0.2873	0.9869	3.6053	0.1142	1.1339	3.0920	0.3144	1.3945	3.4304	0.2985	0.7793	3.7621	0.1641	0.7686	3.7332	0.525	
18.600	0.2369	0.7754	3.7877	0.3367	0.1743	4.0851	0.0940	0.3765	4.1900	0.2745	0.9975	3.6224	0.1225	1.1216	3.0962	0.3152	1.3857	3.4448	0.3009	0.7755	3.7713	0.1690	0.7605	3.7374	0.525	
18.667	0.2436	0.7764	3.7796	0.3390	0.1329	4.1071	0.0618	0.3925	4.1670	0.2701	0.9958	3.6241	0.1740	1.1278	3.0463	0.3095	1.3720	3.4584	0.3087	0.7767	3.7687	0.1736	0.7614	3.7211	0.525	
18.733	0.2449	0.7773	3.7800	0.3436	0.1162	4.1243	0.0416	0.3482	4.2333	0.2675	1.0040	3.6218	0.1730	1.1286	3.0682	0.3141	1.3790	3.4559	0.3114	0.7783	3.7700	0.1741	0.7621	3.7217	0.525	
18.800	0.2453	0.7773	3.7804	0.2234	0.0818	3.8531	0.0510	0.3995	4.1476	0.2661	1.0050	3.6246	0.1789	1.1287	3.0664	0.3149	1.3791	3.4612	0.3121	0.7781	3.7710	0.1744	0.7623	3.7219	0.525	
18.900	0.2496	0.7765	3.7804	0.1952	0.0925	3.8415	0.0712	0.3394	4.2281	0.2561	1.0125	3.6076	0.1785	1.1332	3.0774	0.3135	1.3845	3.4592	0.3159	0.7759	3.7720	0.1793	0.7630	3.7213	0.525	
18.967	0.2520	0.7764	3.7801	0.1949	0.0992	3.8409	0.0914	0.3838	4.1713	0.2626	1.0280	3.6029	0.1795	1.1249	3.0857	0.3125	1.3720	3.4710	0.3188	0.7754	3.7732	0.1811	0.7631	3.7201	0.525	
19.033	0.2411	0.7884	3.7828	0.1703	0.0780	3.8080	0.0512	0.3514	4.2347	0.2753	1.0026	3.6299	0.1456	1.0962	3.1226	0.3236	1.4019	3.4388	0.3043	0.7821	3.7652	0.1698	0.7854	3.7395	0.525	
19.100	0.2377	0.7935	3.7810	0.1849	0.0687	3.8366	0.1069	0.3903	4.1270	0.2729	1.0003	3.6321	0.1730	1.0904	3.0991	0.3292	1.3928	3.4506	0.3017	0.7858	3.7572	0.1673	0.7899	3.7405	0.525	
19.167	0.2365	0.7989	3.7784	0.1895	0.1026	3.7347	0.0999	0.3538	4.1872	0.2793	1.0104	3.6321	0.1327	1.0801	3.1050	0.3319	1.3815	3.4647	0.2983	0.7876	3.7519	0.1701	0.7965	3.7397	0.525	
19.233	0.2366	0.7989	3.7775	0.1803	0.0744	3.8307	0.1049	0.3678	4.1672	0.3025	1.0424	3.6439	0.1356	1.0848	3.1041	0.3296	1.3727	3.4767	0.2987	0.7875	3.7481	0.1701	0.7965	3.7396	0.525	
19.300	0.2371	0.7989	3.7764	0.1809	0.0754	3.8303	0.0751	0.4032	4.1170	0.2934	1.0406	3.6448	0.1559	1.0890	3.0898	0.3310	1.3717	3.4769	0.2995	0.7886	3.7471	0.1706	0.7947	3.7374	0.525	
19.367	0.2380	0.7985	3.7758	0.1909	0.0922	3.8525	0.0940	0.3193	4.2075	0.2856	1.0353	3.6489	0.1694	1.0990	3.0830	0.3340	1.3685	3.4766	0.3008	0.7884	3.7457	0.1713	0.7942	3.7376	0.525	
19.433	0.2373	0.7936	3.7783	0.1927	0.0924	3.8523	0.0360	0.3345	4.2229	0.2779	1.0360	3.6420	0.1908	1.0887	3.0474	0.3353	1.3690	3.4748	0.3013	0.7852	3.7475	0.1685	0.7871	3.7413	0.525	
19.500	0.2402	0.7895	3.7802	0.1808	0.0734	3.8382	0.0626	0.3861	4.1579	0.2773	1.0369	3.6409	0.1574	1.0652	3.1133	0.3198	1.3659	3.4725	0.3051	0.7835	3.7488	0.1707	0.7799	3.7443	0.525	
19.567	0.2273	0.7896	3.7898	0.1830	0.0699	3.8436	-0.0097	0.3385	4.2183	0.2681	1.0185	3.6624	0.1490	1.0505	3.1098	0.3243	1.3597	3.4732	0.2891	0.7871	3.7638	0.1603	0.7781	3.7503	0.525	
19.633	0.2401	0.7821	3.7982	0.2069	0.0461	3.8521	0.0798	0.3975	4.1468	0.2666	1.0187	3.6532	0.0845	0.9655	3.1464	0.3148	1.3463	3.4747	0.3057	0.7732	3.7843	0.1718	0.7856	3.7418	0.525	
19.700	0.2409	0.7860	3.7984	0.2070	0.0487	3.8525	0.0466	0.4258	4.1077	0.3714	0.9348	3.5527	0.0271	0.9991	3.2546	0.3084	1.3392	3.4676	0.3056	0.7761	3.7879	0.1729	0.7872	3.7401	0.525	
19.767	0.2418	0.7878	3.7987	0.2229	0.0518	3.8344	0.0517	0.4030	4.1320	0.3756	0.9388	3.5335	-0.0479	0.8271	3.3478	0.2973	1.3179	3.4675	0.3079	0.7823	3.7852	0.1732	0.7851	3.7435	0.525	
19.833	0.2465	0.7925	3.8078	0.1830	0.0629	3.8467	0.0590	0.3930	4.1421	0.3561	0.8917	3.5572	-0.0856	0.7617	3.4260	0.2886	1.3003	3.4634	0.3138	0.7897	3.7911	0.1747	0.7839	3.7586	0.525	
19.900	0.2072	0.8362	3.9065	0.1942	0.0795	3.8165	0.0499	0.3448	4.2011	0.3488	0.8789	3.5352	-0.1141	0.7161	3.4890	0.2552	1.2679	3.4358	0.2726	0.8272	3.8757	0.1381	0.8309	3.8699	0.525	
19.967	0.2106	0.8347	3.9090	0.2690	0.0477	3.8631	0.0832	0.3523	4.2145	0.3316	0.8698	3.5237	-0.1149	0.7118	3.5202	0.2228	1.2435	3.3905	0.2767	0.8261	3.8765	0.1407	0.8289	3.8746	0.525	
20.033	0.2161	0.7709	3.8719	0.2734	0.0087	3.8669	0.0810	0.3483	4.2180	0.3438	0.8593	3.5564	-0.1233	0.6841	3.5337	0.1936	1.2007	3.3601	0.2796	0.7683	3.8370	0.1488	0.7600	3.8392	0.525	
20.100	0.2199	0.7707	3.8803	0.2721	0.0082	3.8685	0.0574	0.3358	4.2140	0.2789	0.7886	3.5050	-0.1283	0.6683	3.5473	0.1852	1.1570	3.3577	0.2828	0.7728	3.8498	0.1535	0.7555	3.8449	0.525	
20.167	0.2216	0.8087	3.9480	0.2688	0.0286	3.8665	0.1685	0.2618	4.2817	0.2510	0.7282	3.4807	-0.1304	0.6647	3.5497	0.1862	1.1012	3.3832	0.2840	0.8119	3.9155	0.1552	0.7982	3.9192	0.525	
20.233	0.2341	0.8651	3.9823	0.2680	0.0626	3.8473	0.0679	0.3204	4.2260	0.2215	0.6781	3.4648	-0.1373	0.6496	3.5486	0.1722	1.0739	3.3826	0.2990	0.8479	3.9388	0.1688	0.8714	3.9613	0.525	
20.300	0.2541	0.8486	3.9773	0.2695	0.0502	3.8468	0.0671	0.2144	4.1547	0.1746	0.6128	3.4433	-0.1462	0.6181	3.5533	0.1678	1.0271	3.3577	0.3163	0.8323	3.9352	0.1884	0.8502	3.9519	0.525	
20.367	0.2606	0.8582	3.9725	0.2753	0.0495	3.8579	0.0881	0.2958	4.2612	0.1380	0.5500	3.4086	-0.1660	0.5654	3.5762	0.1931	0.9943	3.4208	0.3241	0.8476	3.9214	0.1940	0.8581	3.9521	0.525	
20.433	0.2060	0.7093	3.9194	0.2820	-0.0116	3.8904	0.0913	0.2756	4.2862	0.0103	0.4744	3.3758	-0.1650	0.5912	3.5584	0.1947	1.0005	3.4157	0.2637	0.6988	3.8622	0.1443	0.7071	3.9086	0.525	
20.533	0.1860	0.6987	3.9242	0.2920	-0.0311	3.9058	0.2516	0.5247	3.8828	-0.0211	0.4562	3.3701	-0.1784	0.5074	3.5772	0.1713	0.9562	3.4254	0.2375	0.6823	3.8685	0.1292	0.7020	3.9152	0.525	
20.600	0.1758	0.6845	3.9223	0.2806	-0.0886	3.9011	0.1146	0.2716	4.3167	-0.0178	0.4431	3.3483	-0.1854	0.5127	3.5754	0.1685	0.9537	3.3986	0.2292	0.6749	3.9175	0.1066	0.6604	3.8603	0.525	
20.667	0.1687	0.6773	3.9127	0.2563	-0.0892	3.9044	0.1039	0.2776	4.3132	-0.0278	0.4549	3.3463	-0.1898	0.5153	3.5724	0.1685	0.9545	3.3883	0.2272	0.6743	3.9096	0.1036	0.6600	3.8509	0.525	
20.733	0.1656	0.6681	3.9109	0.2571	-0.0838	3.8728	0.0868	0.2969	4.3319	-0.0171	0.4538	3.3426	-0.1920	0.5146	3.5721	0.1669	0.9498	3.3873	0.2259	0.6689	3.9072	0.1013	0.6537	3.8487	0.525	
20.800	0.1548	0.6802	3.9008	0.2567	-0.0741	3.8682	-0.0005	0.2794	4.3363	-0.0065	0.4426	3.3268	-0.1931	0.5156	3.5707	0.1649	0.9463	3.3719	0.2176	0.6774	3.8977	0.0879	0.6723	3.8363	0.525	
20.867	0.2333	0.8349	3.9498	0.2556	0.0309	3.8491	0.1684	0.7255	3.8390	-0.0261	0.4637	3.3427	-0.1967	0.5042	3.5705	0.1740	0.9160	3.3598	0.2893	0.8085	3.9231	0.1733	0.8470	3.9090	0.525	
20.933	0.1465	0.6701	3.9082	0.2488	-0.0817	3.8712	0.0727	0.1514	4.2185	-0.0147	0.4548	3.3298	-0.1986	0.5037	3.5683	0.1674	0.9058	3.3681	0.2110	0.6675	3.9052	0.0794	0.6604	3.8440	0.525	
21.000	0.1610	0.6616	3.8969	0.2452	-0.0868	3.8717	0.0540	0.1620	4.2104	-0.0126	0.4606	3.3298	-0.1998	0.5053	3.5686	0.1688	0.9127	3.3662	0.2220	0.6630	3.9148	0.0963	0.6359	3.8252	0.525	
21.067	0.1624	0.7233	3.8654	0.2322	-0.0377	3.8561	0.0836	0.2789	4.2082	-0.0630	0.4070	3.3296	-0.1999	0.5065	3.5680	0.1761	0.9328	3.3514	0.2148	0.7198	3.9210	0.1072	0.7142	3.7419	0.525	
21.167	0.2403	0.9167	3.8680	0.2407	0.1221	3.8189	0.0852	0.2023	4.3305	0.0410	0.5277	3.3194	-0.1629	0.6355	3.5261	0.1735	0.9333	3.3492	0.2903	0.8963	3.9078	0.1860	0.9215	3.7612	0.525	
21.233	0.2393	0.9198	3.8713	0.2469	0.1211	3.8212	0.0776	0.2012	4.3343	0.0412	0.5279	3.3197	-0.1627	0.6355	3.5261	0.1734	0.9314	3.3531	0.2903	0.8969	3.9084	0.1841	0.9273	3.7689	0.525	
21.300	0.1513	0.5633	3.9647	0.2582	-0.1483	3.8913	-0.0371	-0.0121	3.8002	-0.0891	0.3818	3.3283	-0.2003	0.5081	3.5671	0.1660	0.9039	3.3801	0.2142	0.5902	3.9404	0.0692	0.5183	3.9143	0.525	
21.367	0.1545	0.5682	3.9564	0.2578	-0.1393	3.8886	-0.0444	-0.0048	3.7887	-0.0781	0.3850	3.3298	-0.1995	0.5084	3.5672	0.1670	0.9076	3.3797	0.2177	0.5953	3.9213	0.0915	0.5366	3.9160	0.525	
21.433	0.1511	0.5647	3.9587	0.2452	-0.1168	3.8344	-0.0376	-0.0105	3.7927	-0.0983	0.3782	3.3222	-0.1826	0.5419	3.5532	0.1698	0.9085	3.3835	0.2155	0.5927	3.9329	0.0803	0.5242	3.9142	0.532	
21.500	0.1559	0.5711	3.9558	0.2397	-0.1060	3.8315	-0.0340	-0.0080	3.7974	-0.0841	0.3799	3.3293	-0.1801	0.5607	3.5499	0.1729	0.9255	3.3754	0.2160	0.6001	3.9147	0.0980	0.5354	3.9289	0.538	
21.567	0.1580	0.5726	3.9549	0.2412	-0.1047	3.8329	-0.0255	-0.0107	3.8058	-0.0913	0.3751	3.3275	-0.1807	0.5537	3.5504	0.1681	0.9137	3.3647	0.2169	0.6002	3.9143	0.0992	0.5371	3.9273	0.545	
21.633	0.1514	0.5615	3.9621	0.2700	-0.1482	3.8944	-0.0276	-0.0085	3.8016	-0.0842	0.3780	3.3290	-0.1822	0.5473	3.5533	0.1710	0.9065	3.3692	0.2165	0.5910	3.9407	0.0818	0.5163	3.9192	0.552	
21.700	0.1542	0.5709	3.9591	0.2692	-0.1430	3.8928	-0.0405	0.0101	3.7847	-0.0719	0.4030	3.3373	-0.1802	0.5494	3.5510	0.1776	0.9067	3.3674	0.2193	0.5989	3.9383	0.0872	0.5346	3.9114	0.558	
21.767	0.1456	0.5653	3.9642	0.2726	-0.1420	3.8935	-0.0463	0.0017	3.7866	-0.0863	0.3888	3.3383	-0.1816	0.5460	3.5530	0.1787	0.9016	3.3687	0.2133	0.5972	3.9436	0.0742	0.5224	3.9169	0.565	
21.833	0.1474	0.5637	3.9640	0.2735	-0.1442	3.8946	-0.0168	-0.0146	3.8148	-0.1077	0.3823	3.3084	-0.1885	0.5456	3.5561	0.1778	0.9021	3.3754	0.2134	0.5941	3.9399	0.0744	0.5183	3.9153	0.572	
21.900	0.1480	0.5651	3.9625	0.2723	-0.1437	3.8934	-0.0421	-0.0100	3.7926	-0.0804	0.3839	3.3305	-0.1829	0.5510	3.5548	0.1816	0.9045	3.3689	0.2144	0.5960	3.9374	0.0781	0.5228	3.9163	0.578	
21.967	0.1410	0.5707	3.9528	0.2671	-0.1368	3.8897	-0.0327	-0.0025	3.7939	-0.0984	0.3716	3.3268	-0.1800	0.5603	3.5521	0.1867	0.9093	3.3654	0.2111	0.6021	3.9362	0.0664	0.5279	3.8953	0.585	
