% Time	SBX	SBY	SBZ	FRX	FRY	FRZ	FLX	FLY	FLZ	WRX	WRY	WRZ	WLX	WLY	WLZ	HDX	HDY	HDZ	HRX	HRY	HRZ	HRLX	HLY	HLZ	SpdCom	ax	ay	az	gx	gy	gz	mx	my	mz	Angle
0.034	-0.0191	-0.1019	2.0602	0.0180	-0.6171	2.3111	-0.1282	-0.5762	2.3577	0.2928	-0.0691	1.7750	-0.3122	-0.0184	1.7492	0.0500	0.5019	1.6873	0.0504	-0.1074	2.0276	-0.0881	-0.0933	2.0297	0.480	
0.067	-0.0165	-0.1033	2.0595	0.0189	-0.6097	2.3197	-0.1274	-0.5744	2.3576	0.2953	-0.0712	1.7734	-0.3127	-0.0166	1.7475	0.0532	0.5006	1.6870	0.0533	-0.1088	2.0268	-0.0857	-0.0946	2.0292	0.480	
0.100	-0.0134	-0.1048	2.0583	0.0192	-0.6080	2.3178	-0.1272	-0.5735	2.3573	0.2970	-0.0738	1.7718	-0.3127	-0.0154	1.7457	0.0569	0.4982	1.6851	0.0564	-0.1103	2.0254	-0.0828	-0.0962	2.0280	0.484	
0.134	-0.0112	-0.1058	2.0579	0.0193	-0.6085	2.3178	-0.1270	-0.5729	2.3572	0.2994	-0.0762	1.7729	-0.3137	-0.0123	1.7459	0.0600	0.4960	1.6835	0.0585	-0.1112	2.0248	-0.0805	-0.0972	2.0279	0.483	
0.167	-0.0086	-0.1073	2.0578	0.0186	-0.6089	2.3162	-0.1270	-0.5725	2.3570	0.3030	-0.0799	1.7726	-0.3145	-0.0122	1.7468	0.0625	0.4938	1.6814	0.0612	-0.1129	2.0245	-0.0782	-0.0984	2.0280	0.484	
0.200	-0.0083	-0.1078	2.0578	0.0196	-0.6074	2.3173	-0.1274	-0.5698	2.3578	0.3067	-0.0836	1.7727	-0.3159	-0.0127	1.7498	0.0646	0.4919	1.6797	0.0615	-0.1136	2.0244	-0.0778	-0.0988	2.0280	0.484	
0.234	-0.0063	-0.1095	2.0573	0.0184	-0.5988	2.3212	-0.1259	-0.5652	2.3629	0.3119	-0.0885	1.7743	-0.3163	-0.0126	1.7552	0.0668	0.4898	1.6785	0.0638	-0.1156	2.0237	-0.0760	-0.1002	2.0277	0.486	
0.267	-0.0048	-0.1111	2.0570	0.0173	-0.5888	2.3246	-0.1222	-0.5531	2.3750	0.3143	-0.0907	1.7774	-0.3177	-0.0146	1.7641	0.0684	0.4879	1.6777	0.0651	-0.1170	2.0235	-0.0746	-0.1017	2.0274	0.486	
0.300	-0.0021	-0.1123	2.0566	0.0210	-0.5725	2.3356	-0.1224	-0.5420	2.3868	0.3173	-0.0942	1.7791	-0.3185	-0.0178	1.7740	0.0703	0.4859	1.6755	0.0680	-0.1184	2.0229	-0.0722	-0.1028	2.0272	0.487	
0.334	-0.0007	-0.1126	2.0563	0.0227	-0.5621	2.3355	-0.1222	-0.5376	2.3891	0.3215	-0.0990	1.7811	-0.3168	-0.0196	1.7827	0.0720	0.4843	1.6734	0.0696	-0.1186	2.0225	-0.0709	-0.1032	2.0269	0.487	
0.367	0.0028	-0.1126	2.0564	0.0226	-0.5562	2.3427	-0.1216	-0.5288	2.3944	0.3234	-0.1002	1.7829	-0.3191	-0.0231	1.7905	0.0731	0.4822	1.6696	0.0738	-0.1186	2.0226	-0.0681	-0.1031	2.0271	0.487	
0.400	0.0031	-0.1122	2.0566	0.0178	-0.5473	2.3530	-0.1217	-0.5257	2.3968	0.3269	-0.1016	1.7855	-0.3221	-0.0233	1.7959	0.0740	0.4792	1.6627	0.0739	-0.1184	2.0226	-0.0678	-0.1024	2.0274	0.487	
0.434	0.0018	-0.1091	2.0573	0.0157	-0.5400	2.3621	-0.1191	-0.5233	2.3948	0.3338	-0.1054	1.7875	-0.3263	-0.0235	1.8009	0.0738	0.4753	1.6553	0.0726	-0.1172	2.0237	-0.0689	-0.0962	2.0275	0.485	
0.467	-0.0012	-0.1062	2.0603	0.0148	-0.5376	2.3675	-0.1227	-0.5260	2.3863	0.3404	-0.1087	1.7898	-0.3346	-0.0219	1.8074	0.0709	0.4694	1.6461	0.0688	-0.1160	2.0271	-0.0714	-0.0920	2.0304	0.477	
0.534	-0.0078	-0.1024	2.0657	0.0109	-0.5149	2.3930	-0.1382	-0.5724	2.3339	0.3425	-0.1091	1.7913	-0.3569	-0.0142	1.8149	0.0603	0.4553	1.6235	0.0622	-0.1137	2.0319	-0.0776	-0.0872	2.0364	0.469	
0.567	-0.0102	-0.1021	2.0675	0.0117	-0.5096	2.3988	-0.1625	-0.6226	2.3083	0.3445	-0.1111	1.7918	-0.3669	-0.0120	1.8170	0.0536	0.4476	1.6147	0.0602	-0.1132	2.0329	-0.0804	-0.0875	2.0392	0.466	
0.600	-0.0143	-0.1027	2.0686	0.0141	-0.4922	2.4128	-0.1601	-0.6445	2.2742	0.3457	-0.1141	1.7911	-0.3740	-0.0095	1.8209	0.0439	0.4388	1.6048	0.0563	-0.1134	2.0334	-0.0846	-0.0887	2.0410	0.463	
0.634	-0.0189	-0.1055	2.0682	0.0129	-0.4992	2.4088	-0.1630	-0.6519	2.2685	0.3462	-0.1166	1.7903	-0.3804	-0.0117	1.8214	0.0345	0.4305	1.5997	0.0518	-0.1156	2.0325	-0.0891	-0.0921	2.0409	0.465	
0.667	-0.0272	-0.1118	2.0672	0.0118	-0.5231	2.3879	-0.1646	-0.6573	2.2710	0.3449	-0.1178	1.7896	-0.3858	-0.0147	1.8230	0.0231	0.4214	1.5980	0.0445	-0.1207	2.0314	-0.0983	-0.0995	2.0400	0.466	
0.700	-0.0355	-0.1232	2.0672	0.0081	-0.5438	2.3707	-0.1637	-0.6635	2.2733	0.3451	-0.1189	1.7893	-0.3928	-0.0216	1.8223	0.0126	0.4113	1.5988	0.0355	-0.1329	2.0308	-0.1054	-0.1098	2.0406	0.465	
0.734	-0.0431	-0.1350	2.0666	-0.0013	-0.5577	2.3491	-0.1638	-0.6685	2.2774	0.3465	-0.1207	1.7888	-0.3986	-0.0303	1.8200	0.0052	0.4049	1.5996	0.0274	-0.1429	2.0295	-0.1123	-0.1231	2.0406	0.467	
0.800	-0.0556	-0.1464	2.0624	-0.0086	-0.5750	2.3237	-0.1635	-0.6687	2.2884	0.3523	-0.1227	1.7911	-0.4037	-0.0393	1.8187	-0.0018	0.4009	1.6020	0.0145	-0.1532	2.0261	-0.1240	-0.1353	2.0357	0.476	
0.834	-0.0587	-0.1474	2.0597	-0.0108	-0.5688	2.3057	-0.1648	-0.6611	2.2990	0.3547	-0.1229	1.7935	-0.4033	-0.0433	1.8184	-0.0030	0.4020	1.6020	0.0116	-0.1537	2.0241	-0.1273	-0.1368	2.0322	0.481	
0.867	-0.0606	-0.1454	2.0554	-0.0075	-0.5646	2.2950	-0.1664	-0.6516	2.3110	0.3546	-0.1200	1.7966	-0.4014	-0.0461	1.8194	-0.0037	0.4070	1.6016	0.0095	-0.1506	2.0200	-0.1290	-0.1357	2.0276	0.491	
0.900	-0.0613	-0.1405	2.0482	-0.0081	-0.5737	2.2966	-0.1692	-0.6123	2.3157	0.3514	-0.1148	1.7988	-0.3957	-0.0495	1.8185	-0.0037	0.4157	1.5988	0.0087	-0.1441	2.0127	-0.1295	-0.1324	2.0204	0.506	
0.934	-0.0605	-0.1358	2.0435	-0.0069	-0.6330	2.2370	-0.1667	-0.6073	2.3232	0.3491	-0.1089	1.8025	-0.3921	-0.0515	1.8191	-0.0011	0.4254	1.5970	0.0097	-0.1389	2.0083	-0.1288	-0.1284	2.0156	0.510	
0.967	-0.0598	-0.1311	2.0394	-0.0060	-0.6429	2.2218	-0.1647	-0.5883	2.3389	0.3461	-0.1030	1.8050	-0.3849	-0.0538	1.8184	0.0017	0.4310	1.5955	0.0104	-0.1338	2.0041	-0.1283	-0.1243	2.0116	0.521	
1.000	-0.0582	-0.1282	2.0381	-0.0056	-0.6572	2.2195	-0.1619	-0.5812	2.3445	0.3464	-0.0992	1.8102	-0.3792	-0.0551	1.8155	0.0053	0.4347	1.5950	0.0121	-0.1307	2.0034	-0.1266	-0.1215	2.0097	0.521	
1.034	-0.0580	-0.1278	2.0379	-0.0012	-0.6727	2.2187	-0.1661	-0.5683	2.3620	0.3469	-0.0978	1.8136	-0.3774	-0.0565	1.8139	0.0094	0.4367	1.5946	0.0123	-0.1305	2.0035	-0.1263	-0.1209	2.0088	0.523	
1.067	-0.0567	-0.1281	2.0379	0.0039	-0.6834	2.2145	-0.1678	-0.6077	2.4054	0.3485	-0.0980	1.8203	-0.3758	-0.0581	1.8121	0.0140	0.4370	1.5952	0.0137	-0.1307	2.0041	-0.1251	-0.1212	2.0085	0.524	
1.100	-0.0544	-0.1294	2.0384	0.0056	-0.6832	2.2140	-0.1648	-0.6041	2.4099	0.3508	-0.0998	1.8256	-0.3759	-0.0590	1.8118	0.0206	0.4349	1.5959	0.0162	-0.1323	2.0052	-0.1231	-0.1224	2.0084	0.523	
1.134	-0.0505	-0.1332	2.0389	0.0069	-0.6811	2.2169	-0.1632	-0.5398	2.3868	0.3541	-0.1044	1.8311	-0.3749	-0.0609	1.8093	0.0290	0.4307	1.5969	0.0204	-0.1364	2.0066	-0.1196	-0.1259	2.0083	0.522	
1.167	-0.0461	-0.1372	2.0398	0.0076	-0.6865	2.2278	-0.1669	-0.5710	2.4252	0.3530	-0.1114	1.8456	-0.3745	-0.0619	1.8089	0.0378	0.4267	1.5981	0.0249	-0.1410	2.0080	-0.1156	-0.1293	2.0086	0.520	
1.200	-0.0416	-0.1405	2.0407	0.0064	-0.6816	2.2389	-0.1552	-0.5431	2.3927	0.3523	-0.1156	1.8506	-0.3726	-0.0614	1.8093	0.0451	0.4239	1.5993	0.0294	-0.1442	2.0091	-0.1112	-0.1324	2.0093	0.519	
1.234	-0.0364	-0.1429	2.0413	0.0057	-0.6754	2.2521	-0.1482	-0.5495	2.3858	0.3513	-0.1183	1.8541	-0.3639	-0.0632	1.8082	0.0529	0.4221	1.5999	0.0341	-0.1464	2.0101	-0.1056	-0.1350	2.0095	0.518	
1.267	-0.0282	-0.1440	2.0417	0.0070	-0.6698	2.2623	-0.1459	-0.5457	2.3670	0.3516	-0.1211	1.8547	-0.3569	-0.0645	1.8109	0.0591	0.4219	1.6015	0.0417	-0.1485	2.0118	-0.0968	-0.1351	2.0086	0.517	
1.300	-0.0208	-0.1431	2.0426	0.0081	-0.6675	2.2658	-0.1431	-0.5472	2.3538	0.3520	-0.1230	1.8545	-0.3435	-0.0685	1.8203	0.0641	0.4231	1.6030	0.0486	-0.1490	2.0134	-0.0891	-0.1328	2.0088	0.514	
1.334	-0.0140	-0.1421	2.0425	0.0097	-0.6659	2.2747	-0.1355	-0.5551	2.3376	0.3517	-0.1235	1.8547	-0.3375	-0.0676	1.8240	0.0687	0.4253	1.6042	0.0547	-0.1488	2.0134	-0.0820	-0.1308	2.0085	0.516	
1.367	-0.0095	-0.1402	2.0425	0.0106	-0.6626	2.2853	-0.1332	-0.5556	2.3310	0.3510	-0.1241	1.8543	-0.3292	-0.0650	1.8297	0.0733	0.4293	1.6065	0.0589	-0.1472	2.0135	-0.0776	-0.1288	2.0085	0.515	
1.400	-0.0066	-0.1366	2.0421	0.0096	-0.6403	2.3158	-0.1338	-0.5465	2.3185	0.3503	-0.1231	1.8546	-0.3210	-0.0626	1.8363	0.0768	0.4337	1.6081	0.0616	-0.1445	2.0131	-0.0746	-0.1245	2.0080	0.516	
1.434	-0.0041	-0.1327	2.0412	0.0092	-0.6362	2.3188	-0.1302	-0.5445	2.3148	0.3489	-0.1223	1.8549	-0.3129	-0.0624	1.8471	0.0795	0.4392	1.6089	0.0637	-0.1417	2.0126	-0.0719	-0.1192	2.0067	0.518	
1.467	-0.0008	-0.1270	2.0409	0.0078	-0.5850	2.3410	-0.1325	-0.5389	2.3099	0.3472	-0.1193	1.8545	-0.3060	-0.0603	1.8577	0.0813	0.4449	1.6114	0.0666	-0.1377	2.0127	-0.0682	-0.1120	2.0058	0.518	
1.500	-0.0014	-0.1225	2.0413	0.0080	-0.5815	2.3412	-0.1364	-0.5895	2.2674	0.3459	-0.1168	1.8546	-0.2990	-0.0581	1.8694	0.0821	0.4501	1.6133	0.0661	-0.1342	2.0135	-0.0689	-0.1067	2.0058	0.517	
1.534	-0.0025	-0.1189	2.0431	0.0073	-0.5708	2.3550	-0.1396	-0.6277	2.2609	0.3446	-0.1157	1.8530	-0.2963	-0.0611	1.8898	0.0819	0.4549	1.6155	0.0649	-0.1305	2.0162	-0.0699	-0.1034	2.0069	0.513	
1.567	-0.0032	-0.1164	2.0444	0.0058	-0.5730	2.3664	-0.1429	-0.6382	2.2511	0.3440	-0.1148	1.8531	-0.2942	-0.0614	1.9065	0.0812	0.4580	1.6175	0.0644	-0.1279	2.0181	-0.0707	-0.1011	2.0077	0.512	
1.600	-0.0045	-0.1146	2.0455	0.0062	-0.5691	2.3716	-0.1459	-0.6467	2.2446	0.3419	-0.1121	1.8527	-0.2928	-0.0623	1.9278	0.0795	0.4606	1.6198	0.0635	-0.1259	2.0193	-0.0723	-0.0995	2.0087	0.509	
1.634	-0.0052	-0.1129	2.0466	0.0078	-0.5519	2.3834	-0.1475	-0.6506	2.2459	0.3379	-0.1125	1.8535	-0.2946	-0.0635	1.9494	0.0774	0.4623	1.6228	0.0631	-0.1237	2.0202	-0.0734	-0.0983	2.0100	0.507	
1.667	-0.0061	-0.1115	2.0472	0.0039	-0.5399	2.4022	-0.1480	-0.6600	2.2318	0.3349	-0.1133	1.8532	-0.2927	-0.0587	1.9626	0.0747	0.4632	1.6248	0.0625	-0.1211	2.0202	-0.0746	-0.0977	2.0111	0.506	
1.700	-0.0126	-0.1101	2.0477	0.0052	-0.5342	2.4096	-0.1497	-0.6659	2.2340	0.3286	-0.1146	1.8567	-0.2920	-0.0543	1.9802	0.0697	0.4639	1.6293	0.0573	-0.1190	2.0199	-0.0825	-0.0974	2.0125	0.505	
1.734	-0.0198	-0.1106	2.0466	0.0094	-0.4983	2.4018	-0.1511	-0.6677	2.2373	0.3270	-0.1154	1.8569	-0.2927	-0.0518	1.9905	0.0634	0.4626	1.6327	0.0509	-0.1193	2.0183	-0.0900	-0.0982	2.0120	0.508	
1.767	-0.0297	-0.1132	2.0447	0.0191	-0.4779	2.4185	-0.1526	-0.6694	2.2402	0.3197	-0.1202	1.8594	-0.2951	-0.0435	2.0001	0.0561	0.4600	1.6360	0.0422	-0.1210	2.0163	-0.1008	-0.1018	2.0102	0.511	
1.800	-0.0344	-0.1178	2.0407	0.0257	-0.4759	2.4166	-0.1530	-0.6655	2.2476	0.3125	-0.1236	1.8619	-0.3005	-0.0429	2.0145	0.0498	0.4582	1.6383	0.0374	-0.1254	2.0115	-0.1054	-0.1067	2.0069	0.520	
1.834	-0.0359	-0.1194	2.0387	0.0323	-0.4597	2.4221	-0.1574	-0.6593	2.2619	0.3075	-0.1259	1.8649	-0.3032	-0.0372	2.0200	0.0439	0.4575	1.6399	0.0363	-0.1265	2.0091	-0.1072	-0.1087	2.0052	0.521	
1.867	-0.0373	-0.1206	2.0373	-0.0082	-0.5128	2.5055	-0.1585	-0.6585	2.2693	0.3022	-0.1257	1.8677	-0.3161	-0.0729	2.0655	0.0376	0.4585	1.6418	0.0348	-0.1275	2.0071	-0.1084	-0.1101	2.0043	0.525	
1.934	-0.0463	-0.1192	2.0363	-0.0313	-0.4867	2.3592	-0.1606	-0.6582	2.2935	0.2852	-0.1206	1.8751	-0.3255	-0.0621	2.0507	0.0266	0.4620	1.6432	0.0257	-0.1255	2.0062	-0.1171	-0.1092	2.0032	0.527	
1.967	-0.0486	-0.1186	2.0359	-0.0126	-0.4715	2.3126	-0.1625	-0.6091	2.3084	0.2732	-0.1156	1.8815	-0.3192	-0.0455	2.0262	0.0234	0.4639	1.6434	0.0234	-0.1243	2.0057	-0.1194	-0.1092	2.0030	0.528	
2.000	-0.0512	-0.1184	2.0368	-0.0009	-0.4777	2.2779	-0.1600	-0.6061	2.3158	0.2650	-0.1112	1.8873	-0.3172	-0.0685	2.0277	0.0207	0.4664	1.6441	0.0206	-0.1239	2.0070	-0.1216	-0.1092	2.0034	0.525	
2.034	-0.0518	-0.1182	2.0372	0.0005	-0.5005	2.2782	-0.1565	-0.6031	2.3326	0.2543	-0.1090	1.8968	-0.3131	-0.0575	1.9956	0.0191	0.4680	1.6437	0.0198	-0.1234	2.0077	-0.1220	-0.1091	2.0038	0.526	
2.067	-0.0524	-0.1168	2.0379	0.0116	-0.5058	2.2665	-0.1571	-0.6037	2.3420	0.2423	-0.1073	1.9085	-0.3117	-0.0629	1.9853	0.0180	0.4697	1.6434	0.0186	-0.1199	2.0087	-0.1222	-0.1089	2.0041	0.524	
2.100	-0.0526	-0.1161	2.0383	-0.0025	-0.5459	2.3295	-0.1629	-0.6061	2.4059	0.2285	-0.1083	1.9246	-0.3061	-0.0752	1.9587	0.0177	0.4705	1.6429	0.0181	-0.1180	2.0096	-0.1222	-0.1089	2.0041	0.524	
2.134	-0.0527	-0.1148	2.0393	-0.0048	-0.5597	2.3111	-0.1594	-0.6067	2.4052	0.2222	-0.1131	1.9366	-0.2958	-0.0917	1.9410	0.0177	0.4713	1.6419	0.0176	-0.1156	2.0111	-0.1220	-0.1087	2.0046	0.521	
2.167	-0.0527	-0.1143	2.0394	-0.0058	-0.5725	2.2869	-0.1582	-0.6062	2.4047	0.2070	-0.1118	1.9574	-0.2832	-0.1046	1.9108	0.0180	0.4716	1.6411	0.0173	-0.1145	2.0115	-0.1219	-0.1086	2.0046	0.522	
2.200	-0.0520	-0.1134	2.0409	-0.0006	-0.5956	2.2610	-0.1538	-0.5918	2.4475	0.2012	-0.1111	1.9747	-0.2739	-0.1124	1.8973	0.0189	0.4717	1.6403	0.0180	-0.1131	2.0141	-0.1211	-0.1084	2.0053	0.517	
2.234	-0.0505	-0.1130	2.0421	0.0078	-0.6292	2.2328	-0.1546	-0.5916	2.4505	0.1948	-0.1109	1.9876	-0.2582	-0.1305	1.8647	0.0209	0.4710	1.6386	0.0195	-0.1125	2.0161	-0.1193	-0.1084	2.0058	0.516	
2.267	-0.0484	-0.1130	2.0438	0.0101	-0.6617	2.2392	-0.1564	-0.5834	2.4544	0.1913	-0.1122	2.0005	-0.2485	-0.1380	1.8448	0.0236	0.4695	1.6361	0.0213	-0.1126	2.0183	-0.1168	-0.1087	2.0070	0.512	
2.300	-0.0429	-0.1145	2.0449	0.0134	-0.6752	2.2313	-0.1541	-0.5574	2.4581	0.1891	-0.1116	2.0079	-0.2344	-0.1432	1.8233	0.0270	0.4675	1.6339	0.0262	-0.1140	2.0195	-0.1105	-0.1109	2.0075	0.511	
2.334	-0.0342	-0.1190	2.0462	0.0137	-0.6803	2.2335	-0.1555	-0.5551	2.4593	0.1893	-0.1100	2.0113	-0.2252	-0.1438	1.8128	0.0309	0.4643	1.6320	0.0340	-0.1176	2.0204	-0.1013	-0.1165	2.0092	0.507	
2.367	-0.0267	-0.1220	2.0475	0.0146	-0.6805	2.2416	-0.1444	-0.5203	2.4269	0.1929	-0.1064	2.0195	-0.2161	-0.1440	1.8066	0.0354	0.4620	1.6331	0.0417	-0.1205	2.0214	-0.0943	-0.1195	2.0107	0.505	
2.400	-0.0209	-0.1248	2.0459	0.0153	-0.6786	2.2480	-0.1426	-0.5134	2.4228	0.1958	-0.1051	2.0207	-0.2099	-0.1418	1.8027	0.0393	0.4607	1.6334	0.0477	-0.1241	2.0192	-0.0887	-0.1216	2.0095	0.511	
2.434	-0.0160	-0.1267	2.0449	0.0160	-0.6701	2.2595	-0.1450	-0.5206	2.4196	0.2036	-0.1029	2.0221	-0.2044	-0.1404	1.8026	0.0443	0.4601	1.6347	0.0527	-0.1265	2.0177	-0.0841	-0.1231	2.0089	0.510	
2.467	-0.0105	-0.1277	2.0436	0.0170	-0.6638	2.2699	-0.1468	-0.5315	2.4085	0.2133	-0.1021	2.0204	-0.1994	-0.1379	1.8079	0.0485	0.4601	1.6357	0.0576	-0.1278	2.0166	-0.0782	-0.1237	2.0074	0.513	
2.500	-0.0035	-0.1273	2.0411	0.0187	-0.6643	2.2764	-0.1465	-0.5382	2.3900	0.2200	-0.1025	2.0156	-0.1963	-0.1313	1.8227	0.0527	0.4615	1.6369	0.0645	-0.1286	2.0144	-0.0712	-0.1219	2.0046	0.519	
2.534	-0.0002	-0.1261	2.0387	0.0176	-0.6529	2.2834	-0.1477	-0.5391	2.3712	0.2296	-0.1057	2.0034	-0.1988	-0.1227	1.8494	0.0565	0.4636	1.6373	0.0676	-0.1283	2.0123	-0.0677	-0.1199	2.0019	0.522	
2.567	0.0011	-0.1246	2.0387	0.0164	-0.6577	2.3092	-0.1485	-0.5384	2.3617	0.2393	-0.1090	1.9905	-0.2052	-0.1145	1.8856	0.0596	0.4666	1.6387	0.0684	-0.1279	2.0122	-0.0661	-0.1167	2.0022	0.520	
2.600	0.0021	-0.1223	2.0390	0.0175	-0.6186	2.2979	-0.1509	-0.5312	2.3466	0.2468	-0.1148	1.9754	-0.2113	-0.1135	1.9180	0.0621	0.4703	1.6400	0.0691	-0.1271	2.0121	-0.0648	-0.1123	2.0032	0.522	
2.634	0.0042	-0.1178	2.0408	0.0175	-0.6069	2.3220	-0.1533	-0.5249	2.3348	0.2509	-0.1205	1.9644	-0.2230	-0.1075	1.9614	0.0640	0.4735	1.6417	0.0708	-0.1249	2.0132	-0.0627	-0.1059	2.0055	0.517	
2.667	0.0039	-0.1118	2.0433	0.0171	-0.5958	2.3423	-0.1574	-0.5192	2.3245	0.2550	-0.1266	1.9482	-0.2290	-0.0861	1.9852	0.0652	0.4762	1.6428	0.0710	-0.1209	2.0151	-0.0634	-0.0986	2.0086	0.513	
2.700	0.0020	-0.1063	2.0468	0.0161	-0.5899	2.3482	-0.1352	-0.5651	2.2926	0.2559	-0.1308	1.9324	-0.2403	-0.0839	2.0303	0.0660	0.4787	1.6440	0.0697	-0.1169	2.0177	-0.0658	-0.0919	2.0128	0.506	
2.734	0.0016	-0.1014	2.0514	0.0138	-0.5721	2.3581	-0.1397	-0.6033	2.2789	0.2555	-0.1329	1.9211	-0.2512	-0.0705	2.0612	0.0665	0.4815	1.6463	0.0694	-0.1120	2.0225	-0.0662	-0.0874	2.0171	0.496	
2.767	0.0018	-0.0996	2.0539	0.0137	-0.5642	2.3592	-0.1488	-0.6298	2.2534	0.2536	-0.1352	1.9083	-0.2577	0.0016	2.0573	0.0665	0.4831	1.6480	0.0700	-0.1100	2.0249	-0.0665	-0.0860	2.0199	0.494	
2.800	0.0029	-0.0974	2.0574	0.0129	-0.5620	2.3666	-0.1512	-0.6369	2.2576	0.2511	-0.1364	1.8999	-0.2601	0.0074	2.0629	0.0659	0.4843	1.6490	0.0715	-0.1073	2.0283	-0.0657	-0.0843	2.0234	0.485	
2.867	0.0010	-0.0946	2.0649	0.0129	-0.5446	2.3827	-0.1520	-0.6462	2.2595	0.2440	-0.1373	1.8923	-0.2825	0.0131	2.1049	0.0623	0.4864	1.6530	0.0695	-0.1043	2.0351	-0.0675	-0.0818	2.0315	0.470	
2.900	-0.0009	-0.0938	2.0681	0.0105	-0.5263	2.3966	-0.1523	-0.6458	2.2633	0.2405	-0.1380	1.8909	-0.2890	0.0189	2.1101	0.0590	0.4866	1.6555	0.0677	-0.1032	2.0381	-0.0694	-0.0814	2.0349	0.464	
2.934	-0.0031	-0.0934	2.0710	0.0073	-0.5297	2.4134	-0.1535	-0.6440	2.2742	0.2362	-0.1376	1.8922	-0.2921	0.0175	2.1147	0.0547	0.4864	1.6580	0.0656	-0.1025	2.0407	-0.0717	-0.0814	2.0382	0.458	
2.967	-0.0099	-0.0933	2.0744	0.0072	-0.5172	2.4219	-0.1535	-0.6442	2.2836	0.2281	-0.1378	1.8995	-0.3071	0.0163	2.1175	0.0488	0.4859	1.6606	0.0588	-0.1020	2.0435	-0.0784	-0.0819	2.0422	0.451	
3.000	-0.0135	-0.0933	2.0766	0.0094	-0.5076	2.4253	-0.1512	-0.6384	2.2993	0.2220	-0.1373	1.9084	-0.3204	0.0500	2.0804	0.0433	0.4849	1.6626	0.0555	-0.1014	2.0456	-0.0821	-0.0824	2.0446	0.448	
3.034	-0.0200	-0.0935	2.0796	0.0092	-0.5024	2.4172	-0.1536	-0.6310	2.3161	0.2103	-0.1319	1.9282	-0.3242	0.0438	2.0781	0.0369	0.4836	1.6640	0.0489	-0.1018	2.0485	-0.0884	-0.0824	2.0476	0.440	
3.067	-0.0242	-0.0925	2.0837	0.0032	-0.4972	2.4168	-0.1573	-0.6220	2.3376	0.2009	-0.1235	1.9520	-0.3311	0.0278	2.0671	0.0309	0.4828	1.6663	0.0451	-0.1006	2.0523	-0.0928	-0.0817	2.0521	0.431	
3.100	-0.0356	-0.0891	2.0906	0.0037	-0.5017	2.4126	-0.1574	-0.6119	2.3364	0.1938	-0.1198	1.9685	-0.3394	0.0090	2.0533	0.0260	0.4829	1.6670	0.0334	-0.0970	2.0596	-0.1035	-0.0785	2.0586	0.416	
3.134	-0.0428	-0.0851	2.0964	0.0045	-0.5022	2.4093	-0.1597	-0.6023	2.3505	0.1862	-0.1123	1.9926	-0.3446	-0.0058	2.0394	0.0213	0.4829	1.6679	0.0267	-0.0924	2.0640	-0.1112	-0.0752	2.0658	0.409	
3.167	-0.0486	-0.0805	2.1030	0.0054	-0.5144	2.3978	-0.1625	-0.5885	2.3751	0.1800	-0.0996	2.0159	-0.3437	-0.0186	2.0224	0.0178	0.4836	1.6679	0.0206	-0.0863	2.0710	-0.1165	-0.0721	2.0719	0.393	
3.200	-0.0523	-0.0745	2.1096	0.0046	-0.5129	2.3957	-0.1600	-0.5922	2.3802	0.1749	-0.0885	2.0307	-0.3396	-0.0320	2.0024	0.0145	0.4854	1.6679	0.0167	-0.0791	2.0781	-0.1197	-0.0674	2.0780	0.381	
3.234	-0.0540	-0.0695	2.1157	0.0034	-0.5224	2.3868	-0.1579	-0.5871	2.3952	0.1706	-0.0758	2.0467	-0.3347	-0.0409	1.9871	0.0123	0.4868	1.6686	0.0148	-0.0729	2.0853	-0.1212	-0.0638	2.0831	0.369	
3.267	-0.0560	-0.0634	2.1224	0.0039	-0.5283	2.3808	-0.1559	-0.5832	2.4076	0.1694	-0.0617	2.0609	-0.3273	-0.0452	1.9747	0.0103	0.4882	1.6703	0.0126	-0.0671	2.0923	-0.1230	-0.0578	2.0892	0.355	
3.300	-0.0564	-0.0582	2.1283	0.0053	-0.5370	2.3747	-0.1551	-0.5719	2.4171	0.1690	-0.0529	2.0699	-0.3152	-0.0424	1.9623	0.0088	0.4897	1.6723	0.0122	-0.0612	2.0982	-0.1233	-0.0533	2.0953	0.344	
3.334	-0.0574	-0.0536	2.1351	0.0035	-0.5429	2.3805	-0.1620	-0.5584	2.4394	0.1699	-0.0437	2.0810	-0.3060	-0.0424	1.9548	0.0076	0.4916	1.6746	0.0112	-0.0564	2.1045	-0.1242	-0.0491	2.1025	0.330	
3.367	-0.0566	-0.0494	2.1411	0.0009	-0.5563	2.3847	-0.1594	-0.5567	2.4439	0.1711	-0.0390	2.0883	-0.2947	-0.0415	1.9543	0.0072	0.4938	1.6777	0.0116	-0.0523	2.1110	-0.1232	-0.0451	2.1082	0.318	
3.400	-0.0564	-0.0460	2.1488	0.0003	-0.5615	2.3898	-0.1576	-0.5498	2.4502	0.1730	-0.0346	2.0988	-0.2876	-0.0391	1.9541	0.0075	0.4961	1.6810	0.0116	-0.0492	2.1189	-0.1227	-0.0414	2.1156	0.301	
3.434	-0.0549	-0.0425	2.1546	-0.0002	-0.5616	2.3950	-0.1563	-0.5413	2.4577	0.1752	-0.0301	2.1060	-0.2806	-0.0358	1.9568	0.0085	0.4984	1.6853	0.0128	-0.0453	2.1261	-0.1211	-0.0385	2.1202	0.293	
3.467	-0.0529	-0.0389	2.1601	-0.0007	-0.5603	2.3997	-0.1566	-0.5367	2.4629	0.1780	-0.0268	2.1121	-0.2752	-0.0337	1.9632	0.0103	0.5004	1.6897	0.0146	-0.0417	2.1317	-0.1188	-0.0351	2.1254	0.280	
3.500	-0.0510	-0.0357	2.1662	-0.0019	-0.5533	2.4107	-0.1569	-0.5302	2.4689	0.1826	-0.0225	2.1177	-0.2705	-0.0294	1.9762	0.0134	0.5027	1.6942	0.0161	-0.0386	2.1376	-0.1167	-0.0319	2.1317	0.267	
3.534	-0.0483	-0.0312	2.1732	-0.0019	-0.5471	2.4216	-0.1568	-0.5261	2.4725	0.1884	-0.0180	2.1238	-0.2672	-0.0240	1.9986	0.0169	0.5049	1.6988	0.0186	-0.0344	2.1443	-0.1139	-0.0271	2.1389	0.253	
3.567	-0.0463	-0.0273	2.1795	-0.0016	-0.5392	2.4339	-0.1552	-0.5211	2.4796	0.1934	-0.0156	2.1265	-0.2674	-0.0170	2.0212	0.0209	0.5068	1.7021	0.0206	-0.0311	2.1500	-0.1120	-0.0226	2.1459	0.241	
3.600	-0.0431	-0.0229	2.1864	-0.0020	-0.5323	2.4409	-0.1507	-0.5081	2.4959	0.1981	-0.0131	2.1289	-0.2681	-0.0114	2.0507	0.0250	0.5094	1.7059	0.0236	-0.0273	2.1561	-0.1087	-0.0179	2.1537	0.227	
3.634	-0.0374	-0.0179	2.1946	-0.0011	-0.5259	2.4536	-0.1484	-0.4744	2.4903	0.2032	-0.0116	2.1312	-0.2716	-0.0064	2.0675	0.0299	0.5113	1.7106	0.0297	-0.0218	2.1640	-0.1035	-0.0135	2.1620	0.210	
3.667	-0.0314	-0.0141	2.2013	0.0002	-0.5192	2.4625	-0.1496	-0.4612	2.5057	0.2073	-0.0112	2.1331	-0.2763	0.0072	2.0900	0.0343	0.5127	1.7157	0.0359	-0.0178	2.1702	-0.0977	-0.0099	2.1693	0.199	
3.700	-0.0260	-0.0107	2.2083	-0.0003	-0.5135	2.4727	-0.1504	-0.4573	2.5112	0.2111	-0.0110	2.1363	-0.2824	0.0102	2.1089	0.0388	0.5145	1.7197	0.0415	-0.0149	2.1763	-0.0928	-0.0060	2.1771	0.184	
3.734	-0.0239	-0.0077	2.2137	0.0008	-0.5117	2.4781	-0.1502	-0.4531	2.5217	0.2145	-0.0106	2.1377	-0.2877	0.0241	2.1252	0.0419	0.5156	1.7237	0.0439	-0.0121	2.1819	-0.0910	-0.0031	2.1823	0.174	
3.767	-0.0195	-0.0017	2.2208	0.0027	-0.4944	2.5075	-0.1512	-0.4479	2.5295	0.2179	-0.0101	2.1387	-0.2918	0.0346	2.1397	0.0460	0.5169	1.7280	0.0479	-0.0073	2.1897	-0.0864	0.0041	2.1888	0.157	
3.800	-0.0170	0.0015	2.2283	0.0010	-0.4944	2.5128	-0.1520	-0.4509	2.5387	0.2208	-0.0099	2.1404	-0.2949	0.0551	2.1516	0.0495	0.5182	1.7321	0.0502	-0.0048	2.1972	-0.0836	0.0080	2.1962	0.143	
3.834	-0.0126	0.0059	2.2347	0.0038	-0.4766	2.5043	-0.1535	-0.4468	2.5443	0.2225	-0.0095	2.1418	-0.2976	0.0719	2.1571	0.0528	0.5195	1.7363	0.0551	-0.0004	2.2032	-0.0799	0.0120	2.2030	0.132	
3.867	-0.0117	0.0087	2.2404	0.0026	-0.4828	2.5126	-0.1531	-0.4440	2.5482	0.2248	-0.0088	2.1443	-0.3006	0.0792	2.1620	0.0562	0.5208	1.7411	0.0559	0.0016	2.2083	-0.0788	0.0156	2.2093	0.120	
3.900	-0.0111	0.0115	2.2454	0.0031	-0.4855	2.5174	-0.1522	-0.4388	2.5511	0.2267	-0.0085	2.1464	-0.3033	0.0849	2.1652	0.0589	0.5213	1.7441	0.0563	0.0042	2.2138	-0.0782	0.0185	2.2139	0.110	
3.934	-0.0102	0.0147	2.2507	0.0030	-0.4780	2.5207	-0.1516	-0.4358	2.5535	0.2283	-0.0077	2.1484	-0.3069	0.0882	2.1684	0.0619	0.5222	1.7476	0.0571	0.0068	2.2189	-0.0772	0.0222	2.2193	0.099	
3.967	-0.0106	0.0185	2.2584	0.0038	-0.4692	2.5242	-0.1520	-0.4315	2.5589	0.2307	-0.0069	2.1531	-0.3113	0.0920	2.1730	0.0645	0.5229	1.7516	0.0568	0.0094	2.2258	-0.0776	0.0272	2.2278	0.081	
4.034	-0.0137	0.0251	2.2716	0.0036	-0.4496	2.5352	-0.1535	-0.4291	2.5624	0.2352	-0.0054	2.1635	-0.3159	0.0989	2.1748	0.0691	0.5229	1.7583	0.0535	0.0156	2.2398	-0.0805	0.0340	2.2402	0.058	
4.067	-0.0151	0.0271	2.2771	0.0034	-0.4495	2.5385	-0.1561	-0.4295	2.5633	0.2372	-0.0039	2.1710	-0.3180	0.0997	2.1743	0.0704	0.5224	1.7612	0.0522	0.0179	2.2459	-0.0819	0.0356	2.2452	0.047	
4.100	-0.0178	0.0295	2.2819	0.0020	-0.4501	2.5407	-0.1587	-0.4275	2.5644	0.2389	-0.0022	2.1751	-0.3195	0.0993	2.1736	0.0713	0.5219	1.7647	0.0497	0.0198	2.2514	-0.0849	0.0385	2.2494	0.037	
4.134	-0.0200	0.0318	2.2875	0.0017	-0.4492	2.5440	-0.1612	-0.4257	2.5650	0.2398	0.0003	2.1827	-0.3202	0.0995	2.1725	0.0715	0.5214	1.7672	0.0474	0.0226	2.2573	-0.0870	0.0402	2.2546	0.025	
4.167	-0.0251	0.0335	2.2929	0.0010	-0.4490	2.5482	-0.1695	-0.4202	2.5702	0.2409	0.0089	2.1931	-0.3211	0.0986	2.1709	0.0713	0.5211	1.7699	0.0425	0.0245	2.2631	-0.0920	0.0417	2.2595	0.014	
4.200	-0.0286	0.0349	2.2970	0.0006	-0.4474	2.5525	-0.1718	-0.4220	2.5740	0.2409	0.0099	2.2022	-0.3223	0.0944	2.1690	0.0706	0.5208	1.7725	0.0391	0.0270	2.2683	-0.0956	0.0421	2.2628	0.007	
4.234	-0.0333	0.0368	2.3012	0.0003	-0.4457	2.5555	-0.1778	-0.4264	2.5863	0.2391	0.0136	2.2144	-0.3235	0.0875	2.1658	0.0695	0.5198	1.7747	0.0346	0.0302	2.2732	-0.1004	0.0428	2.2664	0.000	
4.267	-0.0381	0.0375	2.3057	-0.0003	-0.4476	2.5586	-0.1798	-0.4270	2.5898	0.2367	0.0154	2.2276	-0.3247	0.0780	2.1627	0.0686	0.5185	1.7765	0.0295	0.0310	2.2792	-0.1046	0.0431	2.2695	0.000	
4.300	-0.0480	0.0380	2.3126	-0.0010	-0.4503	2.5615	-0.1807	-0.4293	2.5928	0.2355	0.0154	2.2391	-0.3245	0.0721	2.1591	0.0679	0.5174	1.7781	0.0198	0.0322	2.2875	-0.1145	0.0430	2.2748	0.000	
4.334	-0.0597	0.0410	2.3189	-0.0021	-0.4498	2.5632	-0.1853	-0.4302	2.5981	0.2317	0.0202	2.2538	-0.3245	0.0689	2.1561	0.0671	0.5160	1.7794	0.0062	0.0367	2.2958	-0.1242	0.0446	2.2793	0.000	
4.367	-0.0651	0.0425	2.3223	-0.0045	-0.4484	2.5660	-0.1863	-0.4325	2.6009	0.2267	0.0265	2.2683	-0.3246	0.0647	2.1533	0.0665	0.5150	1.7808	0.0009	0.0384	2.2994	-0.1294	0.0456	2.2822	0.000	
4.400	-0.0690	0.0436	2.3253	-0.0056	-0.4488	2.5673	-0.1882	-0.4327	2.6048	0.2223	0.0344	2.2837	-0.3245	0.0589	2.1495	0.0655	0.5141	1.7828	-0.0034	0.0399	2.3036	-0.1328	0.0464	2.2843	0.000	
4.434	-0.0749	0.0445	2.3271	-0.0085	-0.4479	2.5696	-0.1888	-0.4350	2.6074	0.2193	0.0385	2.2964	-0.3249	0.0546	2.1469	0.0640	0.5140	1.7854	-0.0097	0.0415	2.3067	-0.1383	0.0465	2.2848	0.000	
4.467	-0.0784	0.0452	2.3282	-0.0098	-0.4460	2.5722	-0.1898	-0.4353	2.6107	0.2133	0.0448	2.3133	-0.3247	0.0529	2.1439	0.0622	0.5154	1.7884	-0.0132	0.0424	2.3081	-0.1416	0.0469	2.2856	0.000	
4.500	-0.0798	0.0457	2.3287	-0.0107	-0.4461	2.5729	-0.1899	-0.4364	2.6114	0.2037	0.0545	2.3270	-0.3257	0.0520	2.1406	0.0602	0.5172	1.7911	-0.0147	0.0428	2.3095	-0.1432	0.0476	2.2852	0.000	
4.534	-0.0814	0.0463	2.3293	-0.0109	-0.4463	2.5736	-0.1901	-0.4372	2.6120	0.1929	0.0637	2.3394	-0.3281	0.0489	2.1370	0.0576	0.5204	1.7944	-0.0164	0.0434	2.3112	-0.1447	0.0482	2.2850	0.000	
4.567	-0.0825	0.0467	2.3295	-0.0112	-0.4459	2.5740	-0.1903	-0.4367	2.6122	0.1859	0.0690	2.3478	-0.3303	0.0474	2.1328	0.0542	0.5243	1.7984	-0.0174	0.0437	2.3114	-0.1458	0.0487	2.2848	0.000	
4.600	-0.0842	0.0471	2.3292	-0.0117	-0.4454	2.5743	-0.1899	-0.4371	2.6134	0.1786	0.0765	2.3533	-0.3323	0.0457	2.1310	0.0515	0.5286	1.8009	-0.0191	0.0442	2.3119	-0.1476	0.0489	2.2838	0.000	
4.634	-0.0853	0.0478	2.3284	-0.0128	-0.4445	2.5741	-0.1897	-0.4354	2.6134	0.1742	0.0821	2.3581	-0.3338	0.0459	2.1295	0.0489	0.5320	1.8029	-0.0199	0.0450	2.3115	-0.1489	0.0494	2.2822	0.000	
4.667	-0.0869	0.0484	2.3270	-0.0133	-0.4428	2.5737	-0.1900	-0.4340	2.6118	0.1696	0.0846	2.3604	-0.3360	0.0459	2.1276	0.0461	0.5349	1.8049	-0.0215	0.0462	2.3105	-0.1504	0.0495	2.2803	0.000	
4.700	-0.0873	0.0489	2.3261	-0.0141	-0.4421	2.5733	-0.1902	-0.4338	2.6116	0.1675	0.0866	2.3612	-0.3384	0.0460	2.1267	0.0436	0.5377	1.8064	-0.0219	0.0468	2.3098	-0.1508	0.0497	2.2793	0.000	
4.734	-0.0879	0.0495	2.3248	-0.0142	-0.4401	2.5735	-0.1902	-0.4310	2.6111	0.1661	0.0888	2.3597	-0.3407	0.0461	2.1265	0.0416	0.5396	1.8072	-0.0224	0.0478	2.3084	-0.1513	0.0499	2.2779	0.000	
4.767	-0.0879	0.0497	2.3242	-0.0143	-0.4397	2.5731	-0.1907	-0.4297	2.6098	0.1646	0.0900	2.3569	-0.3430	0.0459	2.1259	0.0399	0.5412	1.8074	-0.0225	0.0482	2.3077	-0.1514	0.0500	2.2775	0.000	
4.800	-0.0896	0.0498	2.3228	-0.0146	-0.4389	2.5727	-0.1910	-0.4276	2.6078	0.1644	0.0894	2.3554	-0.3465	0.0471	2.1252	0.0386	0.5422	1.8072	-0.0242	0.0483	2.3064	-0.1529	0.0500	2.2761	0.000	
4.834	-0.0898	0.0498	2.3218	-0.0148	-0.4382	2.5719	-0.1912	-0.4275	2.6073	0.1646	0.0879	2.3518	-0.3489	0.0475	2.1249	0.0357	0.5433	1.8072	-0.0244	0.0487	2.3048	-0.1530	0.0499	2.2755	0.000	
