% Time	SBX	SBY	SBZ	FRX	FRY	FRZ	FLX	FLY	FLZ	WRX	WRY	WRZ	WLX	WLY	WLZ	HDX	HDY	HDZ	HRX	HRY	HRZ	HRLX	HLY	HLZ	SpdCom	ax	ay	az	gx	gy	gz	mx	my	mz	Angle
0.033	-0.0007	-0.1263	2.0804	0.0234	-0.1595	1.9940	-0.1478	-0.5419	2.3990	0.2105	-0.1706	2.0487	-0.2261	-0.1584	1.9939	0.0370	0.4784	1.7746	0.0665	-0.1293	2.0507	-0.0681	-0.1194	2.0460	0.000	
0.066	-0.0006	-0.1263	2.0804	0.0193	-0.1594	1.9948	-0.1577	-0.5425	2.3964	0.2106	-0.1704	2.0492	-0.2260	-0.1583	1.9937	0.0366	0.4785	1.7747	0.0665	-0.1292	2.0507	-0.0681	-0.1194	2.0460	0.000	
0.133	-0.0015	-0.1259	2.0802	0.0189	-0.1601	1.9936	-0.1565	-0.5407	2.3983	0.2108	-0.1705	2.0490	-0.2268	-0.1579	1.9932	0.0360	0.4788	1.7746	0.0656	-0.1290	2.0504	-0.0688	-0.1190	2.0459	0.000	
0.166	-0.0020	-0.1259	2.0800	0.0178	-0.1601	1.9937	-0.1436	-0.5420	2.3993	0.2113	-0.1705	2.0484	-0.2269	-0.1581	1.9935	0.0357	0.4789	1.7746	0.0652	-0.1291	2.0502	-0.0693	-0.1188	2.0457	0.000	
0.233	-0.0024	-0.1257	2.0799	0.0149	-0.1589	1.9948	-0.1466	-0.5406	2.4003	0.2124	-0.1710	2.0454	-0.2278	-0.1579	1.9954	0.0354	0.4791	1.7745	0.0646	-0.1287	2.0499	-0.0695	-0.1187	2.0457	0.000	
0.266	-0.0025	-0.1255	2.0799	0.0128	-0.1577	1.9963	-0.1345	-0.5409	2.4017	0.2123	-0.1712	2.0443	-0.2284	-0.1579	1.9974	0.0353	0.4793	1.7744	0.0644	-0.1285	2.0499	-0.0696	-0.1186	2.0458	0.000	
0.300	-0.0025	-0.1254	2.0798	0.0115	-0.1564	1.9977	-0.1301	-0.5420	2.4007	0.2122	-0.1714	2.0424	-0.2289	-0.1576	1.9985	0.0352	0.4796	1.7742	0.0644	-0.1283	2.0498	-0.0696	-0.1185	2.0456	0.000	
0.333	-0.0026	-0.1252	2.0798	0.0073	-0.1579	1.9981	-0.1976	-0.5304	2.3950	0.2132	-0.1716	2.0397	-0.2292	-0.1573	1.9992	0.0351	0.4798	1.7740	0.0643	-0.1281	2.0498	-0.0696	-0.1184	2.0455	0.000	
0.366	-0.0026	-0.1251	2.0798	0.0082	-0.1569	1.9989	-0.1976	-0.5304	2.3950	0.2139	-0.1717	2.0377	-0.2294	-0.1548	1.9997	0.0351	0.4802	1.7737	0.0643	-0.1280	2.0499	-0.0696	-0.1183	2.0455	0.000	
0.400	-0.0026	-0.1250	2.0797	0.0061	-0.1573	1.9995	-0.1973	-0.5307	2.3944	0.2140	-0.1714	2.0367	-0.2295	-0.1542	2.0005	0.0352	0.4807	1.7734	0.0643	-0.1275	2.0501	-0.0696	-0.1182	2.0450	0.000	
0.433	-0.0025	-0.1248	2.0796	-0.1408	-0.1969	2.0837	-0.1238	-0.5523	2.3897	0.2144	-0.1705	2.0354	-0.2292	-0.1520	2.0008	0.0352	0.4811	1.7730	0.0644	-0.1270	2.0505	-0.0694	-0.1183	2.0445	0.000	
0.466	-0.0026	-0.1246	2.0796	0.0355	-0.1368	2.0134	-0.1945	-0.5335	2.3913	0.2149	-0.1700	2.0347	-0.2273	-0.1434	1.9988	0.0353	0.4817	1.7725	0.0642	-0.1262	2.0512	-0.0695	-0.1182	2.0434	0.000	
0.500	-0.0025	-0.1244	2.0794	-0.1682	-0.3111	2.2388	-0.1944	-0.5332	2.3911	0.2154	-0.1669	2.0354	-0.2260	-0.1445	1.9949	0.0355	0.4821	1.7720	0.0643	-0.1257	2.0514	-0.0693	-0.1183	2.0424	0.000	
0.533	-0.0024	-0.1243	2.0792	-0.2092	-0.3172	2.2393	-0.1942	-0.5326	2.3906	0.2157	-0.1622	2.0401	-0.2228	-0.1457	1.9877	0.0356	0.4825	1.7716	0.0645	-0.1254	2.0519	-0.0688	-0.1185	2.0411	0.000	
0.566	-0.0018	-0.1234	2.0783	-0.1485	-0.1786	2.1374	-0.1937	-0.5309	2.3897	0.2168	-0.1583	2.0503	-0.2199	-0.1494	1.9786	0.0357	0.4830	1.7711	0.0647	-0.1239	2.0519	-0.0676	-0.1183	2.0389	0.000	
0.633	-0.0011	-0.1233	2.0770	-0.1720	-0.3265	2.2568	-0.1945	-0.5289	2.3900	0.2191	-0.1507	2.0715	-0.2087	-0.1572	1.9594	0.0360	0.4837	1.7702	0.0650	-0.1233	2.0516	-0.0667	-0.1191	2.0366	0.000	
0.666	-0.0002	-0.1231	2.0759	-0.1739	-0.3327	2.2478	-0.1200	-0.5491	2.3828	0.2209	-0.1473	2.0823	-0.2021	-0.1620	1.9492	0.0360	0.4840	1.7698	0.0655	-0.1230	2.0514	-0.0655	-0.1195	2.0345	0.000	
0.700	0.0006	-0.1231	2.0748	-0.1756	-0.3350	2.2369	-0.1261	-0.5409	2.3889	0.2249	-0.1405	2.0951	-0.1975	-0.1641	1.9453	0.0361	0.4841	1.7696	0.0661	-0.1228	2.0510	-0.0646	-0.1197	2.0329	0.000	
0.733	0.0019	-0.1231	2.0733	-0.1772	-0.3341	2.2232	-0.1902	-0.5264	2.3883	0.2323	-0.1324	2.1086	-0.1895	-0.1650	1.9390	0.0361	0.4841	1.7695	0.0672	-0.1225	2.0502	-0.0634	-0.1200	2.0312	0.000	
0.766	0.0036	-0.1229	2.0712	-0.1790	-0.3301	2.2061	-0.1852	-0.5677	2.4230	0.2340	-0.1290	2.1128	-0.1804	-0.1670	1.9313	0.0362	0.4840	1.7690	0.0693	-0.1221	2.0486	-0.0622	-0.1201	2.0287	0.000	
0.800	0.0057	-0.1221	2.0688	-0.1807	-0.3288	2.2038	-0.1859	-0.6126	2.4441	0.2362	-0.1246	2.1190	-0.1760	-0.1658	1.9282	0.0362	0.4840	1.7688	0.0716	-0.1207	2.0465	-0.0605	-0.1197	2.0264	0.000	
0.833	0.0071	-0.1215	2.0677	-0.1822	-0.3275	2.2025	-0.1455	-0.5469	2.4211	0.2366	-0.1236	2.1231	-0.1722	-0.1655	1.9255	0.0362	0.4840	1.7687	0.0730	-0.1199	2.0458	-0.0591	-0.1195	2.0249	0.000	
0.866	0.0080	-0.1214	2.0670	-0.1836	-0.3263	2.2043	-0.1781	-0.5601	2.4194	0.2373	-0.1223	2.1258	-0.1681	-0.1661	1.9241	0.0362	0.4839	1.7686	0.0743	-0.1196	2.0451	-0.0585	-0.1195	2.0244	0.000	
0.900	0.0091	-0.1210	2.0665	-0.1847	-0.3249	2.2047	-0.1574	-0.5513	2.4192	0.2372	-0.1210	2.1269	-0.1649	-0.1659	1.9231	0.0362	0.4839	1.7685	0.0755	-0.1192	2.0446	-0.0575	-0.1191	2.0239	0.000	
0.933	0.0098	-0.1207	2.0659	-0.1854	-0.3237	2.2050	-0.1568	-0.5512	2.4192	0.2370	-0.1204	2.1266	-0.1636	-0.1654	1.9231	0.0362	0.4838	1.7684	0.0762	-0.1190	2.0439	-0.0569	-0.1188	2.0234	0.000	
0.966	0.0102	-0.1207	2.0657	-0.1864	-0.3227	2.2047	-0.1758	-0.5625	2.4230	0.2358	-0.1208	2.1260	-0.1629	-0.1650	1.9239	0.0362	0.4838	1.7685	0.0766	-0.1190	2.0438	-0.0566	-0.1187	2.0232	0.000	
1.033	0.0105	-0.1208	2.0654	-0.1867	-0.3226	2.2078	-0.1845	-0.5864	2.4430	0.2336	-0.1293	2.1180	-0.1657	-0.1644	1.9302	0.0363	0.4836	1.7684	0.0771	-0.1192	2.0433	-0.0564	-0.1188	2.0231	0.000	
1.066	0.0105	-0.1210	2.0655	-0.1869	-0.3229	2.2129	-0.1847	-0.5730	2.4295	0.2304	-0.1367	2.1078	-0.1696	-0.1630	1.9355	0.0364	0.4833	1.7688	0.0772	-0.1194	2.0433	-0.0565	-0.1190	2.0234	0.000	
1.100	0.0106	-0.1212	2.0657	-0.1868	-0.3239	2.2153	-0.1860	-0.5840	2.4412	0.2267	-0.1450	2.0950	-0.1742	-0.1626	1.9396	0.0366	0.4830	1.7691	0.0773	-0.1196	2.0433	-0.0565	-0.1192	2.0240	0.000	
1.133	0.0107	-0.1217	2.0666	-0.1858	-0.3225	2.2157	-0.1860	-0.5851	2.4421	0.2252	-0.1505	2.0880	-0.1788	-0.1621	1.9438	0.0368	0.4828	1.7695	0.0775	-0.1203	2.0441	-0.0563	-0.1195	2.0251	0.000	
1.166	0.0105	-0.1223	2.0675	-0.1650	-0.4161	2.2798	-0.1861	-0.5868	2.4439	0.2226	-0.1548	2.0777	-0.1889	-0.1630	1.9499	0.0370	0.4823	1.7701	0.0774	-0.1213	2.0452	-0.0567	-0.1197	2.0260	0.000	
1.200	0.0099	-0.1228	2.0684	-0.1640	-0.4174	2.2819	-0.1861	-0.5871	2.4441	0.2221	-0.1597	2.0665	-0.1976	-0.1622	1.9557	0.0374	0.4821	1.7704	0.0769	-0.1221	2.0456	-0.0575	-0.1199	2.0274	0.000	
1.233	0.0090	-0.1232	2.0695	-0.1618	-0.4180	2.2827	-0.1883	-0.6079	2.4582	0.2215	-0.1624	2.0566	-0.2038	-0.1607	1.9609	0.0377	0.4815	1.7711	0.0761	-0.1228	2.0463	-0.0586	-0.1199	2.0290	0.000	
1.266	0.0080	-0.1236	2.0707	-0.1785	-0.2114	2.1771	-0.1861	-0.5883	2.4439	0.2211	-0.1647	2.0497	-0.2116	-0.1609	1.9685	0.0382	0.4808	1.7720	0.0752	-0.1235	2.0468	-0.0597	-0.1199	2.0312	0.000	
1.300	0.0074	-0.1241	2.0719	-0.1479	-0.3961	2.3013	-0.1889	-0.6097	2.4611	0.2204	-0.1660	2.0461	-0.2187	-0.1599	1.9770	0.0388	0.4802	1.7727	0.0747	-0.1241	2.0475	-0.0602	-0.1201	2.0330	0.000	
1.333	0.0071	-0.1245	2.0729	-0.1889	-0.4129	2.3089	-0.1819	-0.5014	2.3606	0.2200	-0.1672	2.0422	-0.2262	-0.1596	1.9850	0.0395	0.4798	1.7734	0.0744	-0.1246	2.0479	-0.0605	-0.1204	2.0346	0.000	
1.366	0.0070	-0.1245	2.0736	-0.1895	-0.4134	2.3086	-0.1820	-0.5014	2.3607	0.2192	-0.1690	2.0396	-0.2333	-0.1559	1.9933	0.0400	0.4792	1.7742	0.0743	-0.1247	2.0480	-0.0605	-0.1203	2.0361	0.000	
1.400	0.0070	-0.1246	2.0743	-0.0006	-0.1576	2.0004	-0.1422	-0.5447	2.3953	0.2192	-0.1701	2.0370	-0.2372	-0.1561	2.0001	0.0405	0.4782	1.7754	0.0742	-0.1249	2.0484	-0.0603	-0.1202	2.0371	0.000	
1.433	0.0073	-0.1248	2.0751	-0.0012	-0.1572	2.0013	-0.1822	-0.5021	2.3645	0.2190	-0.1707	2.0355	-0.2386	-0.1540	2.0079	0.0410	0.4775	1.7762	0.0745	-0.1253	2.0488	-0.0601	-0.1202	2.0382	0.000	
1.466	0.0074	-0.1249	2.0753	-0.0012	-0.1560	2.0020	-0.1255	-0.5445	2.3987	0.2190	-0.1709	2.0351	-0.2401	-0.1553	2.0139	0.0414	0.4769	1.7767	0.0746	-0.1254	2.0488	-0.0601	-0.1202	2.0389	0.000	
1.500	0.0073	-0.1250	2.0755	-0.0013	-0.1554	2.0022	-0.1382	-0.5479	2.3952	0.2188	-0.1711	2.0351	-0.2396	-0.1539	2.0202	0.0419	0.4762	1.7772	0.0745	-0.1256	2.0488	-0.0602	-0.1201	2.0393	0.000	
1.566	0.0075	-0.1252	2.0762	-0.0009	-0.1539	2.0039	-0.1372	-0.5489	2.3955	0.2187	-0.1710	2.0359	-0.2361	-0.1503	2.0282	0.0426	0.4756	1.7776	0.0747	-0.1261	2.0490	-0.0600	-0.1200	2.0405	0.000	
1.600	0.0074	-0.1252	2.0764	-0.0010	-0.1537	2.0042	-0.1368	-0.5490	2.3955	0.2183	-0.1712	2.0367	-0.2337	-0.1489	2.0319	0.0429	0.4753	1.7779	0.0747	-0.1263	2.0491	-0.0601	-0.1199	2.0408	0.000	
1.633	0.0071	-0.1254	2.0771	-0.0007	-0.1536	2.0048	-0.1363	-0.5496	2.3961	0.2183	-0.1710	2.0378	-0.2323	-0.1483	2.0341	0.0431	0.4750	1.7781	0.0743	-0.1267	2.0494	-0.0603	-0.1198	2.0420	0.000	
1.666	0.0070	-0.1256	2.0774	0.1064	-0.1341	2.0194	-0.1365	-0.5498	2.3963	0.2182	-0.1705	2.0404	-0.2317	-0.1481	2.0355	0.0432	0.4749	1.7784	0.0742	-0.1271	2.0495	-0.0606	-0.1198	2.0423	0.000	
1.700	0.0063	-0.1256	2.0776	0.1067	-0.1342	2.0198	-0.1365	-0.5498	2.3963	0.2185	-0.1703	2.0416	-0.2299	-0.1480	2.0359	0.0434	0.4748	1.7784	0.0735	-0.1274	2.0496	-0.0613	-0.1195	2.0425	0.000	
1.733	0.0062	-0.1256	2.0777	0.1068	-0.1344	2.0200	-0.1365	-0.5500	2.3964	0.2185	-0.1700	2.0438	-0.2293	-0.1478	2.0357	0.0434	0.4747	1.7785	0.0734	-0.1276	2.0496	-0.0615	-0.1195	2.0427	0.000	
1.766	0.0057	-0.1257	2.0778	0.1068	-0.1346	2.0202	-0.1363	-0.5501	2.3964	0.2185	-0.1695	2.0462	-0.2285	-0.1483	2.0348	0.0434	0.4747	1.7785	0.0730	-0.1278	2.0497	-0.0618	-0.1195	2.0427	0.000	
1.800	0.0047	-0.1257	2.0780	0.1550	-0.1305	2.0211	-0.1481	-0.5483	2.3963	0.2186	-0.1696	2.0482	-0.2282	-0.1489	2.0341	0.0434	0.4746	1.7786	0.0717	-0.1281	2.0497	-0.0627	-0.1194	2.0429	0.000	
1.833	0.0044	-0.1258	2.0781	0.1102	-0.1350	2.0207	-0.1446	-0.5512	2.3942	0.2189	-0.1698	2.0490	-0.2275	-0.1500	2.0311	0.0433	0.4744	1.7788	0.0715	-0.1282	2.0498	-0.0629	-0.1194	2.0429	0.000	
1.866	0.0032	-0.1259	2.0781	0.1107	-0.1350	2.0211	-0.1425	-0.5515	2.3944	0.2189	-0.1696	2.0502	-0.2271	-0.1514	2.0259	0.0433	0.4743	1.7789	0.0701	-0.1287	2.0496	-0.0639	-0.1192	2.0431	0.000	
1.900	0.0031	-0.1260	2.0782	0.1106	-0.1351	2.0211	-0.1419	-0.5516	2.3945	0.2187	-0.1694	2.0516	-0.2276	-0.1531	2.0203	0.0432	0.4742	1.7791	0.0700	-0.1287	2.0497	-0.0641	-0.1192	2.0431	0.000	
1.933	0.0032	-0.1261	2.0782	0.1098	-0.1354	2.0209	-0.1304	-0.5488	2.3985	0.2188	-0.1693	2.0521	-0.2268	-0.1551	2.0141	0.0430	0.4740	1.7792	0.0700	-0.1289	2.0496	-0.0640	-0.1193	2.0433	0.000	
1.966	0.0031	-0.1261	2.0781	0.1098	-0.1353	2.0210	-0.1369	-0.5503	2.3962	0.2188	-0.1694	2.0521	-0.2257	-0.1556	2.0096	0.0428	0.4738	1.7793	0.0700	-0.1290	2.0495	-0.0641	-0.1193	2.0431	0.000	
2.000	0.0032	-0.1263	2.0781	0.1101	-0.1355	2.0210	-0.1357	-0.5507	2.3960	0.2187	-0.1692	2.0528	-0.2248	-0.1567	2.0063	0.0424	0.4735	1.7795	0.0701	-0.1291	2.0496	-0.0639	-0.1196	2.0430	0.000	
2.033	0.0030	-0.1264	2.0780	0.1116	-0.1352	2.0214	-0.1363	-0.5504	2.3959	0.2186	-0.1690	2.0529	-0.2234	-0.1579	2.0025	0.0420	0.4733	1.7796	0.0699	-0.1292	2.0495	-0.0642	-0.1197	2.0428	0.000	
2.066	0.0033	-0.1265	2.0780	0.1119	-0.1351	2.0216	-0.1323	-0.5528	2.3940	0.2187	-0.1691	2.0530	-0.2221	-0.1583	1.9998	0.0418	0.4730	1.7797	0.0703	-0.1294	2.0494	-0.0640	-0.1197	2.0428	0.000	
2.100	0.0032	-0.1265	2.0779	0.1123	-0.1349	2.0218	-0.1339	-0.5542	2.3923	0.2186	-0.1689	2.0530	-0.2215	-0.1594	1.9975	0.0414	0.4727	1.7798	0.0703	-0.1295	2.0493	-0.0640	-0.1198	2.0427	0.000	
2.166	0.0039	-0.1267	2.0777	0.1151	-0.1263	2.0340	-0.1873	-0.5898	2.4502	0.2187	-0.1686	2.0535	-0.2182	-0.1601	1.9943	0.0406	0.4722	1.7799	0.0710	-0.1295	2.0491	-0.0634	-0.1200	2.0425	0.000	
2.200	0.0043	-0.1268	2.0778	0.1151	-0.1254	2.0351	-0.1571	-0.5510	2.3916	0.2185	-0.1683	2.0542	-0.2167	-0.1607	1.9937	0.0403	0.4719	1.7798	0.0714	-0.1295	2.0492	-0.0630	-0.1202	2.0425	0.000	
2.233	0.0042	-0.1268	2.0777	0.1150	-0.1253	2.0352	-0.1799	-0.5593	2.4210	0.2187	-0.1679	2.0549	-0.2161	-0.1611	1.9937	0.0400	0.4716	1.7798	0.0713	-0.1295	2.0491	-0.0630	-0.1202	2.0424	0.000	
2.266	0.0042	-0.1267	2.0777	-0.1663	-0.1981	2.2002	-0.1839	-0.5065	2.3684	0.2188	-0.1677	2.0560	-0.2153	-0.1610	1.9941	0.0397	0.4713	1.7796	0.0713	-0.1294	2.0492	-0.0630	-0.1202	2.0424	0.000	
2.333	0.0040	-0.1266	2.0779	-0.1671	-0.2010	2.2032	-0.1838	-0.5043	2.3664	0.2182	-0.1667	2.0590	-0.2145	-0.1608	1.9946	0.0391	0.4709	1.7794	0.0711	-0.1293	2.0494	-0.0632	-0.1201	2.0425	0.000	
2.366	0.0039	-0.1266	2.0780	-0.0782	-0.1750	2.0355	-0.1959	-0.5337	2.3970	0.2188	-0.1665	2.0597	-0.2142	-0.1607	1.9953	0.0388	0.4707	1.7792	0.0709	-0.1293	2.0497	-0.0633	-0.1200	2.0425	0.000	
2.400	0.0037	-0.1265	2.0781	-0.0273	-0.1671	2.0356	-0.1959	-0.5336	2.3972	0.2189	-0.1663	2.0606	-0.2148	-0.1593	1.9961	0.0385	0.4703	1.7789	0.0707	-0.1293	2.0498	-0.0635	-0.1200	2.0427	0.000	
2.433	0.0035	-0.1264	2.0785	0.0056	-0.1280	2.0383	-0.1838	-0.5043	2.3668	0.2189	-0.1661	2.0610	-0.2156	-0.1586	1.9976	0.0383	0.4702	1.7787	0.0706	-0.1292	2.0501	-0.0638	-0.1198	2.0430	0.000	
2.466	0.0031	-0.1263	2.0789	0.0056	-0.1280	2.0385	-0.1838	-0.5043	2.3668	0.2185	-0.1658	2.0619	-0.2163	-0.1584	1.9987	0.0380	0.4699	1.7784	0.0702	-0.1292	2.0504	-0.0641	-0.1195	2.0436	0.000	
2.500	0.0028	-0.1262	2.0792	0.0057	-0.1282	2.0383	-0.1436	-0.5526	2.3937	0.2186	-0.1658	2.0622	-0.2174	-0.1586	1.9997	0.0377	0.4695	1.7782	0.0700	-0.1292	2.0506	-0.0645	-0.1192	2.0441	0.000	
2.533	0.0026	-0.1260	2.0796	0.1242	-0.1392	2.0202	-0.1494	-0.5452	2.4004	0.2188	-0.1658	2.0624	-0.2186	-0.1572	2.0010	0.0375	0.4691	1.7778	0.0698	-0.1291	2.0508	-0.0647	-0.1190	2.0446	0.000	
2.566	0.0023	-0.1259	2.0798	0.1779	-0.1335	2.0226	-0.1497	-0.5452	2.4005	0.2185	-0.1656	2.0626	-0.2202	-0.1571	2.0027	0.0372	0.4688	1.7775	0.0696	-0.1290	2.0509	-0.0650	-0.1188	2.0449	0.000	
2.600	0.0013	-0.1258	2.0800	0.1279	-0.1387	2.0229	-0.1829	-0.5045	2.3645	0.2184	-0.1657	2.0621	-0.2213	-0.1560	2.0040	0.0372	0.4683	1.7772	0.0687	-0.1291	2.0511	-0.0661	-0.1186	2.0451	0.000	
2.633	0.0012	-0.1257	2.0802	0.1778	-0.1330	2.0231	-0.1348	-0.5525	2.3957	0.2183	-0.1656	2.0619	-0.2234	-0.1547	2.0068	0.0371	0.4682	1.7771	0.0686	-0.1290	2.0512	-0.0663	-0.1185	2.0455	0.000	
2.666	0.0009	-0.1256	2.0804	0.1301	-0.1399	2.0212	-0.1824	-0.5038	2.3645	0.2177	-0.1656	2.0610	-0.2241	-0.1540	2.0085	0.0370	0.4679	1.7769	0.0683	-0.1289	2.0513	-0.0665	-0.1184	2.0456	0.000	
2.700	0.0006	-0.1254	2.0808	0.1276	-0.1396	2.0212	-0.1824	-0.5038	2.3645	0.2175	-0.1655	2.0605	-0.2249	-0.1539	2.0107	0.0370	0.4679	1.7769	0.0680	-0.1288	2.0516	-0.0668	-0.1181	2.0461	0.000	
2.733	0.0006	-0.1253	2.0810	0.1264	-0.1396	2.0211	-0.1862	-0.5637	2.4229	0.2168	-0.1657	2.0594	-0.2254	-0.1545	2.0124	0.0371	0.4679	1.7769	0.0679	-0.1287	2.0519	-0.0668	-0.1180	2.0462	0.000	
2.766	0.0006	-0.1253	2.0810	0.1262	-0.1399	2.0207	-0.1909	-0.6164	2.4665	0.2167	-0.1661	2.0573	-0.2254	-0.1540	2.0139	0.0371	0.4677	1.7767	0.0679	-0.1286	2.0519	-0.0668	-0.1180	2.0463	0.000	
2.800	0.0006	-0.1252	2.0812	0.1260	-0.1401	2.0207	-0.1908	-0.6164	2.4668	0.2163	-0.1664	2.0560	-0.2258	-0.1544	2.0153	0.0371	0.4676	1.7767	0.0679	-0.1286	2.0520	-0.0667	-0.1179	2.0467	0.000	
2.868	0.0017	-0.1249	2.0817	0.1247	-0.1402	2.0204	-0.1905	-0.6144	2.4687	0.2146	-0.1670	2.0528	-0.2261	-0.1541	2.0172	0.0373	0.4674	1.7765	0.0689	-0.1283	2.0521	-0.0655	-0.1178	2.0475	0.000	
2.900	0.0024	-0.1249	2.0818	0.1326	-0.1403	2.0233	-0.1904	-0.6140	2.4691	0.2144	-0.1670	2.0509	-0.2262	-0.1536	2.0175	0.0373	0.4673	1.7764	0.0696	-0.1282	2.0521	-0.0649	-0.1178	2.0477	0.000	
2.933	0.0025	-0.1249	2.0818	0.1373	-0.1400	2.0257	-0.1897	-0.6132	2.4699	0.2134	-0.1672	2.0497	-0.2263	-0.1536	2.0177	0.0374	0.4672	1.7763	0.0697	-0.1282	2.0521	-0.0648	-0.1178	2.0478	0.000	
2.966	0.0025	-0.1249	2.0819	0.1409	-0.1401	2.0270	-0.1898	-0.6142	2.4688	0.2131	-0.1667	2.0486	-0.2265	-0.1534	2.0181	0.0374	0.4672	1.7762	0.0697	-0.1282	2.0521	-0.0647	-0.1178	2.0479	0.000	
3.000	0.0028	-0.1249	2.0819	0.1415	-0.1401	2.0273	-0.1897	-0.6148	2.4682	0.2127	-0.1670	2.0478	-0.2267	-0.1533	2.0183	0.0375	0.4671	1.7762	0.0700	-0.1280	2.0519	-0.0644	-0.1179	2.0480	0.000	
3.033	0.0029	-0.1249	2.0819	0.1423	-0.1401	2.0279	-0.1897	-0.6148	2.4680	0.2124	-0.1670	2.0472	-0.2269	-0.1536	2.0184	0.0375	0.4671	1.7761	0.0701	-0.1280	2.0519	-0.0642	-0.1178	2.0482	0.000	
3.066	0.0026	-0.1247	2.0820	0.1430	-0.1402	2.0281	-0.1895	-0.6149	2.4678	0.2124	-0.1671	2.0466	-0.2276	-0.1533	2.0183	0.0375	0.4671	1.7761	0.0698	-0.1279	2.0520	-0.0645	-0.1176	2.0484	0.000	
3.100	0.0027	-0.1247	2.0820	0.1438	-0.1403	2.0284	-0.1895	-0.6147	2.4678	0.2121	-0.1670	2.0458	-0.2276	-0.1533	2.0183	0.0375	0.4670	1.7761	0.0698	-0.1279	2.0519	-0.0644	-0.1176	2.0484	0.000	
3.133	0.0026	-0.1247	2.0820	0.1451	-0.1404	2.0288	-0.1898	-0.6147	2.4675	0.2119	-0.1671	2.0454	-0.2278	-0.1533	2.0184	0.0375	0.4670	1.7761	0.0697	-0.1279	2.0519	-0.0645	-0.1176	2.0484	0.000	
3.166	0.0025	-0.1248	2.0821	0.1462	-0.1405	2.0294	-0.1896	-0.6140	2.4681	0.2120	-0.1672	2.0447	-0.2278	-0.1532	2.0183	0.0375	0.4669	1.7761	0.0697	-0.1280	2.0519	-0.0646	-0.1176	2.0485	0.000	
3.200	0.0024	-0.1248	2.0821	0.1463	-0.1406	2.0296	-0.1896	-0.6139	2.4681	0.2119	-0.1673	2.0447	-0.2278	-0.1533	2.0181	0.0374	0.4669	1.7760	0.0695	-0.1281	2.0520	-0.0647	-0.1176	2.0485	0.000	
3.233	0.0025	-0.1248	2.0821	0.1461	-0.1406	2.0294	-0.1894	-0.6141	2.4678	0.2121	-0.1673	2.0445	-0.2276	-0.1531	2.0180	0.0374	0.4669	1.7760	0.0696	-0.1281	2.0519	-0.0647	-0.1176	2.0485	0.000	
3.266	0.0023	-0.1248	2.0820	0.1450	-0.1405	2.0296	-0.1893	-0.6140	2.4678	0.2120	-0.1674	2.0444	-0.2276	-0.1533	2.0178	0.0373	0.4669	1.7759	0.0695	-0.1282	2.0518	-0.0648	-0.1176	2.0485	0.000	
3.300	0.0023	-0.1249	2.0820	0.1445	-0.1407	2.0295	-0.1894	-0.6139	2.4677	0.2120	-0.1674	2.0446	-0.2274	-0.1534	2.0177	0.0372	0.4669	1.7759	0.0695	-0.1282	2.0518	-0.0649	-0.1177	2.0485	0.000	
3.333	0.0025	-0.1249	2.0819	0.1448	-0.1407	2.0296	-0.1894	-0.6138	2.4676	0.2120	-0.1675	2.0446	-0.2272	-0.1534	2.0175	0.0371	0.4669	1.7759	0.0698	-0.1282	2.0517	-0.0647	-0.1178	2.0483	0.000	
3.366	0.0025	-0.1250	2.0819	0.1446	-0.1407	2.0298	-0.1894	-0.6136	2.4677	0.2119	-0.1675	2.0449	-0.2270	-0.1532	2.0174	0.0371	0.4669	1.7758	0.0698	-0.1283	2.0517	-0.0647	-0.1178	2.0483	0.000	
3.400	0.0027	-0.1251	2.0819	0.1306	-0.1412	2.0237	-0.1895	-0.6136	2.4676	0.2120	-0.1679	2.0451	-0.2267	-0.1533	2.0170	0.0370	0.4669	1.7758	0.0699	-0.1283	2.0516	-0.0645	-0.1180	2.0483	0.000	
3.433	0.0027	-0.1251	2.0819	0.1262	-0.1418	2.0215	-0.1894	-0.6138	2.4673	0.2116	-0.1681	2.0460	-0.2262	-0.1535	2.0168	0.0369	0.4669	1.7758	0.0699	-0.1283	2.0516	-0.0645	-0.1180	2.0483	0.000	
3.466	0.0026	-0.1252	2.0819	0.1266	-0.1420	2.0220	-0.1893	-0.6137	2.4674	0.2109	-0.1681	2.0481	-0.2259	-0.1533	2.0167	0.0369	0.4670	1.7759	0.0698	-0.1284	2.0518	-0.0646	-0.1181	2.0483	0.000	
3.500	0.0027	-0.1252	2.0819	0.1280	-0.1418	2.0228	-0.1893	-0.6139	2.4669	0.2107	-0.1684	2.0485	-0.2256	-0.1533	2.0163	0.0369	0.4670	1.7759	0.0700	-0.1285	2.0517	-0.0646	-0.1182	2.0482	0.000	
3.533	0.0025	-0.1253	2.0819	0.1298	-0.1418	2.0235	-0.1893	-0.6141	2.4666	0.2103	-0.1683	2.0492	-0.2256	-0.1545	2.0161	0.0368	0.4671	1.7759	0.0698	-0.1286	2.0518	-0.0648	-0.1183	2.0482	0.000	
3.566	0.0023	-0.1254	2.0818	0.1297	-0.1418	2.0235	-0.1893	-0.6144	2.4661	0.2102	-0.1691	2.0498	-0.2257	-0.1539	2.0160	0.0368	0.4671	1.7759	0.0696	-0.1287	2.0518	-0.0650	-0.1182	2.0481	0.000	
3.600	0.0022	-0.1254	2.0819	0.1298	-0.1420	2.0234	-0.1893	-0.6148	2.4656	0.2100	-0.1696	2.0501	-0.2257	-0.1537	2.0159	0.0367	0.4672	1.7759	0.0695	-0.1287	2.0518	-0.0651	-0.1182	2.0482	0.000	
3.633	0.0019	-0.1254	2.0819	0.1296	-0.1423	2.0234	-0.1892	-0.6151	2.4652	0.2098	-0.1695	2.0505	-0.2254	-0.1531	2.0154	0.0366	0.4672	1.7760	0.0691	-0.1288	2.0520	-0.0654	-0.1182	2.0481	0.000	
3.666	0.0021	-0.1255	2.0819	0.1272	-0.1423	2.0225	-0.1893	-0.6151	2.4651	0.2097	-0.1700	2.0509	-0.2254	-0.1532	2.0151	0.0366	0.4673	1.7760	0.0695	-0.1289	2.0519	-0.0653	-0.1183	2.0481	0.000	
3.700	0.0021	-0.1255	2.0819	0.1269	-0.1425	2.0222	-0.1892	-0.6155	2.4647	0.2093	-0.1700	2.0512	-0.2253	-0.1525	2.0148	0.0365	0.4673	1.7761	0.0694	-0.1289	2.0519	-0.0653	-0.1183	2.0481	0.000	
3.733	0.0018	-0.1256	2.0820	0.1234	-0.1421	2.0220	-0.1890	-0.6154	2.4651	0.2091	-0.1700	2.0513	-0.2253	-0.1523	2.0147	0.0364	0.4676	1.7763	0.0691	-0.1290	2.0520	-0.0656	-0.1183	2.0482	0.000	
3.800	0.0020	-0.1257	2.0820	0.1470	-0.1441	2.0288	-0.1891	-0.6153	2.4651	0.2090	-0.1703	2.0514	-0.2254	-0.1523	2.0146	0.0363	0.4679	1.7766	0.0694	-0.1291	2.0521	-0.0655	-0.1186	2.0480	0.000	
3.833	0.0016	-0.1256	2.0821	0.1475	-0.1447	2.0287	-0.1889	-0.6156	2.4646	0.2090	-0.1707	2.0514	-0.2255	-0.1526	2.0146	0.0362	0.4682	1.7769	0.0690	-0.1290	2.0523	-0.0658	-0.1184	2.0481	0.000	
3.866	0.0017	-0.1257	2.0820	0.1473	-0.1452	2.0284	-0.1889	-0.6154	2.4646	0.2090	-0.1707	2.0511	-0.2254	-0.1525	2.0145	0.0362	0.4683	1.7770	0.0692	-0.1291	2.0521	-0.0657	-0.1185	2.0480	0.000	
3.900	0.0019	-0.1257	2.0820	0.1021	-0.1454	2.0135	-0.1889	-0.6153	2.4647	0.2089	-0.1709	2.0512	-0.2254	-0.1521	2.0144	0.0361	0.4687	1.7772	0.0694	-0.1291	2.0521	-0.0656	-0.1185	2.0480	0.000	
3.933	0.0017	-0.1257	2.0819	0.1021	-0.1454	2.0133	-0.1888	-0.6153	2.4646	0.2088	-0.1710	2.0509	-0.2254	-0.1520	2.0143	0.0361	0.4688	1.7772	0.0692	-0.1291	2.0520	-0.0657	-0.1185	2.0479	0.000	
3.966	0.0018	-0.1257	2.0818	0.1015	-0.1452	2.0133	-0.1888	-0.6149	2.4650	0.2089	-0.1710	2.0509	-0.2255	-0.1520	2.0144	0.0362	0.4692	1.7778	0.0692	-0.1290	2.0520	-0.0657	-0.1185	2.0479	0.000	
4.000	0.0019	-0.1257	2.0818	0.1013	-0.1453	2.0129	-0.1889	-0.6148	2.4650	0.2089	-0.1710	2.0509	-0.2255	-0.1520	2.0144	0.0362	0.4695	1.7780	0.0694	-0.1290	2.0519	-0.0657	-0.1185	2.0478	0.000	
4.033	0.0019	-0.1256	2.0817	0.1007	-0.1455	2.0126	-0.1890	-0.6148	2.4650	0.2089	-0.1709	2.0506	-0.2255	-0.1519	2.0144	0.0362	0.4698	1.7782	0.0695	-0.1290	2.0518	-0.0656	-0.1185	2.0478	0.000	
4.066	0.0021	-0.1257	2.0816	0.0996	-0.1455	2.0123	-0.1890	-0.6130	2.4666	0.2089	-0.1706	2.0505	-0.2256	-0.1519	2.0144	0.0363	0.4699	1.7784	0.0697	-0.1290	2.0517	-0.0654	-0.1185	2.0476	0.000	
4.100	0.0020	-0.1256	2.0817	0.0994	-0.1454	2.0125	-0.1890	-0.6132	2.4663	0.2091	-0.1706	2.0505	-0.2259	-0.1522	2.0145	0.0364	0.4701	1.7785	0.0694	-0.1290	2.0518	-0.0655	-0.1184	2.0477	0.000	
4.133	0.0023	-0.1256	2.0815	0.0983	-0.1453	2.0122	-0.1894	-0.6146	2.4648	0.2101	-0.1708	2.0497	-0.2263	-0.1519	2.0146	0.0364	0.4703	1.7786	0.0698	-0.1289	2.0516	-0.0652	-0.1184	2.0476	0.000	
4.166	0.0017	-0.1254	2.0816	0.0987	-0.1452	2.0120	-0.1893	-0.6145	2.4648	0.2102	-0.1705	2.0497	-0.2266	-0.1518	2.0148	0.0365	0.4705	1.7788	0.0690	-0.1286	2.0517	-0.0656	-0.1183	2.0476	0.000	
4.200	0.0014	-0.1253	2.0817	0.0983	-0.1454	2.0120	-0.1894	-0.6145	2.4647	0.2102	-0.1703	2.0497	-0.2277	-0.1517	2.0150	0.0366	0.4708	1.7790	0.0686	-0.1286	2.0519	-0.0659	-0.1181	2.0477	0.000	
4.233	0.0016	-0.1253	2.0818	0.0984	-0.1453	2.0122	-0.1894	-0.6142	2.4650	0.2104	-0.1699	2.0499	-0.2285	-0.1512	2.0152	0.0368	0.4711	1.7793	0.0689	-0.1286	2.0520	-0.0658	-0.1181	2.0477	0.000	
4.266	0.0014	-0.1253	2.0818	0.0985	-0.1452	2.0123	-0.1893	-0.6146	2.4647	0.2108	-0.1696	2.0498	-0.2296	-0.1517	2.0153	0.0369	0.4712	1.7795	0.0687	-0.1286	2.0521	-0.0659	-0.1181	2.0477	0.000	
4.300	0.0013	-0.1253	2.0818	0.0985	-0.1453	2.0123	-0.1894	-0.6144	2.4648	0.2110	-0.1695	2.0497	-0.2300	-0.1518	2.0151	0.0370	0.4713	1.7794	0.0686	-0.1286	2.0521	-0.0661	-0.1180	2.0476	0.000	
4.333	0.0015	-0.1253	2.0820	0.0979	-0.1454	2.0124	-0.1895	-0.6135	2.4657	0.2111	-0.1692	2.0500	-0.2309	-0.1518	2.0154	0.0371	0.4716	1.7796	0.0688	-0.1286	2.0525	-0.0659	-0.1181	2.0478	0.000	
4.366	0.0015	-0.1252	2.0822	0.0972	-0.1454	2.0125	-0.1895	-0.6132	2.4660	0.2112	-0.1688	2.0499	-0.2311	-0.1518	2.0154	0.0373	0.4719	1.7798	0.0688	-0.1286	2.0526	-0.0658	-0.1179	2.0479	0.000	
4.400	0.0018	-0.1250	2.0824	0.1625	-0.1458	2.0352	-0.1896	-0.6132	2.4659	0.2113	-0.1683	2.0504	-0.2313	-0.1516	2.0155	0.0375	0.4721	1.7799	0.0690	-0.1284	2.0528	-0.0655	-0.1178	2.0482	0.000	
4.433	0.0017	-0.1249	2.0825	0.1581	-0.1441	2.0351	-0.1895	-0.6126	2.4664	0.2115	-0.1680	2.0514	-0.2314	-0.1518	2.0155	0.0376	0.4723	1.7801	0.0689	-0.1284	2.0529	-0.0656	-0.1177	2.0482	0.000	
4.466	0.0017	-0.1247	2.0827	0.1538	-0.1428	2.0349	-0.1895	-0.6125	2.4663	0.2117	-0.1679	2.0518	-0.2317	-0.1520	2.0154	0.0377	0.4724	1.7803	0.0688	-0.1282	2.0533	-0.0656	-0.1174	2.0484	0.000	
4.533	0.0020	-0.1244	2.0833	0.1516	-0.1417	2.0358	-0.1896	-0.6129	2.4656	0.2117	-0.1677	2.0517	-0.2314	-0.1514	2.0153	0.0379	0.4727	1.7807	0.0691	-0.1278	2.0539	-0.0653	-0.1171	2.0488	0.000	
4.566	0.0020	-0.1242	2.0836	0.1534	-0.1426	2.0359	-0.1896	-0.6131	2.4653	0.2118	-0.1677	2.0519	-0.2312	-0.1510	2.0153	0.0381	0.4729	1.7810	0.0691	-0.1278	2.0541	-0.0652	-0.1169	2.0492	0.000	
4.600	0.0019	-0.1241	2.0840	0.1572	-0.1447	2.0358	-0.1896	-0.6132	2.4651	0.2115	-0.1678	2.0526	-0.2311	-0.1509	2.0154	0.0382	0.4731	1.7813	0.0690	-0.1276	2.0548	-0.0653	-0.1168	2.0494	0.000	
4.633	0.0018	-0.1239	2.0844	0.1581	-0.1457	2.0356	-0.1874	-0.5672	2.4304	0.2115	-0.1678	2.0531	-0.2305	-0.1509	2.0155	0.0383	0.4732	1.7815	0.0689	-0.1275	2.0552	-0.0654	-0.1166	2.0497	0.000	
4.666	0.0022	-0.1238	2.0845	0.1589	-0.1458	2.0360	-0.1931	-0.6119	2.4655	0.2113	-0.1679	2.0531	-0.2301	-0.1507	2.0155	0.0384	0.4734	1.7817	0.0693	-0.1273	2.0553	-0.0650	-0.1165	2.0499	0.000	
4.700	0.0020	-0.1235	2.0849	0.1591	-0.1464	2.0357	-0.1906	-0.6129	2.4653	0.2114	-0.1680	2.0534	-0.2296	-0.1507	2.0157	0.0387	0.4738	1.7821	0.0692	-0.1271	2.0556	-0.0652	-0.1161	2.0504	0.000	
4.733	0.0026	-0.1234	2.0852	0.1572	-0.1457	2.0356	-0.1903	-0.6127	2.4656	0.2110	-0.1683	2.0543	-0.2284	-0.1509	2.0160	0.0389	0.4741	1.7824	0.0696	-0.1269	2.0557	-0.0645	-0.1161	2.0509	0.000	
4.766	0.0026	-0.1232	2.0855	0.1589	-0.1457	2.0366	-0.1899	-0.6130	2.4654	0.2110	-0.1685	2.0544	-0.2277	-0.1508	2.0160	0.0391	0.4742	1.7826	0.0695	-0.1266	2.0560	-0.0643	-0.1159	2.0512	0.000	
4.800	0.0026	-0.1230	2.0856	0.1594	-0.1456	2.0373	-0.1899	-0.6131	2.4652	0.2108	-0.1683	2.0547	-0.2265	-0.1501	2.0160	0.0394	0.4744	1.7827	0.0694	-0.1265	2.0562	-0.0643	-0.1158	2.0512	0.000	
4.833	0.0027	-0.1228	2.0860	0.1594	-0.1456	2.0374	-0.1899	-0.6131	2.4651	0.2104	-0.1681	2.0553	-0.2259	-0.1501	2.0159	0.0398	0.4746	1.7830	0.0696	-0.1260	2.0568	-0.0642	-0.1158	2.0514	0.000	
4.866	0.0028	-0.1227	2.0861	0.1604	-0.1458	2.0377	-0.1898	-0.6123	2.4660	0.2104	-0.1678	2.0558	-0.2254	-0.1503	2.0159	0.0401	0.4748	1.7832	0.0696	-0.1259	2.0570	-0.0641	-0.1156	2.0516	0.000	
4.900	0.0031	-0.1225	2.0865	0.1614	-0.1460	2.0382	-0.1898	-0.6125	2.4657	0.2104	-0.1672	2.0568	-0.2249	-0.1501	2.0157	0.0404	0.4749	1.7834	0.0700	-0.1255	2.0575	-0.0638	-0.1156	2.0518	0.000	
4.933	0.0030	-0.1222	2.0870	0.1622	-0.1453	2.0393	-0.1898	-0.6126	2.4656	0.2101	-0.1664	2.0585	-0.2246	-0.1499	2.0156	0.0408	0.4753	1.7838	0.0698	-0.1251	2.0581	-0.0638	-0.1153	2.0522	0.000	
4.966	0.0029	-0.1219	2.0872	0.1622	-0.1453	2.0395	-0.1897	-0.6130	2.4652	0.2099	-0.1662	2.0591	-0.2246	-0.1498	2.0154	0.0410	0.4754	1.7839	0.0696	-0.1249	2.0583	-0.0639	-0.1151	2.0524	0.000	
5.000	0.0032	-0.1217	2.0874	0.1615	-0.1451	2.0394	-0.1897	-0.6129	2.4651	0.2090	-0.1653	2.0617	-0.2243	-0.1496	2.0151	0.0413	0.4758	1.7842	0.0699	-0.1247	2.0585	-0.0636	-0.1149	2.0526	0.000	
5.033	0.0026	-0.1214	2.0881	0.1610	-0.1455	2.0398	-0.1894	-0.6127	2.4655	0.2089	-0.1646	2.0631	-0.2243	-0.1496	2.0151	0.0415	0.4760	1.7849	0.0693	-0.1247	2.0592	-0.0643	-0.1143	2.0533	0.000	
5.066	0.0024	-0.1212	2.0883	0.1611	-0.1449	2.0404	-0.1894	-0.6130	2.4653	0.2086	-0.1641	2.0645	-0.2248	-0.1497	2.0146	0.0417	0.4761	1.7850	0.0692	-0.1245	2.0594	-0.0645	-0.1142	2.0535	0.000	
5.100	0.0019	-0.1211	2.0887	0.1608	-0.1449	2.0408	-0.1893	-0.6128	2.4655	0.2083	-0.1639	2.0655	-0.2250	-0.1497	2.0144	0.0418	0.4761	1.7851	0.0687	-0.1245	2.0598	-0.0650	-0.1139	2.0538	0.000	
5.133	0.0017	-0.1210	2.0888	0.1608	-0.1447	2.0407	-0.1893	-0.6128	2.4654	0.2085	-0.1640	2.0657	-0.2248	-0.1496	2.0144	0.0419	0.4761	1.7852	0.0685	-0.1244	2.0599	-0.0652	-0.1137	2.0540	0.000	
5.166	0.0016	-0.1208	2.0890	0.1599	-0.1442	2.0414	-0.1893	-0.6128	2.4653	0.2087	-0.1640	2.0662	-0.2247	-0.1494	2.0143	0.0419	0.4762	1.7854	0.0684	-0.1243	2.0604	-0.0653	-0.1136	2.0540	0.000	
5.200	0.0020	-0.1207	2.0893	0.1601	-0.1433	2.0428	-0.1894	-0.6128	2.4653	0.2087	-0.1640	2.0668	-0.2246	-0.1494	2.0141	0.0419	0.4762	1.7856	0.0688	-0.1242	2.0606	-0.0649	-0.1135	2.0544	0.000	
5.266	0.0023	-0.1207	2.0895	0.1359	-0.1378	2.0384	-0.1895	-0.6125	2.4655	0.2088	-0.1636	2.0676	-0.2239	-0.1495	2.0140	0.0419	0.4764	1.7859	0.0693	-0.1241	2.0608	-0.0647	-0.1135	2.0545	0.000	
5.300	0.0024	-0.1206	2.0895	0.1381	-0.1368	2.0408	-0.1895	-0.6124	2.4655	0.2091	-0.1638	2.0675	-0.2236	-0.1496	2.0140	0.0419	0.4765	1.7860	0.0693	-0.1240	2.0608	-0.0647	-0.1135	2.0545	0.000	
5.333	0.0024	-0.1206	2.0895	0.1392	-0.1367	2.0413	-0.1895	-0.6124	2.4655	0.2091	-0.1638	2.0675	-0.2229	-0.1497	2.0140	0.0419	0.4765	1.7860	0.0694	-0.1240	2.0608	-0.0646	-0.1135	2.0545	0.000	
5.366	0.0029	-0.1205	2.0896	0.1349	-0.1378	2.0377	-0.1895	-0.6122	2.4656	0.2091	-0.1640	2.0675	-0.2228	-0.1502	2.0143	0.0418	0.4767	1.7862	0.0698	-0.1238	2.0607	-0.0641	-0.1135	2.0547	0.000	
5.400	0.0032	-0.1205	2.0895	0.1348	-0.1385	2.0366	-0.1896	-0.6121	2.4656	0.2090	-0.1640	2.0676	-0.2225	-0.1503	2.0143	0.0418	0.4768	1.7862	0.0702	-0.1237	2.0605	-0.0639	-0.1135	2.0548	0.000	
5.433	0.0032	-0.1204	2.0896	0.1362	-0.1384	2.0374	-0.1897	-0.6121	2.4655	0.2089	-0.1640	2.0676	-0.2220	-0.1506	2.0147	0.0417	0.4768	1.7863	0.0701	-0.1236	2.0606	-0.0638	-0.1134	2.0549	0.000	
5.466	0.0034	-0.1204	2.0896	0.1446	-0.1408	2.0378	-0.1897	-0.6122	2.4653	0.2090	-0.1640	2.0674	-0.2219	-0.1505	2.0147	0.0416	0.4769	1.7863	0.0704	-0.1235	2.0606	-0.0636	-0.1135	2.0548	0.000	
5.500	0.0034	-0.1204	2.0896	0.1486	-0.1422	2.0378	-0.1897	-0.6120	2.4655	0.2090	-0.1638	2.0672	-0.2218	-0.1509	2.0148	0.0416	0.4769	1.7863	0.0704	-0.1235	2.0605	-0.0635	-0.1136	2.0549	0.000	
5.533	0.0034	-0.1204	2.0896	0.1478	-0.1414	2.0388	-0.1898	-0.6123	2.4651	0.2089	-0.1638	2.0672	-0.2218	-0.1514	2.0150	0.0415	0.4770	1.7863	0.0704	-0.1235	2.0606	-0.0635	-0.1136	2.0549	0.000	
5.566	0.0034	-0.1204	2.0896	0.1415	-0.1417	2.0356	-0.1897	-0.6126	2.4648	0.2088	-0.1640	2.0669	-0.2218	-0.1511	2.0149	0.0414	0.4770	1.7863	0.0703	-0.1235	2.0606	-0.0635	-0.1135	2.0549	0.000	
5.600	0.0034	-0.1205	2.0896	0.1390	-0.1420	2.0343	-0.1897	-0.6125	2.4648	0.2087	-0.1642	2.0668	-0.2217	-0.1509	2.0149	0.0414	0.4771	1.7863	0.0704	-0.1236	2.0607	-0.0635	-0.1136	2.0549	0.000	
5.633	0.0033	-0.1205	2.0896	0.1398	-0.1415	2.0354	-0.1897	-0.6125	2.4647	0.2087	-0.1645	2.0663	-0.2222	-0.1508	2.0151	0.0414	0.4771	1.7863	0.0703	-0.1237	2.0607	-0.0637	-0.1136	2.0549	0.000	
5.666	0.0033	-0.1205	2.0896	0.1396	-0.1415	2.0356	-0.1897	-0.6128	2.4643	0.2085	-0.1645	2.0660	-0.2223	-0.1508	2.0151	0.0413	0.4772	1.7863	0.0704	-0.1237	2.0607	-0.0637	-0.1136	2.0548	0.000	
5.700	0.0033	-0.1206	2.0895	0.1372	-0.1415	2.0347	-0.1896	-0.6126	2.4642	0.2084	-0.1646	2.0658	-0.2224	-0.1509	2.0152	0.0413	0.4773	1.7863	0.0703	-0.1237	2.0606	-0.0638	-0.1137	2.0545	0.000	
5.733	0.0031	-0.1207	2.0895	0.1414	-0.1414	2.0367	-0.1941	-0.6106	2.4648	0.2085	-0.1649	2.0654	-0.2226	-0.1507	2.0155	0.0412	0.4774	1.7863	0.0701	-0.1239	2.0606	-0.0640	-0.1137	2.0545	0.000	
5.766	0.0029	-0.1207	2.0894	0.1412	-0.1417	2.0366	-0.1921	-0.6125	2.4634	0.2088	-0.1652	2.0648	-0.2230	-0.1507	2.0155	0.0412	0.4774	1.7863	0.0700	-0.1240	2.0606	-0.0642	-0.1137	2.0544	0.000	
5.800	0.0024	-0.1207	2.0891	0.1360	-0.1424	2.0335	-0.1900	-0.6104	2.4659	0.2093	-0.1655	2.0645	-0.2233	-0.1509	2.0154	0.0411	0.4774	1.7863	0.0694	-0.1240	2.0602	-0.0646	-0.1138	2.0542	0.000	
5.833	0.0024	-0.1208	2.0890	0.1361	-0.1427	2.0333	-0.1899	-0.6107	2.4655	0.2095	-0.1657	2.0641	-0.2233	-0.1507	2.0152	0.0411	0.4774	1.7863	0.0693	-0.1241	2.0602	-0.0646	-0.1138	2.0540	0.000	
5.866	0.0024	-0.1209	2.0889	0.1295	-0.1432	2.0302	-0.1898	-0.6112	2.4648	0.2095	-0.1660	2.0639	-0.2232	-0.1508	2.0150	0.0411	0.4774	1.7862	0.0693	-0.1242	2.0601	-0.0645	-0.1139	2.0538	0.000	
5.900	0.0022	-0.1211	2.0885	0.1351	-0.1457	2.0290	-0.1896	-0.6112	2.4646	0.2092	-0.1664	2.0633	-0.2231	-0.1508	2.0148	0.0410	0.4775	1.7861	0.0691	-0.1243	2.0597	-0.0647	-0.1141	2.0534	0.000	
5.933	0.0023	-0.1212	2.0884	0.1271	-0.1452	2.0263	-0.1896	-0.6113	2.4645	0.2091	-0.1666	2.0629	-0.2233	-0.1511	2.0146	0.0409	0.4775	1.7860	0.0691	-0.1244	2.0595	-0.0647	-0.1143	2.0533	0.000	
5.966	0.0020	-0.1215	2.0878	0.1285	-0.1452	2.0269	-0.1893	-0.6121	2.4634	0.2090	-0.1667	2.0624	-0.2232	-0.1512	2.0140	0.0408	0.4775	1.7858	0.0689	-0.1247	2.0590	-0.0649	-0.1145	2.0527	0.000	
6.000	0.0023	-0.1220	2.0873	0.1249	-0.1458	2.0249	-0.1894	-0.6119	2.4636	0.2091	-0.1666	2.0622	-0.2232	-0.1516	2.0134	0.0408	0.4776	1.7857	0.0692	-0.1251	2.0586	-0.0647	-0.1152	2.0521	0.000	
6.033	0.0028	-0.1226	2.0867	0.1246	-0.1459	2.0244	-0.1895	-0.6118	2.4637	0.2090	-0.1669	2.0621	-0.2231	-0.1517	2.0130	0.0407	0.4775	1.7856	0.0697	-0.1256	2.0581	-0.0643	-0.1160	2.0513	0.000	
6.066	0.0030	-0.1232	2.0858	0.1220	-0.1462	2.0232	-0.1895	-0.6116	2.4635	0.2090	-0.1669	2.0614	-0.2226	-0.1513	2.0124	0.0406	0.4775	1.7853	0.0701	-0.1263	2.0570	-0.0642	-0.1165	2.0507	0.000	
6.100	0.0035	-0.1237	2.0853	0.1218	-0.1462	2.0231	-0.1895	-0.6120	2.4631	0.2090	-0.1669	2.0612	-0.2222	-0.1515	2.0117	0.0405	0.4774	1.7851	0.0706	-0.1266	2.0565	-0.0637	-0.1171	2.0502	0.000	
6.133	0.0035	-0.1239	2.0851	0.1216	-0.1464	2.0228	-0.1895	-0.6121	2.4628	0.2090	-0.1671	2.0609	-0.2218	-0.1521	2.0109	0.0404	0.4773	1.7850	0.0706	-0.1269	2.0563	-0.0637	-0.1172	2.0500	0.000	
6.166	0.0041	-0.1242	2.0847	0.1295	-0.1449	2.0271	-0.1893	-0.6112	2.4636	0.2092	-0.1672	2.0604	-0.2217	-0.1526	2.0106	0.0403	0.4772	1.7849	0.0714	-0.1272	2.0558	-0.0632	-0.1176	2.0497	0.000	
6.200	0.0040	-0.1246	2.0844	0.1303	-0.1451	2.0275	-0.1893	-0.6110	2.4636	0.2091	-0.1674	2.0600	-0.2217	-0.1534	2.0100	0.0401	0.4770	1.7847	0.0713	-0.1275	2.0556	-0.0634	-0.1179	2.0493	0.000	
6.233	0.0043	-0.1250	2.0839	0.1306	-0.1447	2.0283	-0.1893	-0.6115	2.4631	0.2089	-0.1675	2.0598	-0.2209	-0.1538	2.0089	0.0400	0.4769	1.7846	0.0719	-0.1280	2.0549	-0.0633	-0.1182	2.0490	0.000	
6.266	0.0039	-0.1254	2.0833	0.1322	-0.1446	2.0291	-0.1891	-0.6114	2.4630	0.2084	-0.1676	2.0591	-0.2204	-0.1542	2.0081	0.0400	0.4768	1.7844	0.0716	-0.1284	2.0545	-0.0639	-0.1186	2.0481	0.000	
6.300	0.0041	-0.1256	2.0831	0.1409	-0.1456	2.0318	-0.1891	-0.6110	2.4633	0.2080	-0.1678	2.0589	-0.2204	-0.1544	2.0077	0.0400	0.4767	1.7843	0.0718	-0.1285	2.0544	-0.0638	-0.1189	2.0477	0.000	
6.333	0.0041	-0.1257	2.0829	-0.0070	-0.1686	2.0062	-0.1891	-0.6107	2.4633	0.2078	-0.1680	2.0584	-0.2203	-0.1540	2.0074	0.0399	0.4765	1.7840	0.0718	-0.1286	2.0543	-0.0637	-0.1191	2.0474	0.000	
6.366	0.0039	-0.1259	2.0828	-0.1977	-0.3263	2.0976	-0.1889	-0.6106	2.4634	0.2077	-0.1683	2.0584	-0.2202	-0.1543	2.0074	0.0398	0.4764	1.7838	0.0716	-0.1287	2.0543	-0.0640	-0.1192	2.0471	0.000	
6.400	0.0039	-0.1261	2.0818	-0.1981	-0.3252	2.0945	-0.1888	-0.6104	2.4630	0.2076	-0.1690	2.0573	-0.2199	-0.1542	2.0067	0.0397	0.4761	1.7830	0.0716	-0.1290	2.0533	-0.0640	-0.1194	2.0464	0.000	
6.466	0.0039	-0.1262	2.0815	-0.1817	-0.3993	2.3337	-0.1887	-0.6110	2.4624	0.2072	-0.1697	2.0565	-0.2200	-0.1542	2.0066	0.0397	0.4758	1.7826	0.0717	-0.1292	2.0528	-0.0641	-0.1195	2.0461	0.000	
6.500	0.0041	-0.1265	2.0811	-0.1810	-0.3993	2.3343	-0.1888	-0.6110	2.4623	0.2070	-0.1699	2.0563	-0.2201	-0.1538	2.0066	0.0396	0.4755	1.7823	0.0721	-0.1295	2.0521	-0.0640	-0.1196	2.0460	0.000	
6.533	0.0041	-0.1266	2.0809	-0.1787	-0.3982	2.3387	-0.1886	-0.6109	2.4624	0.2069	-0.1702	2.0563	-0.2203	-0.1538	2.0068	0.0396	0.4753	1.7819	0.0721	-0.1296	2.0519	-0.0640	-0.1198	2.0458	0.000	
6.566	0.0041	-0.1267	2.0808	-0.1770	-0.3957	2.3415	-0.1886	-0.6109	2.4624	0.2069	-0.1703	2.0560	-0.2203	-0.1537	2.0068	0.0395	0.4750	1.7817	0.0721	-0.1296	2.0519	-0.0640	-0.1199	2.0456	0.000	
6.600	0.0041	-0.1268	2.0807	-0.1729	-0.4021	2.3467	-0.1885	-0.6106	2.4626	0.2070	-0.1703	2.0559	-0.2203	-0.1537	2.0068	0.0395	0.4748	1.7816	0.0721	-0.1297	2.0518	-0.0640	-0.1200	2.0455	0.000	
6.633	0.0041	-0.1268	2.0807	-0.1726	-0.4024	2.3445	-0.1887	-0.6106	2.4626	0.2070	-0.1705	2.0559	-0.2204	-0.1537	2.0071	0.0395	0.4745	1.7813	0.0721	-0.1298	2.0518	-0.0640	-0.1201	2.0455	0.000	
6.666	0.0037	-0.1269	2.0805	-0.1809	-0.4005	2.3316	-0.1886	-0.6106	2.4625	0.2070	-0.1706	2.0559	-0.2205	-0.1536	2.0071	0.0394	0.4743	1.7812	0.0716	-0.1299	2.0517	-0.0643	-0.1201	2.0452	0.000	
6.700	0.0034	-0.1270	2.0804	-0.1856	-0.3957	2.3246	-0.1885	-0.6106	2.4626	0.2071	-0.1706	2.0559	-0.2203	-0.1532	2.0070	0.0394	0.4741	1.7811	0.0712	-0.1299	2.0517	-0.0645	-0.1202	2.0451	0.000	
6.733	0.0032	-0.1271	2.0803	-0.1865	-0.3930	2.3228	-0.1887	-0.6109	2.4622	0.2071	-0.1706	2.0559	-0.2202	-0.1528	2.0068	0.0393	0.4738	1.7809	0.0710	-0.1300	2.0517	-0.0648	-0.1204	2.0449	0.000	
6.766	0.0032	-0.1272	2.0802	-0.1875	-0.3921	2.3215	-0.1888	-0.6108	2.4622	0.2071	-0.1708	2.0561	-0.2203	-0.1528	2.0066	0.0393	0.4735	1.7807	0.0710	-0.1300	2.0516	-0.0647	-0.1206	2.0445	0.000	
6.800	0.0033	-0.1274	2.0799	-0.1879	-0.3916	2.3207	-0.1886	-0.6108	2.4622	0.2072	-0.1708	2.0560	-0.2205	-0.1529	2.0064	0.0393	0.4733	1.7804	0.0710	-0.1301	2.0515	-0.0645	-0.1209	2.0443	0.000	
6.833	0.0033	-0.1274	2.0799	-0.1801	-0.3993	2.3338	-0.1885	-0.6109	2.4621	0.2073	-0.1710	2.0558	-0.2205	-0.1537	2.0062	0.0393	0.4731	1.7801	0.0711	-0.1301	2.0514	-0.0645	-0.1209	2.0442	0.000	
6.866	0.0031	-0.1276	2.0798	-0.1781	-0.4031	2.3363	-0.1885	-0.6109	2.4622	0.2073	-0.1711	2.0558	-0.2207	-0.1536	2.0059	0.0393	0.4729	1.7798	0.0709	-0.1304	2.0514	-0.0648	-0.1211	2.0441	0.000	
6.900	0.0030	-0.1279	2.0797	-0.1799	-0.4026	2.3343	-0.1886	-0.6109	2.4623	0.2073	-0.1712	2.0557	-0.2208	-0.1537	2.0057	0.0393	0.4727	1.7796	0.0707	-0.1306	2.0514	-0.0649	-0.1212	2.0440	0.000	
6.933	0.0029	-0.1280	2.0795	-0.1803	-0.4030	2.3330	-0.1886	-0.6109	2.4623	0.2073	-0.1714	2.0555	-0.2210	-0.1538	2.0054	0.0392	0.4725	1.7794	0.0707	-0.1308	2.0511	-0.0650	-0.1213	2.0438	0.000	
6.966	0.0032	-0.1285	2.0790	-0.1806	-0.4040	2.3322	-0.1887	-0.6108	2.4624	0.2071	-0.1720	2.0546	-0.2211	-0.1539	2.0043	0.0393	0.4720	1.7784	0.0710	-0.1313	2.0505	-0.0647	-0.1219	2.0434	0.000	
7.000	0.0027	-0.1288	2.0787	-0.1810	-0.4056	2.3313	-0.1886	-0.6106	2.4626	0.2071	-0.1721	2.0543	-0.2214	-0.1548	2.0040	0.0393	0.4718	1.7779	0.0705	-0.1316	2.0504	-0.0652	-0.1221	2.0430	0.000	
7.033	0.0027	-0.1289	2.0787	-0.1809	-0.4063	2.3312	-0.1886	-0.6105	2.4626	0.2071	-0.1720	2.0543	-0.2213	-0.1551	2.0040	0.0393	0.4716	1.7778	0.0705	-0.1317	2.0504	-0.0652	-0.1223	2.0429	0.000	
7.066	0.0023	-0.1291	2.0785	-0.1799	-0.4072	2.3310	-0.1885	-0.6104	2.4628	0.2072	-0.1722	2.0542	-0.2215	-0.1553	2.0039	0.0392	0.4713	1.7773	0.0701	-0.1319	2.0503	-0.0656	-0.1225	2.0426	0.000	
7.100	0.0020	-0.1294	2.0783	-0.1799	-0.4086	2.3304	-0.1883	-0.6106	2.4627	0.2074	-0.1726	2.0535	-0.2214	-0.1548	2.0038	0.0391	0.4709	1.7765	0.0699	-0.1321	2.0501	-0.0659	-0.1226	2.0424	0.000	
7.133	0.0020	-0.1296	2.0781	-0.1798	-0.4095	2.3304	-0.1883	-0.6106	2.4628	0.2074	-0.1727	2.0533	-0.2214	-0.1550	2.0036	0.0389	0.4704	1.7760	0.0698	-0.1325	2.0498	-0.0659	-0.1228	2.0424	0.000	
7.166	0.0020	-0.1298	2.0780	-0.1784	-0.4106	2.3301	-0.1884	-0.6111	2.4622	0.2073	-0.1728	2.0532	-0.2214	-0.1550	2.0035	0.0387	0.4701	1.7754	0.0698	-0.1327	2.0496	-0.0660	-0.1229	2.0423	0.000	
7.200	0.0020	-0.1298	2.0778	-0.1768	-0.4116	2.3306	-0.1885	-0.6110	2.4622	0.2074	-0.1730	2.0525	-0.2215	-0.1548	2.0035	0.0385	0.4697	1.7748	0.0698	-0.1328	2.0493	-0.0659	-0.1230	2.0421	0.000	
7.233	0.0020	-0.1302	2.0774	-0.1763	-0.4118	2.3307	-0.1884	-0.6110	2.4623	0.2073	-0.1731	2.0524	-0.2219	-0.1558	2.0037	0.0383	0.4693	1.7743	0.0698	-0.1331	2.0490	-0.0658	-0.1234	2.0419	0.000	
7.266	0.0018	-0.1305	2.0772	-0.1758	-0.4119	2.3309	-0.1884	-0.6109	2.4624	0.2072	-0.1734	2.0524	-0.2220	-0.1563	2.0039	0.0382	0.4690	1.7737	0.0696	-0.1334	2.0488	-0.0661	-0.1236	2.0416	0.000	
7.300	0.0019	-0.1307	2.0770	-0.0541	-0.5448	2.3764	-0.1884	-0.6109	2.4624	0.2071	-0.1734	2.0522	-0.2221	-0.1567	2.0040	0.0380	0.4688	1.7733	0.0697	-0.1336	2.0484	-0.0659	-0.1238	2.0415	0.000	
7.333	0.0019	-0.1309	2.0768	-0.0545	-0.5443	2.3764	-0.1885	-0.6110	2.4623	0.2071	-0.1737	2.0518	-0.2222	-0.1578	2.0042	0.0379	0.4684	1.7728	0.0697	-0.1338	2.0481	-0.0659	-0.1239	2.0414	0.000	
7.366	0.0021	-0.1310	2.0766	0.0242	-0.5510	2.4042	-0.1886	-0.6111	2.4622	0.2071	-0.1736	2.0515	-0.2226	-0.1579	2.0041	0.0377	0.4680	1.7724	0.0698	-0.1340	2.0479	-0.0657	-0.1241	2.0413	0.000	
7.400	0.0024	-0.1312	2.0764	0.0304	-0.5503	2.4059	-0.1886	-0.6108	2.4625	0.2070	-0.1739	2.0513	-0.2230	-0.1581	2.0036	0.0375	0.4675	1.7719	0.0701	-0.1341	2.0477	-0.0654	-0.1243	2.0412	0.000	
7.433	0.0023	-0.1314	2.0763	0.0363	-0.5500	2.4073	-0.1889	-0.6118	2.4615	0.2069	-0.1742	2.0508	-0.2232	-0.1581	2.0032	0.0373	0.4672	1.7714	0.0700	-0.1344	2.0475	-0.0654	-0.1245	2.0410	0.000	
7.466	0.0023	-0.1315	2.0761	0.0382	-0.5496	2.4077	-0.1889	-0.6115	2.4616	0.2067	-0.1742	2.0498	-0.2231	-0.1584	2.0028	0.0372	0.4668	1.7710	0.0699	-0.1344	2.0473	-0.0653	-0.1246	2.0409	0.000	
7.500	0.0022	-0.1319	2.0755	-0.1766	-0.4132	2.3233	-0.1877	-0.5675	2.4264	0.2066	-0.1744	2.0491	-0.2228	-0.1588	2.0023	0.0369	0.4661	1.7703	0.0697	-0.1348	2.0466	-0.0655	-0.1249	2.0405	0.000	
7.533	0.0022	-0.1320	2.0754	-0.1762	-0.4129	2.3242	-0.1874	-0.5667	2.4250	0.2064	-0.1744	2.0488	-0.2230	-0.1593	2.0022	0.0367	0.4658	1.7700	0.0697	-0.1350	2.0463	-0.0654	-0.1249	2.0405	0.000	
7.566	0.0017	-0.1322	2.0750	-0.1756	-0.4128	2.3247	-0.1899	-0.6092	2.4631	0.2069	-0.1749	2.0479	-0.2231	-0.1598	2.0021	0.0367	0.4654	1.7696	0.0694	-0.1352	2.0461	-0.0660	-0.1251	2.0397	0.000	
7.633	0.0017	-0.1324	2.0745	-0.1758	-0.4060	2.3251	-0.1897	-0.6096	2.4624	0.2070	-0.1754	2.0473	-0.2233	-0.1599	2.0011	0.0362	0.4644	1.7687	0.0693	-0.1355	2.0454	-0.0661	-0.1253	2.0394	0.000	
7.666	0.0018	-0.1327	2.0742	0.0129	-0.1868	1.9814	-0.1895	-0.6096	2.4624	0.2069	-0.1753	2.0473	-0.2237	-0.1600	2.0006	0.0361	0.4641	1.7684	0.0695	-0.1358	2.0452	-0.0660	-0.1255	2.0392	0.000	
7.700	0.0019	-0.1331	2.0741	0.0087	-0.1862	1.9834	-0.1895	-0.6103	2.4623	0.2070	-0.1754	2.0470	-0.2238	-0.1603	2.0007	0.0359	0.4634	1.7678	0.0696	-0.1361	2.0449	-0.0659	-0.1261	2.0392	0.000	
7.733	0.0023	-0.1335	2.0737	-0.1421	-0.3641	2.0918	-0.1895	-0.6104	2.4622	0.2066	-0.1759	2.0470	-0.2240	-0.1605	2.0006	0.0357	0.4630	1.7674	0.0700	-0.1365	2.0444	-0.0656	-0.1265	2.0389	0.000	
7.766	0.0022	-0.1337	2.0732	-0.2095	-0.3664	2.0986	-0.1894	-0.6106	2.4620	0.2065	-0.1761	2.0471	-0.2241	-0.1607	2.0002	0.0356	0.4627	1.7671	0.0699	-0.1366	2.0439	-0.0655	-0.1267	2.0385	0.000	
7.800	0.0025	-0.1340	2.0728	0.0204	-0.1752	1.9872	-0.1892	-0.6105	2.4619	0.2068	-0.1764	2.0464	-0.2241	-0.1612	1.9999	0.0354	0.4622	1.7667	0.0701	-0.1371	2.0431	-0.0653	-0.1268	2.0383	0.000	
7.833	0.0021	-0.1341	2.0725	0.0237	-0.1755	1.9864	-0.1889	-0.6103	2.4620	0.2068	-0.1765	2.0464	-0.2242	-0.1610	1.9997	0.0353	0.4619	1.7664	0.0697	-0.1374	2.0427	-0.0657	-0.1268	2.0382	0.000	
7.866	0.0021	-0.1343	2.0723	-0.1374	-0.3449	2.0817	-0.1890	-0.6103	2.4620	0.2068	-0.1766	2.0462	-0.2241	-0.1612	1.9995	0.0352	0.4615	1.7661	0.0697	-0.1375	2.0426	-0.0657	-0.1270	2.0380	0.000	
7.900	0.0024	-0.1346	2.0719	-0.1675	-0.3320	2.0459	-0.1890	-0.6101	2.4620	0.2069	-0.1768	2.0461	-0.2242	-0.1614	1.9992	0.0351	0.4611	1.7657	0.0702	-0.1377	2.0422	-0.0654	-0.1274	2.0375	0.000	
7.933	0.0024	-0.1348	2.0718	-0.1696	-0.3325	2.0453	-0.1890	-0.6101	2.4621	0.2069	-0.1771	2.0460	-0.2242	-0.1615	1.9993	0.0350	0.4608	1.7654	0.0702	-0.1378	2.0422	-0.0656	-0.1277	2.0374	0.000	
7.966	0.0023	-0.1350	2.0716	0.0057	-0.1815	1.9885	-0.1876	-0.5653	2.4232	0.2067	-0.1776	2.0454	-0.2243	-0.1617	1.9990	0.0349	0.4606	1.7650	0.0701	-0.1381	2.0420	-0.0656	-0.1279	2.0372	0.000	
8.000	0.0023	-0.1353	2.0711	-0.1299	-0.2950	2.0661	-0.1901	-0.6079	2.4635	0.2068	-0.1778	2.0446	-0.2245	-0.1624	1.9987	0.0347	0.4602	1.7645	0.0702	-0.1385	2.0414	-0.0657	-0.1281	2.0368	0.000	
8.033	0.0024	-0.1355	2.0709	0.0066	-0.1792	1.9884	-0.1897	-0.6080	2.4635	0.2070	-0.1779	2.0441	-0.2247	-0.1625	1.9985	0.0346	0.4600	1.7644	0.0702	-0.1387	2.0411	-0.0657	-0.1282	2.0367	0.000	
8.066	0.0016	-0.1358	2.0706	0.0064	-0.1791	1.9888	-0.1897	-0.6084	2.4634	0.2068	-0.1780	2.0438	-0.2247	-0.1625	1.9984	0.0345	0.4597	1.7641	0.0696	-0.1390	2.0408	-0.0666	-0.1285	2.0364	0.000	
8.100	0.0010	-0.1362	2.0699	0.0034	-0.1795	1.9896	-0.1895	-0.6091	2.4624	0.2066	-0.1783	2.0435	-0.2247	-0.1622	1.9986	0.0343	0.4594	1.7636	0.0691	-0.1396	2.0403	-0.0672	-0.1287	2.0356	0.000	
8.133	0.0009	-0.1364	2.0698	0.0020	-0.1794	1.9904	-0.1894	-0.6102	2.4613	0.2064	-0.1788	2.0426	-0.2251	-0.1623	1.9984	0.0342	0.4590	1.7632	0.0690	-0.1399	2.0402	-0.0673	-0.1288	2.0355	0.000	
8.166	0.0008	-0.1365	2.0698	-0.1300	-0.3106	2.0817	-0.1891	-0.6103	2.4614	0.2063	-0.1792	2.0414	-0.2253	-0.1623	1.9983	0.0340	0.4587	1.7628	0.0689	-0.1400	2.0401	-0.0674	-0.1289	2.0355	0.000	
8.200	0.0009	-0.1366	2.0696	-0.1284	-0.3068	2.0778	-0.1891	-0.6102	2.4614	0.2062	-0.1794	2.0409	-0.2253	-0.1624	1.9984	0.0338	0.4584	1.7628	0.0691	-0.1402	2.0396	-0.0673	-0.1290	2.0355	0.000	
8.233	0.0014	-0.1369	2.0693	-0.1282	-0.3065	2.0775	-0.1891	-0.6100	2.4616	0.2063	-0.1800	2.0401	-0.2253	-0.1625	1.9983	0.0337	0.4583	1.7626	0.0694	-0.1403	2.0392	-0.0667	-0.1294	2.0352	0.000	
8.266	0.0016	-0.1371	2.0691	-0.1286	-0.3077	2.0784	-0.1894	-0.6110	2.4607	0.2065	-0.1805	2.0395	-0.2255	-0.1626	1.9984	0.0336	0.4582	1.7624	0.0696	-0.1404	2.0391	-0.0664	-0.1297	2.0351	0.000	
8.300	0.0013	-0.1372	2.0690	0.0002	-0.1758	1.9941	-0.1892	-0.6111	2.4608	0.2063	-0.1806	2.0391	-0.2256	-0.1627	1.9984	0.0333	0.4579	1.7623	0.0694	-0.1405	2.0390	-0.0668	-0.1299	2.0350	0.000	
8.366	0.0009	-0.1375	2.0688	-0.0138	-0.1774	2.0007	-0.1904	-0.6098	2.4619	0.2063	-0.1811	2.0384	-0.2261	-0.1640	1.9989	0.0331	0.4577	1.7620	0.0691	-0.1407	2.0389	-0.0673	-0.1301	2.0348	0.000	
8.400	0.0007	-0.1376	2.0688	-0.0127	-0.1777	1.9998	-0.1898	-0.6105	2.4614	0.2064	-0.1815	2.0383	-0.2262	-0.1638	1.9990	0.0330	0.4576	1.7619	0.0689	-0.1408	2.0389	-0.0675	-0.1302	2.0348	0.000	
8.433	0.0008	-0.1376	2.0688	-0.1197	-0.2853	2.0632	-0.1897	-0.6107	2.4613	0.2064	-0.1813	2.0381	-0.2270	-0.1636	1.9995	0.0329	0.4576	1.7619	0.0689	-0.1408	2.0388	-0.0673	-0.1303	2.0349	0.000	
8.466	0.0006	-0.1376	2.0687	-0.0169	-0.1775	2.0029	-0.1893	-0.6108	2.4611	0.2062	-0.1814	2.0377	-0.2271	-0.1636	1.9997	0.0327	0.4575	1.7618	0.0687	-0.1409	2.0386	-0.0675	-0.1302	2.0348	0.000	
8.500	0.0006	-0.1376	2.0687	-0.0163	-0.1774	2.0023	-0.1892	-0.6108	2.4611	0.2062	-0.1814	2.0376	-0.2273	-0.1635	1.9999	0.0326	0.4575	1.7617	0.0687	-0.1409	2.0386	-0.0674	-0.1301	2.0349	0.000	
8.533	0.0005	-0.1376	2.0687	-0.0163	-0.1776	2.0020	-0.1892	-0.6109	2.4609	0.2061	-0.1814	2.0375	-0.2273	-0.1628	1.9998	0.0324	0.4576	1.7617	0.0686	-0.1409	2.0386	-0.0674	-0.1301	2.0349	0.000	
8.566	0.0003	-0.1375	2.0687	-0.0155	-0.1778	2.0012	-0.1891	-0.6109	2.4609	0.2060	-0.1815	2.0375	-0.2278	-0.1627	2.0003	0.0323	0.4576	1.7617	0.0684	-0.1410	2.0386	-0.0677	-0.1300	2.0350	0.000	
8.600	0.0003	-0.1375	2.0687	-0.0154	-0.1779	2.0010	-0.1891	-0.6108	2.4609	0.2060	-0.1815	2.0374	-0.2278	-0.1624	2.0007	0.0322	0.4576	1.7617	0.0683	-0.1409	2.0386	-0.0677	-0.1300	2.0349	0.000	
8.633	0.0003	-0.1375	2.0687	-0.0146	-0.1778	2.0004	-0.1882	-0.5538	2.4131	0.2059	-0.1816	2.0374	-0.2277	-0.1626	2.0007	0.0320	0.4576	1.7617	0.0683	-0.1409	2.0386	-0.0677	-0.1299	2.0349	0.000	
8.666	-0.0004	-0.1374	2.0688	-0.1183	-0.2884	2.0587	-0.2017	-0.5291	2.3921	0.2059	-0.1818	2.0375	-0.2281	-0.1621	2.0011	0.0320	0.4576	1.7618	0.0676	-0.1409	2.0387	-0.0685	-0.1296	2.0351	0.000	
8.700	-0.0005	-0.1374	2.0689	-0.0082	-0.1810	1.9948	-0.1915	-0.6081	2.4630	0.2058	-0.1815	2.0374	-0.2281	-0.1623	2.0012	0.0318	0.4576	1.7618	0.0675	-0.1410	2.0387	-0.0685	-0.1295	2.0352	0.000	
8.733	-0.0004	-0.1372	2.0689	-0.0082	-0.1812	1.9945	-0.1911	-0.6085	2.4626	0.2057	-0.1814	2.0374	-0.2286	-0.1619	2.0017	0.0318	0.4577	1.7619	0.0676	-0.1408	2.0388	-0.0685	-0.1295	2.0352	0.000	
8.766	-0.0005	-0.1372	2.0689	-0.0073	-0.1822	1.9926	-0.1908	-0.6086	2.4625	0.2056	-0.1813	2.0373	-0.2289	-0.1618	2.0017	0.0317	0.4577	1.7619	0.0675	-0.1407	2.0388	-0.0685	-0.1295	2.0352	0.000	
8.800	-0.0007	-0.1372	2.0691	-0.0072	-0.1822	1.9928	-0.1906	-0.6089	2.4624	0.2056	-0.1813	2.0373	-0.2291	-0.1621	2.0018	0.0316	0.4579	1.7620	0.0673	-0.1407	2.0391	-0.0687	-0.1294	2.0353	0.000	
8.833	-0.0008	-0.1371	2.0692	-0.0085	-0.1822	1.9934	-0.1905	-0.6090	2.4623	0.2055	-0.1812	2.0373	-0.2293	-0.1630	2.0020	0.0315	0.4580	1.7621	0.0672	-0.1407	2.0391	-0.0687	-0.1292	2.0355	0.000	
8.866	-0.0006	-0.1370	2.0692	-0.0093	-0.1818	1.9939	-0.1904	-0.6093	2.4621	0.2054	-0.1811	2.0373	-0.2294	-0.1627	2.0020	0.0315	0.4582	1.7622	0.0674	-0.1406	2.0390	-0.0685	-0.1292	2.0356	0.000	
8.900	-0.0004	-0.1370	2.0693	-0.0102	-0.1814	1.9947	-0.1901	-0.6096	2.4620	0.2055	-0.1811	2.0374	-0.2295	-0.1626	2.0021	0.0315	0.4583	1.7623	0.0675	-0.1406	2.0391	-0.0683	-0.1291	2.0359	0.000	
8.933	0.0005	-0.1370	2.0697	-0.0115	-0.1813	1.9951	-0.1900	-0.6092	2.4630	0.2055	-0.1810	2.0373	-0.2295	-0.1627	2.0022	0.0315	0.4584	1.7624	0.0685	-0.1404	2.0391	-0.0674	-0.1294	2.0366	0.000	
8.966	0.0005	-0.1369	2.0697	-0.0115	-0.1808	1.9954	-0.1898	-0.6091	2.4632	0.2055	-0.1810	2.0373	-0.2295	-0.1622	2.0018	0.0314	0.4584	1.7626	0.0684	-0.1403	2.0393	-0.0674	-0.1294	2.0366	0.000	
9.000	0.0010	-0.1370	2.0697	-0.0123	-0.1808	1.9957	-0.1898	-0.6091	2.4631	0.2055	-0.1809	2.0373	-0.2295	-0.1621	2.0018	0.0315	0.4584	1.7627	0.0689	-0.1402	2.0393	-0.0669	-0.1295	2.0365	0.000	
9.033	0.0013	-0.1369	2.0698	-0.0127	-0.1799	1.9964	-0.1897	-0.6094	2.4629	0.2054	-0.1808	2.0372	-0.2295	-0.1621	2.0019	0.0316	0.4586	1.7629	0.0692	-0.1401	2.0393	-0.0665	-0.1294	2.0367	0.000	
9.066	0.0019	-0.1365	2.0700	-0.0120	-0.1801	1.9955	-0.1898	-0.6097	2.4625	0.2052	-0.1807	2.0371	-0.2290	-0.1618	2.0022	0.0317	0.4586	1.7630	0.0696	-0.1398	2.0393	-0.0657	-0.1290	2.0372	0.000	
9.100	0.0026	-0.1362	2.0706	-0.1351	-0.3273	2.0808	-0.1880	-0.5897	2.4479	0.2054	-0.1798	2.0368	-0.2289	-0.1618	2.0026	0.0319	0.4586	1.7634	0.0701	-0.1396	2.0396	-0.0649	-0.1285	2.0380	0.000	
9.133	0.0034	-0.1360	2.0709	-0.1394	-0.3313	2.0852	-0.1898	-0.6095	2.4632	0.2052	-0.1792	2.0367	-0.2279	-0.1616	2.0033	0.0321	0.4586	1.7637	0.0711	-0.1392	2.0401	-0.0642	-0.1285	2.0382	0.000	
9.166	0.0036	-0.1358	2.0713	-0.0066	-0.1798	1.9932	-0.1896	-0.6102	2.4626	0.2054	-0.1787	2.0368	-0.2277	-0.1614	2.0042	0.0324	0.4588	1.7639	0.0713	-0.1386	2.0410	-0.0641	-0.1285	2.0383	0.000	
9.200	0.0037	-0.1356	2.0716	0.0361	-0.1672	2.0018	-0.1895	-0.6100	2.4628	0.2057	-0.1782	2.0375	-0.2277	-0.1608	2.0042	0.0328	0.4590	1.7642	0.0714	-0.1384	2.0414	-0.0640	-0.1284	2.0384	0.000	
9.233	0.0040	-0.1354	2.0719	-0.0218	-0.1748	2.0079	-0.1896	-0.6105	2.4623	0.2066	-0.1776	2.0385	-0.2268	-0.1598	2.0054	0.0333	0.4590	1.7647	0.0717	-0.1382	2.0418	-0.0638	-0.1283	2.0386	0.000	
9.266	0.0038	-0.1352	2.0723	-0.0187	-0.1729	2.0073	-0.1894	-0.6104	2.4624	0.2074	-0.1771	2.0391	-0.2268	-0.1592	2.0059	0.0338	0.4591	1.7652	0.0715	-0.1381	2.0423	-0.0640	-0.1280	2.0389	0.000	
9.333	0.0046	-0.1348	2.0731	0.0972	-0.1495	2.0118	-0.1931	-0.6099	2.4619	0.2093	-0.1763	2.0408	-0.2268	-0.1601	2.0070	0.0354	0.4596	1.7664	0.0721	-0.1375	2.0433	-0.0631	-0.1277	2.0394	0.000	
9.366	0.0048	-0.1347	2.0733	0.0978	-0.1508	2.0105	-0.1910	-0.6107	2.4616	0.2103	-0.1762	2.0410	-0.2265	-0.1601	2.0073	0.0360	0.4596	1.7666	0.0723	-0.1375	2.0435	-0.0628	-0.1276	2.0395	0.000	
9.400	0.0047	-0.1345	2.0736	0.1470	-0.1456	2.0118	-0.1906	-0.6108	2.4617	0.2108	-0.1757	2.0412	-0.2263	-0.1594	2.0078	0.0367	0.4597	1.7670	0.0722	-0.1374	2.0437	-0.0629	-0.1273	2.0399	0.000	
9.433	0.0049	-0.1342	2.0741	0.1011	-0.1501	2.0117	-0.1900	-0.6107	2.4621	0.2112	-0.1755	2.0413	-0.2261	-0.1589	2.0080	0.0374	0.4598	1.7676	0.0723	-0.1373	2.0440	-0.0626	-0.1267	2.0407	0.000	
9.466	0.0050	-0.1341	2.0744	0.1019	-0.1502	2.0119	-0.1897	-0.6103	2.4626	0.2117	-0.1749	2.0418	-0.2256	-0.1589	2.0089	0.0380	0.4600	1.7680	0.0724	-0.1373	2.0443	-0.0625	-0.1266	2.0409	0.000	
9.500	0.0052	-0.1340	2.0745	0.1032	-0.1504	2.0117	-0.1895	-0.6098	2.4629	0.2123	-0.1747	2.0421	-0.2254	-0.1589	2.0093	0.0389	0.4601	1.7685	0.0725	-0.1373	2.0444	-0.0622	-0.1264	2.0412	0.000	
9.533	0.0054	-0.1339	2.0749	0.1033	-0.1507	2.0118	-0.1893	-0.6098	2.4630	0.2126	-0.1746	2.0424	-0.2254	-0.1584	2.0095	0.0398	0.4604	1.7689	0.0727	-0.1373	2.0448	-0.0620	-0.1262	2.0415	0.000	
9.566	0.0056	-0.1338	2.0750	0.1039	-0.1508	2.0116	-0.1893	-0.6097	2.4631	0.2129	-0.1746	2.0426	-0.2249	-0.1581	2.0098	0.0406	0.4606	1.7694	0.0728	-0.1372	2.0449	-0.0618	-0.1261	2.0416	0.000	
9.600	0.0060	-0.1336	2.0753	0.0793	-0.1537	2.0058	-0.1891	-0.6095	2.4631	0.2132	-0.1745	2.0431	-0.2247	-0.1582	2.0100	0.0413	0.4609	1.7702	0.0731	-0.1371	2.0451	-0.0613	-0.1257	2.0421	0.000	
9.633	0.0061	-0.1335	2.0755	0.0792	-0.1539	2.0059	-0.1890	-0.6092	2.4634	0.2137	-0.1744	2.0434	-0.2238	-0.1578	2.0103	0.0422	0.4613	1.7709	0.0732	-0.1371	2.0454	-0.0612	-0.1256	2.0421	0.000	
9.666	0.0065	-0.1333	2.0760	0.0791	-0.1543	2.0058	-0.1886	-0.6098	2.4631	0.2141	-0.1744	2.0435	-0.2238	-0.1589	2.0107	0.0429	0.4616	1.7715	0.0736	-0.1368	2.0461	-0.0608	-0.1255	2.0423	0.000	
9.700	0.0067	-0.1332	2.0762	0.1072	-0.1520	2.0118	-0.1865	-0.5893	2.4468	0.2140	-0.1740	2.0435	-0.2234	-0.1587	2.0109	0.0436	0.4619	1.7719	0.0738	-0.1367	2.0464	-0.0606	-0.1255	2.0424	0.000	
9.733	0.0070	-0.1331	2.0764	0.1069	-0.1522	2.0118	-0.1805	-0.5693	2.4291	0.2141	-0.1740	2.0437	-0.2230	-0.1586	2.0110	0.0443	0.4621	1.7722	0.0741	-0.1367	2.0469	-0.0604	-0.1253	2.0426	0.000	
9.766	0.0073	-0.1330	2.0766	0.1064	-0.1526	2.0115	-0.1846	-0.5823	2.4453	0.2146	-0.1738	2.0434	-0.2227	-0.1587	2.0110	0.0449	0.4624	1.7726	0.0745	-0.1366	2.0471	-0.0600	-0.1252	2.0427	0.000	
9.800	0.0075	-0.1329	2.0769	0.1112	-0.1526	2.0125	-0.1890	-0.6076	2.4652	0.2151	-0.1736	2.0433	-0.2227	-0.1589	2.0110	0.0455	0.4626	1.7731	0.0746	-0.1366	2.0475	-0.0599	-0.1251	2.0428	0.000	
9.866	0.0078	-0.1326	2.0773	0.0816	-0.1566	2.0044	-0.1791	-0.5672	2.4302	0.2167	-0.1728	2.0431	-0.2220	-0.1585	2.0115	0.0467	0.4631	1.7741	0.0748	-0.1362	2.0479	-0.0594	-0.1247	2.0432	0.000	
9.900	0.0088	-0.1321	2.0775	0.0879	-0.1553	2.0057	-0.1876	-0.6083	2.4643	0.2177	-0.1730	2.0429	-0.2219	-0.1583	2.0115	0.0473	0.4634	1.7744	0.0756	-0.1359	2.0479	-0.0583	-0.1242	2.0437	0.000	
9.933	0.0096	-0.1319	2.0776	0.0923	-0.1538	2.0075	-0.1772	-0.5571	2.4228	0.2177	-0.1721	2.0431	-0.2216	-0.1580	2.0116	0.0480	0.4636	1.7751	0.0765	-0.1357	2.0478	-0.0575	-0.1240	2.0440	0.000	
9.966	0.0100	-0.1319	2.0778	0.0942	-0.1534	2.0083	-0.1772	-0.5571	2.4227	0.2178	-0.1719	2.0431	-0.2216	-0.1583	2.0116	0.0485	0.4639	1.7754	0.0770	-0.1356	2.0481	-0.0572	-0.1240	2.0440	0.000	
10.000	0.0101	-0.1318	2.0781	0.0906	-0.1535	2.0081	-0.1767	-0.5561	2.4217	0.2179	-0.1715	2.0434	-0.2210	-0.1583	2.0120	0.0489	0.4641	1.7759	0.0771	-0.1355	2.0485	-0.0571	-0.1240	2.0442	0.000	
10.033	0.0107	-0.1316	2.0782	0.0874	-0.1533	2.0080	-0.1766	-0.5561	2.4215	0.2182	-0.1712	2.0435	-0.2207	-0.1580	2.0126	0.0493	0.4642	1.7762	0.0778	-0.1353	2.0486	-0.0566	-0.1238	2.0442	0.000	
10.066	0.0108	-0.1315	2.0783	0.1660	-0.1403	2.0525	-0.1766	-0.5562	2.4216	0.2184	-0.1711	2.0435	-0.2202	-0.1581	2.0130	0.0497	0.4644	1.7764	0.0778	-0.1352	2.0487	-0.0565	-0.1237	2.0444	0.000	
10.100	0.0111	-0.1314	2.0785	0.1662	-0.1405	2.0527	-0.1766	-0.5561	2.4216	0.2185	-0.1711	2.0436	-0.2198	-0.1580	2.0132	0.0501	0.4645	1.7767	0.0780	-0.1350	2.0489	-0.0561	-0.1236	2.0445	0.000	
10.133	0.0114	-0.1312	2.0788	0.1662	-0.1390	2.0554	-0.1858	-0.5916	2.4511	0.2190	-0.1710	2.0439	-0.2199	-0.1578	2.0133	0.0504	0.4647	1.7770	0.0782	-0.1349	2.0490	-0.0557	-0.1233	2.0451	0.000	
10.166	0.0117	-0.1311	2.0790	0.0721	-0.1560	2.0044	-0.1890	-0.6073	2.4646	0.2190	-0.1715	2.0440	-0.2198	-0.1578	2.0135	0.0507	0.4648	1.7772	0.0786	-0.1349	2.0492	-0.0555	-0.1232	2.0452	0.000	
10.200	0.0119	-0.1311	2.0791	0.0685	-0.1571	2.0032	-0.1886	-0.6089	2.4633	0.2192	-0.1715	2.0440	-0.2197	-0.1579	2.0137	0.0508	0.4649	1.7772	0.0788	-0.1349	2.0493	-0.0553	-0.1232	2.0452	0.000	
10.233	0.0120	-0.1310	2.0792	0.0680	-0.1571	2.0032	-0.1859	-0.5914	2.4507	0.2192	-0.1715	2.0442	-0.2194	-0.1578	2.0144	0.0510	0.4648	1.7774	0.0790	-0.1348	2.0495	-0.0552	-0.1232	2.0453	0.000	
10.266	0.0122	-0.1309	2.0794	0.0709	-0.1556	2.0052	-0.1890	-0.6090	2.4633	0.2191	-0.1714	2.0442	-0.2194	-0.1578	2.0149	0.0512	0.4650	1.7777	0.0792	-0.1347	2.0499	-0.0550	-0.1231	2.0454	0.000	
10.300	0.0125	-0.1307	2.0796	0.0733	-0.1552	2.0056	-0.1793	-0.5673	2.4319	0.2189	-0.1711	2.0446	-0.2193	-0.1578	2.0152	0.0513	0.4650	1.7779	0.0794	-0.1346	2.0499	-0.0548	-0.1228	2.0457	0.000	
10.333	0.0123	-0.1307	2.0798	0.0953	-0.1492	2.0146	-0.1882	-0.6084	2.4637	0.2186	-0.1710	2.0450	-0.2192	-0.1573	2.0156	0.0514	0.4650	1.7781	0.0792	-0.1346	2.0503	-0.0550	-0.1228	2.0458	0.000	
10.366	0.0124	-0.1306	2.0798	0.0952	-0.1491	2.0144	-0.1883	-0.6082	2.4640	0.2187	-0.1713	2.0451	-0.2192	-0.1574	2.0158	0.0515	0.4650	1.7782	0.0794	-0.1345	2.0501	-0.0548	-0.1225	2.0460	0.000	
10.400	0.0123	-0.1305	2.0799	0.0748	-0.1534	2.0080	-0.1880	-0.6079	2.4640	0.2186	-0.1711	2.0453	-0.2191	-0.1578	2.0163	0.0516	0.4652	1.7783	0.0792	-0.1344	2.0503	-0.0549	-0.1224	2.0461	0.000	
10.433	0.0121	-0.1304	2.0802	0.0750	-0.1536	2.0081	-0.1850	-0.5870	2.4471	0.2186	-0.1709	2.0453	-0.2194	-0.1577	2.0166	0.0516	0.4653	1.7785	0.0789	-0.1343	2.0507	-0.0550	-0.1223	2.0462	0.000	
10.466	0.0122	-0.1304	2.0802	0.1601	-0.0713	1.9978	-0.1885	-0.6093	2.4629	0.2183	-0.1709	2.0457	-0.2194	-0.1574	2.0166	0.0517	0.4653	1.7786	0.0792	-0.1343	2.0507	-0.0550	-0.1223	2.0462	0.000	
10.500	0.0121	-0.1303	2.0802	0.1600	-0.0714	1.9979	-0.1856	-0.5887	2.4491	0.2181	-0.1708	2.0461	-0.2193	-0.1574	2.0169	0.0516	0.4653	1.7786	0.0789	-0.1342	2.0507	-0.0551	-0.1223	2.0462	0.000	
10.533	0.0120	-0.1303	2.0803	0.1601	-0.0703	1.9979	-0.1764	-0.5598	2.4196	0.2180	-0.1708	2.0468	-0.2194	-0.1573	2.0170	0.0516	0.4654	1.7787	0.0787	-0.1341	2.0508	-0.0551	-0.1223	2.0462	0.000	
10.566	0.0119	-0.1303	2.0803	0.1605	-0.0712	1.9979	-0.1824	-0.5035	2.3643	0.2178	-0.1708	2.0469	-0.2195	-0.1571	2.0170	0.0516	0.4654	1.7788	0.0787	-0.1341	2.0508	-0.0551	-0.1223	2.0462	0.000	
10.600	0.0120	-0.1303	2.0803	0.1607	-0.0719	1.9979	-0.1593	-0.5439	2.3925	0.2178	-0.1708	2.0469	-0.2196	-0.1571	2.0170	0.0515	0.4654	1.7788	0.0788	-0.1340	2.0508	-0.0551	-0.1223	2.0462	0.000	
10.633	0.0119	-0.1302	2.0804	0.1448	-0.1468	2.0306	-0.1581	-0.5418	2.3949	0.2178	-0.1707	2.0471	-0.2199	-0.1571	2.0170	0.0514	0.4655	1.7789	0.0787	-0.1340	2.0510	-0.0552	-0.1223	2.0462	0.000	
10.666	0.0116	-0.1302	2.0805	0.1451	-0.1468	2.0306	-0.1521	-0.5466	2.3916	0.2175	-0.1707	2.0473	-0.2200	-0.1571	2.0171	0.0512	0.4656	1.7790	0.0783	-0.1338	2.0513	-0.0554	-0.1223	2.0462	0.000	
10.700	0.0116	-0.1302	2.0804	0.1449	-0.1467	2.0306	-0.1484	-0.5485	2.3905	0.2174	-0.1712	2.0476	-0.2201	-0.1574	2.0171	0.0511	0.4657	1.7789	0.0783	-0.1339	2.0513	-0.0554	-0.1223	2.0462	0.000	
10.733	0.0116	-0.1302	2.0804	0.1449	-0.1467	2.0306	-0.1831	-0.5045	2.3643	0.2175	-0.1717	2.0477	-0.2198	-0.1571	2.0172	0.0509	0.4657	1.7789	0.0783	-0.1338	2.0512	-0.0554	-0.1224	2.0462	0.000	
10.766	0.0114	-0.1302	2.0804	0.1449	-0.1467	2.0306	-0.1930	-0.5325	2.3916	0.2175	-0.1721	2.0478	-0.2199	-0.1575	2.0172	0.0507	0.4658	1.7789	0.0781	-0.1339	2.0511	-0.0557	-0.1223	2.0461	0.000	
10.800	0.0114	-0.1302	2.0803	0.1449	-0.1467	2.0306	-0.1760	-0.5583	2.4189	0.2176	-0.1725	2.0479	-0.2200	-0.1575	2.0172	0.0504	0.4659	1.7789	0.0781	-0.1339	2.0511	-0.0557	-0.1224	2.0460	0.000	
10.833	0.0113	-0.1302	2.0803	0.1447	-0.1466	2.0306	-0.1637	-0.5028	2.3741	0.2171	-0.1724	2.0481	-0.2200	-0.1575	2.0172	0.0501	0.4660	1.7788	0.0781	-0.1339	2.0511	-0.0558	-0.1224	2.0461	0.000	
10.866	0.0112	-0.1302	2.0804	0.1447	-0.1467	2.0308	-0.1897	-0.6121	2.4600	0.2171	-0.1725	2.0481	-0.2201	-0.1581	2.0173	0.0497	0.4661	1.7787	0.0780	-0.1339	2.0511	-0.0560	-0.1224	2.0460	0.000	
10.900	0.0109	-0.1301	2.0801	0.1446	-0.1476	2.0291	-0.1897	-0.6119	2.4600	0.2171	-0.1723	2.0481	-0.2204	-0.1580	2.0173	0.0493	0.4662	1.7787	0.0776	-0.1337	2.0504	-0.0561	-0.1224	2.0460	0.000	
10.933	0.0103	-0.1301	2.0800	0.1452	-0.1483	2.0282	-0.1906	-0.6109	2.4608	0.2170	-0.1726	2.0480	-0.2206	-0.1578	2.0174	0.0490	0.4662	1.7786	0.0769	-0.1338	2.0503	-0.0567	-0.1223	2.0459	0.000	
10.966	0.0097	-0.1303	2.0800	0.1299	-0.1501	2.0206	-0.1901	-0.6114	2.4607	0.2168	-0.1728	2.0480	-0.2209	-0.1580	2.0174	0.0486	0.4663	1.7785	0.0763	-0.1341	2.0503	-0.0574	-0.1223	2.0460	0.000	
11.000	0.0092	-0.1304	2.0800	0.1233	-0.1510	2.0180	-0.1899	-0.6116	2.4607	0.2168	-0.1731	2.0481	-0.2212	-0.1580	2.0173	0.0483	0.4663	1.7784	0.0758	-0.1342	2.0502	-0.0579	-0.1224	2.0460	0.000	
11.033	0.0089	-0.1304	2.0800	0.1576	-0.0658	1.9920	-0.1853	-0.5895	2.4432	0.2167	-0.1730	2.0482	-0.2216	-0.1578	2.0170	0.0481	0.4664	1.7783	0.0756	-0.1343	2.0502	-0.0582	-0.1224	2.0459	0.000	
11.066	0.0087	-0.1304	2.0799	0.1576	-0.0658	1.9920	-0.1893	-0.6121	2.4602	0.2167	-0.1732	2.0480	-0.2219	-0.1578	2.0170	0.0479	0.4664	1.7782	0.0753	-0.1343	2.0500	-0.0583	-0.1224	2.0459	0.000	
11.100	0.0086	-0.1305	2.0799	0.1048	-0.1501	2.0146	-0.1893	-0.6117	2.4608	0.2166	-0.1733	2.0480	-0.2220	-0.1580	2.0167	0.0477	0.4665	1.7782	0.0753	-0.1344	2.0500	-0.0585	-0.1225	2.0459	0.000	
11.133	0.0084	-0.1305	2.0797	0.1042	-0.1499	2.0145	-0.1890	-0.6120	2.4604	0.2166	-0.1732	2.0479	-0.2221	-0.1578	2.0165	0.0475	0.4665	1.7781	0.0750	-0.1345	2.0497	-0.0587	-0.1225	2.0459	0.000	
11.200	0.0080	-0.1305	2.0796	0.1027	-0.1500	2.0144	-0.1856	-0.5900	2.4454	0.2166	-0.1735	2.0479	-0.2225	-0.1582	2.0163	0.0473	0.4666	1.7780	0.0747	-0.1345	2.0496	-0.0591	-0.1224	2.0458	0.000	
11.233	0.0080	-0.1305	2.0796	0.1027	-0.1500	2.0143	-0.1856	-0.5900	2.4452	0.2166	-0.1736	2.0478	-0.2227	-0.1586	2.0163	0.0472	0.4666	1.7779	0.0747	-0.1346	2.0495	-0.0592	-0.1224	2.0458	0.000	
11.266	0.0079	-0.1306	2.0795	0.1024	-0.1502	2.0142	-0.1859	-0.5907	2.4469	0.2164	-0.1737	2.0477	-0.2229	-0.1587	2.0161	0.0472	0.4666	1.7778	0.0747	-0.1346	2.0495	-0.0593	-0.1226	2.0456	0.000	
11.300	0.0078	-0.1307	2.0794	0.1020	-0.1501	2.0142	-0.1889	-0.6104	2.4619	0.2164	-0.1738	2.0470	-0.2232	-0.1594	2.0161	0.0471	0.4667	1.7777	0.0746	-0.1347	2.0495	-0.0595	-0.1226	2.0454	0.000	
11.333	0.0077	-0.1307	2.0793	0.1013	-0.1500	2.0145	-0.1860	-0.5911	2.4476	0.2164	-0.1740	2.0468	-0.2236	-0.1592	2.0158	0.0471	0.4667	1.7777	0.0745	-0.1348	2.0495	-0.0596	-0.1227	2.0453	0.000	
11.366	0.0076	-0.1308	2.0792	0.1013	-0.1500	2.0143	-0.1894	-0.6091	2.4630	0.2161	-0.1742	2.0466	-0.2234	-0.1590	2.0156	0.0471	0.4667	1.7776	0.0743	-0.1349	2.0491	-0.0596	-0.1227	2.0453	0.000	
11.400	0.0075	-0.1308	2.0791	0.1015	-0.1500	2.0143	-0.1890	-0.6094	2.4627	0.2159	-0.1744	2.0466	-0.2233	-0.1589	2.0155	0.0470	0.4668	1.7774	0.0743	-0.1350	2.0490	-0.0597	-0.1227	2.0452	0.000	
11.433	0.0075	-0.1309	2.0791	0.0718	-0.1558	2.0047	-0.1888	-0.6099	2.4622	0.2154	-0.1746	2.0465	-0.2237	-0.1591	2.0152	0.0471	0.4668	1.7774	0.0743	-0.1350	2.0490	-0.0597	-0.1227	2.0451	0.000	
11.466	0.0075	-0.1309	2.0790	0.0720	-0.1558	2.0046	-0.1888	-0.6098	2.4622	0.2154	-0.1749	2.0465	-0.2237	-0.1588	2.0151	0.0471	0.4669	1.7773	0.0742	-0.1350	2.0489	-0.0598	-0.1227	2.0451	0.000	
11.500	0.0074	-0.1310	2.0788	0.0722	-0.1558	2.0046	-0.1886	-0.6097	2.4622	0.2153	-0.1750	2.0462	-0.2239	-0.1590	2.0149	0.0471	0.4669	1.7771	0.0742	-0.1352	2.0488	-0.0598	-0.1228	2.0448	0.000	
11.533	0.0073	-0.1310	2.0787	0.0053	-0.1448	2.0299	-0.1886	-0.6101	2.4618	0.2153	-0.1751	2.0461	-0.2238	-0.1591	2.0147	0.0471	0.4669	1.7769	0.0741	-0.1353	2.0486	-0.0599	-0.1228	2.0448	0.000	
11.566	0.0072	-0.1311	2.0787	0.0054	-0.1448	2.0300	-0.1886	-0.6101	2.4619	0.2154	-0.1753	2.0461	-0.2240	-0.1592	2.0144	0.0471	0.4669	1.7768	0.0740	-0.1353	2.0486	-0.0601	-0.1230	2.0448	0.000	
11.600	0.0073	-0.1311	2.0786	0.0054	-0.1448	2.0301	-0.1887	-0.6103	2.4617	0.2153	-0.1754	2.0460	-0.2239	-0.1592	2.0144	0.0472	0.4669	1.7767	0.0742	-0.1354	2.0485	-0.0600	-0.1230	2.0447	0.000	
11.633	0.0073	-0.1312	2.0785	0.0053	-0.1449	2.0302	-0.1885	-0.6100	2.4619	0.2154	-0.1756	2.0457	-0.2240	-0.1592	2.0143	0.0471	0.4668	1.7764	0.0742	-0.1354	2.0484	-0.0600	-0.1230	2.0446	0.000	
11.666	0.0073	-0.1313	2.0785	0.0424	-0.1444	2.0288	-0.1884	-0.6100	2.4618	0.2154	-0.1758	2.0455	-0.2241	-0.1593	2.0143	0.0471	0.4667	1.7763	0.0742	-0.1355	2.0485	-0.0600	-0.1231	2.0445	0.000	
11.700	0.0074	-0.1314	2.0783	0.1038	-0.1546	2.0091	-0.1886	-0.6105	2.4612	0.2154	-0.1761	2.0454	-0.2243	-0.1599	2.0143	0.0472	0.4666	1.7761	0.0744	-0.1357	2.0483	-0.0599	-0.1232	2.0443	0.000	
11.733	0.0074	-0.1315	2.0782	0.1042	-0.1545	2.0094	-0.1885	-0.6103	2.4615	0.2153	-0.1762	2.0454	-0.2242	-0.1600	2.0142	0.0472	0.4666	1.7760	0.0744	-0.1358	2.0483	-0.0599	-0.1233	2.0442	0.000	
11.766	0.0080	-0.1317	2.0779	0.1044	-0.1540	2.0098	-0.1908	-0.6090	2.4620	0.2152	-0.1764	2.0452	-0.2243	-0.1604	2.0143	0.0472	0.4665	1.7759	0.0751	-0.1361	2.0477	-0.0595	-0.1234	2.0441	0.000	
11.800	0.0080	-0.1318	2.0778	0.1821	-0.1345	2.0497	-0.1904	-0.6089	2.4621	0.2152	-0.1766	2.0451	-0.2243	-0.1605	2.0143	0.0472	0.4664	1.7757	0.0752	-0.1362	2.0476	-0.0594	-0.1235	2.0440	0.000	
11.833	0.0081	-0.1319	2.0778	0.1821	-0.1345	2.0499	-0.1902	-0.6089	2.4621	0.2153	-0.1767	2.0451	-0.2247	-0.1607	2.0140	0.0472	0.4663	1.7754	0.0752	-0.1363	2.0476	-0.0593	-0.1236	2.0440	0.000	
11.866	0.0081	-0.1319	2.0778	0.1504	-0.1356	2.0510	-0.1900	-0.6094	2.4617	0.2152	-0.1769	2.0450	-0.2246	-0.1609	2.0138	0.0471	0.4662	1.7753	0.0752	-0.1363	2.0476	-0.0593	-0.1236	2.0439	0.000	
11.900	0.0082	-0.1320	2.0778	0.0740	-0.1571	2.0036	-0.1895	-0.6095	2.4615	0.2156	-0.1771	2.0445	-0.2246	-0.1612	2.0139	0.0471	0.4660	1.7751	0.0753	-0.1364	2.0476	-0.0593	-0.1237	2.0439	0.000	
11.966	0.0082	-0.1321	2.0776	0.1482	-0.1510	2.0272	-0.1891	-0.6097	2.4611	0.2156	-0.1775	2.0446	-0.2247	-0.1613	2.0138	0.0470	0.4657	1.7747	0.0754	-0.1364	2.0475	-0.0592	-0.1239	2.0437	0.000	
12.000	0.0083	-0.1322	2.0776	0.1482	-0.1511	2.0273	-0.1892	-0.6098	2.4611	0.2157	-0.1774	2.0447	-0.2247	-0.1613	2.0139	0.0471	0.4656	1.7746	0.0754	-0.1365	2.0475	-0.0592	-0.1239	2.0437	0.000	
12.033	0.0082	-0.1323	2.0777	0.1483	-0.1510	2.0276	-0.1891	-0.6097	2.4611	0.2158	-0.1774	2.0448	-0.2246	-0.1609	2.0139	0.0471	0.4655	1.7744	0.0754	-0.1366	2.0476	-0.0592	-0.1240	2.0437	0.000	
12.066	0.0083	-0.1323	2.0776	0.1476	-0.1512	2.0269	-0.1891	-0.6098	2.4609	0.2158	-0.1775	2.0448	-0.2246	-0.1609	2.0139	0.0470	0.4651	1.7742	0.0754	-0.1367	2.0476	-0.0592	-0.1240	2.0437	0.000	
12.100	0.0083	-0.1324	2.0776	0.0733	-0.1576	2.0040	-0.1891	-0.6099	2.4610	0.2158	-0.1775	2.0448	-0.2246	-0.1611	2.0139	0.0469	0.4649	1.7740	0.0755	-0.1367	2.0476	-0.0591	-0.1242	2.0437	0.000	
12.133	0.0083	-0.1325	2.0776	0.0731	-0.1576	2.0040	-0.1891	-0.6100	2.4608	0.2158	-0.1775	2.0448	-0.2246	-0.1611	2.0139	0.0469	0.4647	1.7737	0.0754	-0.1368	2.0476	-0.0591	-0.1242	2.0436	0.000	
12.166	0.0083	-0.1325	2.0776	0.0926	-0.1559	2.0070	-0.1890	-0.6102	2.4607	0.2158	-0.1776	2.0447	-0.2246	-0.1613	2.0140	0.0469	0.4646	1.7736	0.0754	-0.1368	2.0477	-0.0591	-0.1242	2.0436	0.000	
12.200	0.0087	-0.1326	2.0775	0.0969	-0.1554	2.0080	-0.1888	-0.6101	2.4608	0.2158	-0.1776	2.0447	-0.2245	-0.1615	2.0140	0.0469	0.4642	1.7732	0.0758	-0.1368	2.0476	-0.0588	-0.1245	2.0434	0.000	
12.233	0.0088	-0.1327	2.0775	0.0996	-0.1551	2.0088	-0.1884	-0.6097	2.4612	0.2158	-0.1776	2.0448	-0.2245	-0.1615	2.0141	0.0469	0.4641	1.7731	0.0760	-0.1368	2.0476	-0.0586	-0.1246	2.0434	0.000	
12.266	0.0088	-0.1327	2.0775	0.0776	-0.1543	2.0079	-0.1886	-0.6097	2.4612	0.2157	-0.1775	2.0449	-0.2246	-0.1615	2.0141	0.0469	0.4640	1.7730	0.0760	-0.1369	2.0477	-0.0587	-0.1246	2.0434	0.000	
12.300	0.0087	-0.1327	2.0775	0.0776	-0.1546	2.0077	-0.1883	-0.6097	2.4612	0.2157	-0.1776	2.0449	-0.2245	-0.1617	2.0141	0.0468	0.4639	1.7729	0.0759	-0.1370	2.0478	-0.0588	-0.1246	2.0434	0.000	
12.333	0.0087	-0.1328	2.0775	0.0004	-0.1776	1.9982	-0.1883	-0.6095	2.4614	0.2157	-0.1776	2.0449	-0.2245	-0.1616	2.0141	0.0468	0.4637	1.7727	0.0759	-0.1370	2.0478	-0.0588	-0.1246	2.0434	0.000	
12.366	0.0087	-0.1328	2.0775	0.0000	-0.1777	1.9976	-0.1885	-0.6099	2.4611	0.2156	-0.1771	2.0449	-0.2245	-0.1616	2.0141	0.0467	0.4636	1.7724	0.0758	-0.1370	2.0477	-0.0588	-0.1247	2.0433	0.000	
12.400	0.0087	-0.1330	2.0773	0.0022	-0.1776	1.9970	-0.1885	-0.6098	2.4612	0.2154	-0.1771	2.0450	-0.2245	-0.1617	2.0139	0.0466	0.4634	1.7721	0.0759	-0.1371	2.0476	-0.0588	-0.1248	2.0432	0.000	
12.433	0.0085	-0.1329	2.0773	0.0021	-0.1778	1.9967	-0.1885	-0.6097	2.4613	0.2152	-0.1771	2.0452	-0.2245	-0.1616	2.0139	0.0466	0.4633	1.7721	0.0756	-0.1371	2.0475	-0.0590	-0.1247	2.0432	0.000	
12.466	0.0082	-0.1329	2.0774	0.0028	-0.1772	1.9969	-0.1885	-0.6099	2.4615	0.2152	-0.1771	2.0453	-0.2245	-0.1613	2.0138	0.0466	0.4631	1.7720	0.0753	-0.1372	2.0475	-0.0593	-0.1248	2.0434	0.000	
12.500	0.0083	-0.1330	2.0774	0.0036	-0.1764	1.9971	-0.1885	-0.6099	2.4615	0.2151	-0.1771	2.0453	-0.2246	-0.1613	2.0139	0.0465	0.4630	1.7720	0.0755	-0.1372	2.0475	-0.0593	-0.1248	2.0434	0.000	
12.533	0.0082	-0.1330	2.0774	0.0045	-0.1758	1.9974	-0.1883	-0.6101	2.4613	0.2151	-0.1771	2.0453	-0.2246	-0.1616	2.0139	0.0465	0.4630	1.7720	0.0754	-0.1372	2.0475	-0.0593	-0.1248	2.0434	0.000	
12.566	0.0083	-0.1330	2.0774	0.0038	-0.1762	1.9975	-0.1881	-0.6098	2.4616	0.2151	-0.1773	2.0455	-0.2245	-0.1616	2.0140	0.0465	0.4630	1.7720	0.0755	-0.1373	2.0475	-0.0593	-0.1248	2.0434	0.000	
12.600	0.0083	-0.1331	2.0773	0.0053	-0.1754	1.9974	-0.1881	-0.6099	2.4616	0.2150	-0.1773	2.0455	-0.2245	-0.1619	2.0141	0.0464	0.4629	1.7719	0.0756	-0.1373	2.0474	-0.0593	-0.1249	2.0434	0.000	
12.633	0.0083	-0.1331	2.0773	0.0048	-0.1754	1.9976	-0.1882	-0.6098	2.4617	0.2150	-0.1772	2.0455	-0.2246	-0.1619	2.0142	0.0464	0.4628	1.7719	0.0757	-0.1373	2.0474	-0.0592	-0.1249	2.0434	0.000	
12.666	0.0083	-0.1331	2.0774	0.0051	-0.1754	1.9976	-0.1883	-0.6103	2.4613	0.2149	-0.1772	2.0456	-0.2246	-0.1619	2.0143	0.0464	0.4628	1.7719	0.0757	-0.1374	2.0474	-0.0592	-0.1249	2.0434	0.000	
12.700	0.0083	-0.1331	2.0775	0.0059	-0.1752	1.9976	-0.1882	-0.6089	2.4626	0.2151	-0.1773	2.0457	-0.2245	-0.1615	2.0143	0.0464	0.4628	1.7720	0.0756	-0.1374	2.0476	-0.0593	-0.1249	2.0435	0.000	
12.733	0.0082	-0.1332	2.0775	0.0073	-0.1747	1.9974	-0.1882	-0.6089	2.4627	0.2150	-0.1773	2.0457	-0.2246	-0.1618	2.0143	0.0464	0.4627	1.7720	0.0755	-0.1374	2.0476	-0.0594	-0.1250	2.0435	0.000	
12.766	0.0082	-0.1331	2.0775	0.0073	-0.1750	1.9972	-0.1881	-0.6092	2.4625	0.2149	-0.1771	2.0460	-0.2246	-0.1617	2.0143	0.0463	0.4627	1.7720	0.0755	-0.1374	2.0476	-0.0594	-0.1250	2.0435	0.000	
12.800	0.0082	-0.1332	2.0775	0.0072	-0.1751	1.9971	-0.1900	-0.6076	2.4638	0.2148	-0.1772	2.0460	-0.2246	-0.1619	2.0144	0.0463	0.4627	1.7719	0.0754	-0.1374	2.0477	-0.0594	-0.1250	2.0435	0.000	
12.833	0.0082	-0.1332	2.0775	0.0072	-0.1752	1.9971	-0.1896	-0.6096	2.4620	0.2149	-0.1771	2.0460	-0.2245	-0.1619	2.0145	0.0463	0.4627	1.7720	0.0754	-0.1373	2.0477	-0.0594	-0.1250	2.0435	0.000	
12.866	0.0081	-0.1331	2.0775	0.0071	-0.1753	1.9971	-0.1894	-0.6096	2.4620	0.2146	-0.1769	2.0462	-0.2245	-0.1618	2.0145	0.0463	0.4627	1.7720	0.0754	-0.1374	2.0477	-0.0595	-0.1249	2.0435	0.000	
12.900	0.0080	-0.1330	2.0776	-0.1353	-0.3118	2.0688	-0.1894	-0.6097	2.4619	0.2146	-0.1770	2.0462	-0.2245	-0.1618	2.0146	0.0463	0.4627	1.7720	0.0753	-0.1373	2.0477	-0.0597	-0.1247	2.0437	0.000	
12.933	0.0079	-0.1330	2.0776	0.0118	-0.1771	1.9938	-0.1895	-0.6098	2.4618	0.2145	-0.1769	2.0463	-0.2247	-0.1619	2.0147	0.0462	0.4627	1.7720	0.0751	-0.1373	2.0478	-0.0597	-0.1247	2.0437	0.000	
12.966	0.0078	-0.1330	2.0776	0.0119	-0.1768	1.9939	-0.1896	-0.6102	2.4614	0.2147	-0.1769	2.0463	-0.2247	-0.1619	2.0147	0.0462	0.4627	1.7720	0.0750	-0.1372	2.0478	-0.0598	-0.1248	2.0437	0.000	
