% Time	SBX	SBY	SBZ	FRX	FRY	FRZ	FLX	FLY	FLZ	WRX	WRY	WRZ	WLX	WLY	WLZ	HDX	HDY	HDZ	HRX	HRY	HRZ	HRLX	HLY	HLZ	SpdCom	ax	ay	az	gx	gy	gz	mx	my	mz	Angle
0.034	0.0000	0.0000	0.0000	0.0000	0.0000	0.0000	0.0000	0.0000	0.0000	0.0000	0.0000	0.0000	0.0000	0.0000	0.0000	0.0000	0.0000	0.0000	0.0000	0.0000	0.0000	0.0000	0.0000	0.0000	0.010	
0.067	0.0000	0.0000	0.0000	0.0000	0.0000	0.0000	0.0000	0.0000	0.0000	0.0000	0.0000	0.0000	0.0000	0.0000	0.0000	0.0000	0.0000	0.0000	0.0000	0.0000	0.0000	0.0000	0.0000	0.0000	0.013	
0.100	0.0000	0.0000	0.0000	0.0000	0.0000	0.0000	0.0000	0.0000	0.0000	0.0000	0.0000	0.0000	0.0000	0.0000	0.0000	0.0000	0.0000	0.0000	0.0000	0.0000	0.0000	0.0000	0.0000	0.0000	0.017	
0.134	0.0000	0.0000	0.0000	0.0000	0.0000	0.0000	0.0000	0.0000	0.0000	0.0000	0.0000	0.0000	0.0000	0.0000	0.0000	0.0000	0.0000	0.0000	0.0000	0.0000	0.0000	0.0000	0.0000	0.0000	0.020	
0.167	0.0000	0.0000	0.0000	0.0000	0.0000	0.0000	0.0000	0.0000	0.0000	0.0000	0.0000	0.0000	0.0000	0.0000	0.0000	0.0000	0.0000	0.0000	0.0000	0.0000	0.0000	0.0000	0.0000	0.0000	0.023	
0.201	0.0000	0.0000	0.0000	0.0000	0.0000	0.0000	0.0000	0.0000	0.0000	0.0000	0.0000	0.0000	0.0000	0.0000	0.0000	0.0000	0.0000	0.0000	0.0000	0.0000	0.0000	0.0000	0.0000	0.0000	0.027	
0.234	0.0000	0.0000	0.0000	0.0000	0.0000	0.0000	0.0000	0.0000	0.0000	0.0000	0.0000	0.0000	0.0000	0.0000	0.0000	0.0000	0.0000	0.0000	0.0000	0.0000	0.0000	0.0000	0.0000	0.0000	0.030	
0.267	0.0000	0.0000	0.0000	0.0000	0.0000	0.0000	0.0000	0.0000	0.0000	0.0000	0.0000	0.0000	0.0000	0.0000	0.0000	0.0000	0.0000	0.0000	0.0000	0.0000	0.0000	0.0000	0.0000	0.0000	0.033	
0.300	0.0000	0.0000	0.0000	0.0000	0.0000	0.0000	0.0000	0.0000	0.0000	0.0000	0.0000	0.0000	0.0000	0.0000	0.0000	0.0000	0.0000	0.0000	0.0000	0.0000	0.0000	0.0000	0.0000	0.0000	0.037	
0.334	0.0000	0.0000	0.0000	0.0000	0.0000	0.0000	0.0000	0.0000	0.0000	0.0000	0.0000	0.0000	0.0000	0.0000	0.0000	0.0000	0.0000	0.0000	0.0000	0.0000	0.0000	0.0000	0.0000	0.0000	0.040	
0.367	0.0000	0.0000	0.0000	0.0000	0.0000	0.0000	0.0000	0.0000	0.0000	0.0000	0.0000	0.0000	0.0000	0.0000	0.0000	0.0000	0.0000	0.0000	0.0000	0.0000	0.0000	0.0000	0.0000	0.0000	0.043	
0.400	0.0000	0.0000	0.0000	0.0000	0.0000	0.0000	0.0000	0.0000	0.0000	0.0000	0.0000	0.0000	0.0000	0.0000	0.0000	0.0000	0.0000	0.0000	0.0000	0.0000	0.0000	0.0000	0.0000	0.0000	0.047	
0.434	0.0000	0.0000	0.0000	0.0000	0.0000	0.0000	0.0000	0.0000	0.0000	0.0000	0.0000	0.0000	0.0000	0.0000	0.0000	0.0000	0.0000	0.0000	0.0000	0.0000	0.0000	0.0000	0.0000	0.0000	0.050	
0.467	0.0000	0.0000	0.0000	0.0000	0.0000	0.0000	0.0000	0.0000	0.0000	0.0000	0.0000	0.0000	0.0000	0.0000	0.0000	0.0000	0.0000	0.0000	0.0000	0.0000	0.0000	0.0000	0.0000	0.0000	0.053	
0.500	0.0000	0.0000	0.0000	0.0000	0.0000	0.0000	0.0000	0.0000	0.0000	0.0000	0.0000	0.0000	0.0000	0.0000	0.0000	0.0000	0.0000	0.0000	0.0000	0.0000	0.0000	0.0000	0.0000	0.0000	0.057	
0.534	0.0000	0.0000	0.0000	0.0000	0.0000	0.0000	0.0000	0.0000	0.0000	0.0000	0.0000	0.0000	0.0000	0.0000	0.0000	0.0000	0.0000	0.0000	0.0000	0.0000	0.0000	0.0000	0.0000	0.0000	0.060	
0.567	0.0000	0.0000	0.0000	0.0000	0.0000	0.0000	0.0000	0.0000	0.0000	0.0000	0.0000	0.0000	0.0000	0.0000	0.0000	0.0000	0.0000	0.0000	0.0000	0.0000	0.0000	0.0000	0.0000	0.0000	0.063	
0.600	0.0000	0.0000	0.0000	0.0000	0.0000	0.0000	0.0000	0.0000	0.0000	0.0000	0.0000	0.0000	0.0000	0.0000	0.0000	0.0000	0.0000	0.0000	0.0000	0.0000	0.0000	0.0000	0.0000	0.0000	0.067	
0.634	0.0000	0.0000	0.0000	0.0000	0.0000	0.0000	0.0000	0.0000	0.0000	0.0000	0.0000	0.0000	0.0000	0.0000	0.0000	0.0000	0.0000	0.0000	0.0000	0.0000	0.0000	0.0000	0.0000	0.0000	0.070	
0.667	0.0000	0.0000	0.0000	0.0000	0.0000	0.0000	0.0000	0.0000	0.0000	0.0000	0.0000	0.0000	0.0000	0.0000	0.0000	0.0000	0.0000	0.0000	0.0000	0.0000	0.0000	0.0000	0.0000	0.0000	0.073	
0.700	0.0000	0.0000	0.0000	0.0000	0.0000	0.0000	0.0000	0.0000	0.0000	0.0000	0.0000	0.0000	0.0000	0.0000	0.0000	0.0000	0.0000	0.0000	0.0000	0.0000	0.0000	0.0000	0.0000	0.0000	0.077	
0.734	0.0000	0.0000	0.0000	0.0000	0.0000	0.0000	0.0000	0.0000	0.0000	0.0000	0.0000	0.0000	0.0000	0.0000	0.0000	0.0000	0.0000	0.0000	0.0000	0.0000	0.0000	0.0000	0.0000	0.0000	0.080	
0.767	0.0000	0.0000	0.0000	0.0000	0.0000	0.0000	0.0000	0.0000	0.0000	0.0000	0.0000	0.0000	0.0000	0.0000	0.0000	0.0000	0.0000	0.0000	0.0000	0.0000	0.0000	0.0000	0.0000	0.0000	0.083	
0.800	0.0000	0.0000	0.0000	0.0000	0.0000	0.0000	0.0000	0.0000	0.0000	0.0000	0.0000	0.0000	0.0000	0.0000	0.0000	0.0000	0.0000	0.0000	0.0000	0.0000	0.0000	0.0000	0.0000	0.0000	0.087	
0.834	0.0000	0.0000	0.0000	0.0000	0.0000	0.0000	0.0000	0.0000	0.0000	0.0000	0.0000	0.0000	0.0000	0.0000	0.0000	0.0000	0.0000	0.0000	0.0000	0.0000	0.0000	0.0000	0.0000	0.0000	0.090	
0.867	0.0000	0.0000	0.0000	0.0000	0.0000	0.0000	0.0000	0.0000	0.0000	0.0000	0.0000	0.0000	0.0000	0.0000	0.0000	0.0000	0.0000	0.0000	0.0000	0.0000	0.0000	0.0000	0.0000	0.0000	0.093	
0.900	0.0000	0.0000	0.0000	0.0000	0.0000	0.0000	0.0000	0.0000	0.0000	0.0000	0.0000	0.0000	0.0000	0.0000	0.0000	0.0000	0.0000	0.0000	0.0000	0.0000	0.0000	0.0000	0.0000	0.0000	0.097	
0.934	0.0000	0.0000	0.0000	0.0000	0.0000	0.0000	0.0000	0.0000	0.0000	0.0000	0.0000	0.0000	0.0000	0.0000	0.0000	0.0000	0.0000	0.0000	0.0000	0.0000	0.0000	0.0000	0.0000	0.0000	0.100	
0.967	0.0000	0.0000	0.0000	0.0000	0.0000	0.0000	0.0000	0.0000	0.0000	0.0000	0.0000	0.0000	0.0000	0.0000	0.0000	0.0000	0.0000	0.0000	0.0000	0.0000	0.0000	0.0000	0.0000	0.0000	0.103	
1.000	0.0000	0.0000	0.0000	0.0000	0.0000	0.0000	0.0000	0.0000	0.0000	0.0000	0.0000	0.0000	0.0000	0.0000	0.0000	0.0000	0.0000	0.0000	0.0000	0.0000	0.0000	0.0000	0.0000	0.0000	0.107	
1.034	0.0000	0.0000	0.0000	0.0000	0.0000	0.0000	0.0000	0.0000	0.0000	0.0000	0.0000	0.0000	0.0000	0.0000	0.0000	0.0000	0.0000	0.0000	0.0000	0.0000	0.0000	0.0000	0.0000	0.0000	0.110	
1.067	0.0000	0.0000	0.0000	0.0000	0.0000	0.0000	0.0000	0.0000	0.0000	0.0000	0.0000	0.0000	0.0000	0.0000	0.0000	0.0000	0.0000	0.0000	0.0000	0.0000	0.0000	0.0000	0.0000	0.0000	0.113	
1.100	0.0000	0.0000	0.0000	0.0000	0.0000	0.0000	0.0000	0.0000	0.0000	0.0000	0.0000	0.0000	0.0000	0.0000	0.0000	0.0000	0.0000	0.0000	0.0000	0.0000	0.0000	0.0000	0.0000	0.0000	0.117	
1.134	0.0000	0.0000	0.0000	0.0000	0.0000	0.0000	0.0000	0.0000	0.0000	0.0000	0.0000	0.0000	0.0000	0.0000	0.0000	0.0000	0.0000	0.0000	0.0000	0.0000	0.0000	0.0000	0.0000	0.0000	0.120	
1.167	0.0000	0.0000	0.0000	0.0000	0.0000	0.0000	0.0000	0.0000	0.0000	0.0000	0.0000	0.0000	0.0000	0.0000	0.0000	0.0000	0.0000	0.0000	0.0000	0.0000	0.0000	0.0000	0.0000	0.0000	0.123	
1.200	0.0000	0.0000	0.0000	0.0000	0.0000	0.0000	0.0000	0.0000	0.0000	0.0000	0.0000	0.0000	0.0000	0.0000	0.0000	0.0000	0.0000	0.0000	0.0000	0.0000	0.0000	0.0000	0.0000	0.0000	0.127	
1.234	0.0000	0.0000	0.0000	0.0000	0.0000	0.0000	0.0000	0.0000	0.0000	0.0000	0.0000	0.0000	0.0000	0.0000	0.0000	0.0000	0.0000	0.0000	0.0000	0.0000	0.0000	0.0000	0.0000	0.0000	0.130	
1.267	0.0000	0.0000	0.0000	0.0000	0.0000	0.0000	0.0000	0.0000	0.0000	0.0000	0.0000	0.0000	0.0000	0.0000	0.0000	0.0000	0.0000	0.0000	0.0000	0.0000	0.0000	0.0000	0.0000	0.0000	0.133	
1.300	0.0000	0.0000	0.0000	0.0000	0.0000	0.0000	0.0000	0.0000	0.0000	0.0000	0.0000	0.0000	0.0000	0.0000	0.0000	0.0000	0.0000	0.0000	0.0000	0.0000	0.0000	0.0000	0.0000	0.0000	0.137	
1.334	0.0000	0.0000	0.0000	0.0000	0.0000	0.0000	0.0000	0.0000	0.0000	0.0000	0.0000	0.0000	0.0000	0.0000	0.0000	0.0000	0.0000	0.0000	0.0000	0.0000	0.0000	0.0000	0.0000	0.0000	0.140	
1.367	0.0000	0.0000	0.0000	0.0000	0.0000	0.0000	0.0000	0.0000	0.0000	0.0000	0.0000	0.0000	0.0000	0.0000	0.0000	0.0000	0.0000	0.0000	0.0000	0.0000	0.0000	0.0000	0.0000	0.0000	0.143	
1.400	0.0000	0.0000	0.0000	0.0000	0.0000	0.0000	0.0000	0.0000	0.0000	0.0000	0.0000	0.0000	0.0000	0.0000	0.0000	0.0000	0.0000	0.0000	0.0000	0.0000	0.0000	0.0000	0.0000	0.0000	0.147	
1.434	0.0000	0.0000	0.0000	0.0000	0.0000	0.0000	0.0000	0.0000	0.0000	0.0000	0.0000	0.0000	0.0000	0.0000	0.0000	0.0000	0.0000	0.0000	0.0000	0.0000	0.0000	0.0000	0.0000	0.0000	0.150	
1.467	0.0000	0.0000	0.0000	0.0000	0.0000	0.0000	0.0000	0.0000	0.0000	0.0000	0.0000	0.0000	0.0000	0.0000	0.0000	0.0000	0.0000	0.0000	0.0000	0.0000	0.0000	0.0000	0.0000	0.0000	0.153	
1.500	0.0000	0.0000	0.0000	0.0000	0.0000	0.0000	0.0000	0.0000	0.0000	0.0000	0.0000	0.0000	0.0000	0.0000	0.0000	0.0000	0.0000	0.0000	0.0000	0.0000	0.0000	0.0000	0.0000	0.0000	0.157	
1.534	0.0000	0.0000	0.0000	0.0000	0.0000	0.0000	0.0000	0.0000	0.0000	0.0000	0.0000	0.0000	0.0000	0.0000	0.0000	0.0000	0.0000	0.0000	0.0000	0.0000	0.0000	0.0000	0.0000	0.0000	0.160	
1.567	0.0000	0.0000	0.0000	0.0000	0.0000	0.0000	0.0000	0.0000	0.0000	0.0000	0.0000	0.0000	0.0000	0.0000	0.0000	0.0000	0.0000	0.0000	0.0000	0.0000	0.0000	0.0000	0.0000	0.0000	0.163	
1.600	0.0000	0.0000	0.0000	0.0000	0.0000	0.0000	0.0000	0.0000	0.0000	0.0000	0.0000	0.0000	0.0000	0.0000	0.0000	0.0000	0.0000	0.0000	0.0000	0.0000	0.0000	0.0000	0.0000	0.0000	0.167	
1.634	0.0000	0.0000	0.0000	0.0000	0.0000	0.0000	0.0000	0.0000	0.0000	0.0000	0.0000	0.0000	0.0000	0.0000	0.0000	0.0000	0.0000	0.0000	0.0000	0.0000	0.0000	0.0000	0.0000	0.0000	0.170	
1.667	0.0000	0.0000	0.0000	0.0000	0.0000	0.0000	0.0000	0.0000	0.0000	0.0000	0.0000	0.0000	0.0000	0.0000	0.0000	0.0000	0.0000	0.0000	0.0000	0.0000	0.0000	0.0000	0.0000	0.0000	0.173	
1.700	0.0000	0.0000	0.0000	0.0000	0.0000	0.0000	0.0000	0.0000	0.0000	0.0000	0.0000	0.0000	0.0000	0.0000	0.0000	0.0000	0.0000	0.0000	0.0000	0.0000	0.0000	0.0000	0.0000	0.0000	0.177	
1.734	0.0000	0.0000	0.0000	0.0000	0.0000	0.0000	0.0000	0.0000	0.0000	0.0000	0.0000	0.0000	0.0000	0.0000	0.0000	0.0000	0.0000	0.0000	0.0000	0.0000	0.0000	0.0000	0.0000	0.0000	0.180	
1.767	0.0000	0.0000	0.0000	0.0000	0.0000	0.0000	0.0000	0.0000	0.0000	0.0000	0.0000	0.0000	0.0000	0.0000	0.0000	0.0000	0.0000	0.0000	0.0000	0.0000	0.0000	0.0000	0.0000	0.0000	0.183	
1.800	0.0000	0.0000	0.0000	0.0000	0.0000	0.0000	0.0000	0.0000	0.0000	0.0000	0.0000	0.0000	0.0000	0.0000	0.0000	0.0000	0.0000	0.0000	0.0000	0.0000	0.0000	0.0000	0.0000	0.0000	0.187	
1.834	0.0000	0.0000	0.0000	0.0000	0.0000	0.0000	0.0000	0.0000	0.0000	0.0000	0.0000	0.0000	0.0000	0.0000	0.0000	0.0000	0.0000	0.0000	0.0000	0.0000	0.0000	0.0000	0.0000	0.0000	0.190	
1.867	0.0000	0.0000	0.0000	0.0000	0.0000	0.0000	0.0000	0.0000	0.0000	0.0000	0.0000	0.0000	0.0000	0.0000	0.0000	0.0000	0.0000	0.0000	0.0000	0.0000	0.0000	0.0000	0.0000	0.0000	0.193	
1.900	0.0000	0.0000	0.0000	0.0000	0.0000	0.0000	0.0000	0.0000	0.0000	0.0000	0.0000	0.0000	0.0000	0.0000	0.0000	0.0000	0.0000	0.0000	0.0000	0.0000	0.0000	0.0000	0.0000	0.0000	0.197	
1.934	0.0000	0.0000	0.0000	0.0000	0.0000	0.0000	0.0000	0.0000	0.0000	0.0000	0.0000	0.0000	0.0000	0.0000	0.0000	0.0000	0.0000	0.0000	0.0000	0.0000	0.0000	0.0000	0.0000	0.0000	0.200	
1.967	0.0000	0.0000	0.0000	0.0000	0.0000	0.0000	0.0000	0.0000	0.0000	0.0000	0.0000	0.0000	0.0000	0.0000	0.0000	0.0000	0.0000	0.0000	0.0000	0.0000	0.0000	0.0000	0.0000	0.0000	0.203	
2.000	0.0000	0.0000	0.0000	0.0000	0.0000	0.0000	0.0000	0.0000	0.0000	0.0000	0.0000	0.0000	0.0000	0.0000	0.0000	0.0000	0.0000	0.0000	0.0000	0.0000	0.0000	0.0000	0.0000	0.0000	0.207	
2.034	0.0000	0.0000	0.0000	0.0000	0.0000	0.0000	0.0000	0.0000	0.0000	0.0000	0.0000	0.0000	0.0000	0.0000	0.0000	0.0000	0.0000	0.0000	0.0000	0.0000	0.0000	0.0000	0.0000	0.0000	0.210	
2.067	0.0000	0.0000	0.0000	0.0000	0.0000	0.0000	0.0000	0.0000	0.0000	0.0000	0.0000	0.0000	0.0000	0.0000	0.0000	0.0000	0.0000	0.0000	0.0000	0.0000	0.0000	0.0000	0.0000	0.0000	0.213	
2.100	0.0000	0.0000	0.0000	0.0000	0.0000	0.0000	0.0000	0.0000	0.0000	0.0000	0.0000	0.0000	0.0000	0.0000	0.0000	0.0000	0.0000	0.0000	0.0000	0.0000	0.0000	0.0000	0.0000	0.0000	0.217	
2.134	0.0000	0.0000	0.0000	0.0000	0.0000	0.0000	0.0000	0.0000	0.0000	0.0000	0.0000	0.0000	0.0000	0.0000	0.0000	0.0000	0.0000	0.0000	0.0000	0.0000	0.0000	0.0000	0.0000	0.0000	0.220	
2.167	0.0000	0.0000	0.0000	0.0000	0.0000	0.0000	0.0000	0.0000	0.0000	0.0000	0.0000	0.0000	0.0000	0.0000	0.0000	0.0000	0.0000	0.0000	0.0000	0.0000	0.0000	0.0000	0.0000	0.0000	0.223	
2.200	0.0000	0.0000	0.0000	0.0000	0.0000	0.0000	0.0000	0.0000	0.0000	0.0000	0.0000	0.0000	0.0000	0.0000	0.0000	0.0000	0.0000	0.0000	0.0000	0.0000	0.0000	0.0000	0.0000	0.0000	0.227	
2.234	0.0000	0.0000	0.0000	0.0000	0.0000	0.0000	0.0000	0.0000	0.0000	0.0000	0.0000	0.0000	0.0000	0.0000	0.0000	0.0000	0.0000	0.0000	0.0000	0.0000	0.0000	0.0000	0.0000	0.0000	0.230	
2.267	0.0000	0.0000	0.0000	0.0000	0.0000	0.0000	0.0000	0.0000	0.0000	0.0000	0.0000	0.0000	0.0000	0.0000	0.0000	0.0000	0.0000	0.0000	0.0000	0.0000	0.0000	0.0000	0.0000	0.0000	0.233	
2.300	0.0000	0.0000	0.0000	0.0000	0.0000	0.0000	0.0000	0.0000	0.0000	0.0000	0.0000	0.0000	0.0000	0.0000	0.0000	0.0000	0.0000	0.0000	0.0000	0.0000	0.0000	0.0000	0.0000	0.0000	0.237	
2.334	0.0000	0.0000	0.0000	0.0000	0.0000	0.0000	0.0000	0.0000	0.0000	0.0000	0.0000	0.0000	0.0000	0.0000	0.0000	0.0000	0.0000	0.0000	0.0000	0.0000	0.0000	0.0000	0.0000	0.0000	0.240	
2.367	0.0000	0.0000	0.0000	0.0000	0.0000	0.0000	0.0000	0.0000	0.0000	0.0000	0.0000	0.0000	0.0000	0.0000	0.0000	0.0000	0.0000	0.0000	0.0000	0.0000	0.0000	0.0000	0.0000	0.0000	0.243	
2.400	0.0000	0.0000	0.0000	0.0000	0.0000	0.0000	0.0000	0.0000	0.0000	0.0000	0.0000	0.0000	0.0000	0.0000	0.0000	0.0000	0.0000	0.0000	0.0000	0.0000	0.0000	0.0000	0.0000	0.0000	0.247	
2.434	0.0000	0.0000	0.0000	0.0000	0.0000	0.0000	0.0000	0.0000	0.0000	0.0000	0.0000	0.0000	0.0000	0.0000	0.0000	0.0000	0.0000	0.0000	0.0000	0.0000	0.0000	0.0000	0.0000	0.0000	0.250	
2.467	0.0000	0.0000	0.0000	0.0000	0.0000	0.0000	0.0000	0.0000	0.0000	0.0000	0.0000	0.0000	0.0000	0.0000	0.0000	0.0000	0.0000	0.0000	0.0000	0.0000	0.0000	0.0000	0.0000	0.0000	0.253	
2.500	0.0000	0.0000	0.0000	0.0000	0.0000	0.0000	0.0000	0.0000	0.0000	0.0000	0.0000	0.0000	0.0000	0.0000	0.0000	0.0000	0.0000	0.0000	0.0000	0.0000	0.0000	0.0000	0.0000	0.0000	0.257	
2.534	0.0000	0.0000	0.0000	0.0000	0.0000	0.0000	0.0000	0.0000	0.0000	0.0000	0.0000	0.0000	0.0000	0.0000	0.0000	0.0000	0.0000	0.0000	0.0000	0.0000	0.0000	0.0000	0.0000	0.0000	0.260	
2.567	0.0000	0.0000	0.0000	0.0000	0.0000	0.0000	0.0000	0.0000	0.0000	0.0000	0.0000	0.0000	0.0000	0.0000	0.0000	0.0000	0.0000	0.0000	0.0000	0.0000	0.0000	0.0000	0.0000	0.0000	0.263	
2.600	0.0000	0.0000	0.0000	0.0000	0.0000	0.0000	0.0000	0.0000	0.0000	0.0000	0.0000	0.0000	0.0000	0.0000	0.0000	0.0000	0.0000	0.0000	0.0000	0.0000	0.0000	0.0000	0.0000	0.0000	0.267	
2.634	0.0000	0.0000	0.0000	0.0000	0.0000	0.0000	0.0000	0.0000	0.0000	0.0000	0.0000	0.0000	0.0000	0.0000	0.0000	0.0000	0.0000	0.0000	0.0000	0.0000	0.0000	0.0000	0.0000	0.0000	0.270	
2.667	0.0000	0.0000	0.0000	0.0000	0.0000	0.0000	0.0000	0.0000	0.0000	0.0000	0.0000	0.0000	0.0000	0.0000	0.0000	0.0000	0.0000	0.0000	0.0000	0.0000	0.0000	0.0000	0.0000	0.0000	0.273	
2.700	0.0000	0.0000	0.0000	0.0000	0.0000	0.0000	0.0000	0.0000	0.0000	0.0000	0.0000	0.0000	0.0000	0.0000	0.0000	0.0000	0.0000	0.0000	0.0000	0.0000	0.0000	0.0000	0.0000	0.0000	0.277	
2.734	0.0000	0.0000	0.0000	0.0000	0.0000	0.0000	0.0000	0.0000	0.0000	0.0000	0.0000	0.0000	0.0000	0.0000	0.0000	0.0000	0.0000	0.0000	0.0000	0.0000	0.0000	0.0000	0.0000	0.0000	0.280	
2.767	0.0000	0.0000	0.0000	0.0000	0.0000	0.0000	0.0000	0.0000	0.0000	0.0000	0.0000	0.0000	0.0000	0.0000	0.0000	0.0000	0.0000	0.0000	0.0000	0.0000	0.0000	0.0000	0.0000	0.0000	0.283	
2.800	0.0000	0.0000	0.0000	0.0000	0.0000	0.0000	0.0000	0.0000	0.0000	0.0000	0.0000	0.0000	0.0000	0.0000	0.0000	0.0000	0.0000	0.0000	0.0000	0.0000	0.0000	0.0000	0.0000	0.0000	0.287	
2.834	0.0000	0.0000	0.0000	0.0000	0.0000	0.0000	0.0000	0.0000	0.0000	0.0000	0.0000	0.0000	0.0000	0.0000	0.0000	0.0000	0.0000	0.0000	0.0000	0.0000	0.0000	0.0000	0.0000	0.0000	0.290	
2.867	0.0000	0.0000	0.0000	0.0000	0.0000	0.0000	0.0000	0.0000	0.0000	0.0000	0.0000	0.0000	0.0000	0.0000	0.0000	0.0000	0.0000	0.0000	0.0000	0.0000	0.0000	0.0000	0.0000	0.0000	0.293	
2.900	0.0000	0.0000	0.0000	0.0000	0.0000	0.0000	0.0000	0.0000	0.0000	0.0000	0.0000	0.0000	0.0000	0.0000	0.0000	0.0000	0.0000	0.0000	0.0000	0.0000	0.0000	0.0000	0.0000	0.0000	0.297	
2.934	0.0000	0.0000	0.0000	0.0000	0.0000	0.0000	0.0000	0.0000	0.0000	0.0000	0.0000	0.0000	0.0000	0.0000	0.0000	0.0000	0.0000	0.0000	0.0000	0.0000	0.0000	0.0000	0.0000	0.0000	0.300	
2.967	0.0000	0.0000	0.0000	0.0000	0.0000	0.0000	0.0000	0.0000	0.0000	0.0000	0.0000	0.0000	0.0000	0.0000	0.0000	0.0000	0.0000	0.0000	0.0000	0.0000	0.0000	0.0000	0.0000	0.0000	0.303	
3.000	0.0000	0.0000	0.0000	0.0000	0.0000	0.0000	0.0000	0.0000	0.0000	0.0000	0.0000	0.0000	0.0000	0.0000	0.0000	0.0000	0.0000	0.0000	0.0000	0.0000	0.0000	0.0000	0.0000	0.0000	0.307	
3.034	0.0000	0.0000	0.0000	0.0000	0.0000	0.0000	0.0000	0.0000	0.0000	0.0000	0.0000	0.0000	0.0000	0.0000	0.0000	0.0000	0.0000	0.0000	0.0000	0.0000	0.0000	0.0000	0.0000	0.0000	0.310	
3.067	0.0000	0.0000	0.0000	0.0000	0.0000	0.0000	0.0000	0.0000	0.0000	0.0000	0.0000	0.0000	0.0000	0.0000	0.0000	0.0000	0.0000	0.0000	0.0000	0.0000	0.0000	0.0000	0.0000	0.0000	0.313	
3.100	0.0000	0.0000	0.0000	0.0000	0.0000	0.0000	0.0000	0.0000	0.0000	0.0000	0.0000	0.0000	0.0000	0.0000	0.0000	0.0000	0.0000	0.0000	0.0000	0.0000	0.0000	0.0000	0.0000	0.0000	0.317	
3.134	0.0000	0.0000	0.0000	0.0000	0.0000	0.0000	0.0000	0.0000	0.0000	0.0000	0.0000	0.0000	0.0000	0.0000	0.0000	0.0000	0.0000	0.0000	0.0000	0.0000	0.0000	0.0000	0.0000	0.0000	0.320	
3.167	0.0000	0.0000	0.0000	0.0000	0.0000	0.0000	0.0000	0.0000	0.0000	0.0000	0.0000	0.0000	0.0000	0.0000	0.0000	0.0000	0.0000	0.0000	0.0000	0.0000	0.0000	0.0000	0.0000	0.0000	0.323	
3.200	0.0000	0.0000	0.0000	0.0000	0.0000	0.0000	0.0000	0.0000	0.0000	0.0000	0.0000	0.0000	0.0000	0.0000	0.0000	0.0000	0.0000	0.0000	0.0000	0.0000	0.0000	0.0000	0.0000	0.0000	0.327	
3.234	-0.0986	1.0357	4.0760	0.0634	0.4598	4.0493	-0.1277	0.4083	4.0770	0.2453	0.8379	3.8646	-0.0645	1.1096	3.3612	0.0900	1.4636	3.5121	-0.0278	1.0225	4.0638	-0.1678	1.0317	4.0206	0.330	
3.267	-0.0183	0.9104	3.8678	0.0788	0.3332	4.1365	-0.1418	0.3606	4.1438	0.1222	1.0828	3.5536	-0.0396	1.1664	3.3233	0.0913	1.4637	3.5112	0.0506	0.8957	3.8566	-0.0870	0.9096	3.8135	0.333	
3.334	0.0048	0.9250	3.8394	0.0664	0.4632	4.0663	-0.1094	0.4276	4.0939	0.1307	1.0877	3.5423	-0.0306	1.2030	3.2886	0.0959	1.4678	3.5145	0.0757	0.9132	3.8223	-0.0659	0.9219	3.7927	0.340	
3.367	0.0069	0.9249	3.8366	0.0623	0.4613	4.0857	-0.1116	0.4276	4.0916	0.1444	1.0863	3.5457	-0.0253	1.2096	3.2787	0.1039	1.4736	3.5165	0.0772	0.9131	3.8206	-0.0634	0.9219	3.7898	0.343	
3.434	0.0182	0.9243	3.8341	0.0628	0.4606	4.0835	-0.1150	0.4437	4.0814	0.1642	1.0998	3.5350	-0.0245	1.2178	3.2634	0.1121	1.4774	3.5175	0.0880	0.9124	3.8179	-0.0517	0.9216	3.7890	0.350	
3.467	0.0261	0.9276	3.8313	0.0649	0.4583	4.0861	-0.1084	0.4415	4.0764	0.1704	1.0972	3.5363	-0.0243	1.2180	3.2353	0.1207	1.4810	3.5216	0.0960	0.9226	3.8160	-0.0419	0.9197	3.7853	0.353	
3.534	0.0392	0.9250	3.8301	0.0744	0.4977	4.0703	-0.1076	0.4437	4.0763	0.1466	1.0275	3.4343	-0.0241	1.2123	3.2220	0.1297	1.4854	3.5266	0.1075	0.9203	3.8143	-0.0287	0.9153	3.7856	0.360	
3.567	0.0411	0.9234	3.8315	0.0751	0.4473	4.1080	-0.1018	0.4278	4.0893	0.0776	1.1520	3.3747	-0.0308	1.2053	3.2162	0.1316	1.4825	3.5344	0.1086	0.9228	3.8175	-0.0237	0.9055	3.7867	0.363	
3.634	0.0432	0.9239	3.8333	0.0876	0.5011	4.0787	-0.0952	0.4334	4.0768	0.2564	0.9468	3.5404	0.0034	1.1634	3.1478	0.1438	1.4879	3.5401	0.1094	0.9230	3.8201	-0.0205	0.9087	3.7864	0.370	
3.667	0.0448	0.9258	3.8336	0.0728	0.4377	4.1202	-0.0943	0.4483	4.0714	0.2208	1.0547	3.6196	0.0067	1.1620	3.1470	0.1482	1.4883	3.5423	0.1098	0.9235	3.8204	-0.0181	0.9133	3.7863	0.373	
3.734	0.0464	0.9268	3.8349	0.0781	0.4449	4.1271	-0.0877	0.4578	4.0640	0.3240	1.1061	3.5841	0.0179	1.1527	3.1488	0.1585	1.4898	3.5484	0.1097	0.9235	3.8221	-0.0144	0.9163	3.7870	0.380	
3.767	0.0478	0.9275	3.8366	0.0773	0.4629	4.1124	-0.0873	0.4677	4.0570	0.3488	1.0245	3.5393	0.0208	1.1503	3.1504	0.1619	1.4881	3.5542	0.1105	0.9238	3.8235	-0.0132	0.9172	3.7888	0.375	
3.834	0.0518	0.9269	3.8405	0.0775	0.4692	4.1087	-0.0811	0.4507	4.0621	0.2950	1.0323	3.5705	0.0803	1.0865	3.1612	0.1707	1.4860	3.5575	0.1129	0.9226	3.8294	-0.0083	0.9169	3.7916	0.375	
3.900	0.0492	0.9298	3.8485	0.0804	0.4750	4.1133	-0.0927	0.4382	4.0839	0.2871	1.0364	3.5845	0.0530	1.1144	3.1497	0.1739	1.4829	3.5621	0.1075	0.9209	3.8398	-0.0107	0.9246	3.7980	0.375	
3.967	0.0579	0.9285	3.8540	0.0956	0.5178	4.0893	-0.0765	0.4553	4.0619	0.2612	1.0581	3.6792	0.0693	1.0971	3.1373	0.1829	1.4821	3.5636	0.1142	0.9196	3.8439	0.0011	0.9225	3.8049	0.375	
4.034	0.0612	0.9567	3.8463	0.0799	0.4756	4.1351	-0.0787	0.4770	4.0538	0.2596	1.0683	3.7034	0.0451	1.0955	3.2110	0.1891	1.4784	3.5677	0.1138	0.9649	3.8514	0.0070	0.9440	3.7840	0.375	
4.134	0.0627	0.9581	3.8472	0.0815	0.4715	4.1400	-0.0795	0.4344	4.1026	0.2608	1.0619	3.7089	-0.0076	1.0794	3.2746	0.1916	1.4795	3.5694	0.1156	0.9582	3.8538	0.0089	0.9478	3.7840	0.375	
4.200	0.0638	0.9566	3.8494	0.1023	0.5071	4.1072	-0.0744	0.4343	4.1038	0.2302	1.0042	3.7303	0.0686	1.0160	3.2452	0.1934	1.4783	3.5720	0.1178	0.9514	3.8562	0.0095	0.9480	3.7852	0.375	
4.267	0.0654	0.9545	3.8508	0.0953	0.4766	4.1315	-0.0686	0.4898	4.0365	0.2261	0.9102	3.6740	0.0088	1.0100	3.2921	0.1945	1.4784	3.5716	0.1197	0.9456	3.8575	0.0108	0.9476	3.7865	0.375	
4.334	0.0625	0.9497	3.8553	0.0754	0.4642	4.1464	-0.0923	0.4420	4.0807	0.2726	0.9809	3.5898	-0.0028	1.0191	3.3173	0.1956	1.4786	3.5717	0.1168	0.9436	3.8586	0.0071	0.9402	3.7942	0.375	
4.367	0.0682	0.9455	3.8625	0.0767	0.4634	4.1472	-0.0766	0.4632	4.0750	0.3705	1.1059	3.8320	-0.0062	1.0175	3.3260	0.1957	1.4785	3.5721	0.1226	0.9423	3.8633	0.0124	0.9330	3.8031	0.375	
4.434	0.0658	0.9424	3.8652	0.0829	0.4806	4.1304	-0.0719	0.4156	4.0955	0.2256	1.0203	3.7032	-0.0095	1.0237	3.3408	0.1958	1.4778	3.5723	0.1202	0.9416	3.8650	0.0098	0.9281	3.8064	0.375	
4.467	0.0650	0.9429	3.8655	0.0988	0.5175	4.1151	-0.0780	0.4742	4.0729	0.2280	1.0423	3.6949	-0.0061	1.0234	3.3485	0.1962	1.4766	3.5724	0.1195	0.9413	3.8656	0.0086	0.9302	3.8063	0.375	
4.534	0.0653	0.9442	3.8662	0.0801	0.4593	4.1417	-0.0944	0.4077	4.1411	0.2282	1.0206	3.6995	-0.0083	1.0290	3.3578	0.1940	1.4727	3.5738	0.1201	0.9415	3.8667	0.0090	0.9336	3.8062	0.375	
4.567	0.0652	0.9448	3.8667	0.0971	0.5199	4.1001	-0.0869	0.4188	4.1112	0.2288	1.0190	3.7001	-0.0079	1.0322	3.3600	0.1939	1.4719	3.5734	0.1201	0.9422	3.8680	0.0089	0.9339	3.8063	0.375	
4.634	0.0636	0.9447	3.8681	0.0813	0.4648	4.1392	-0.0871	0.4214	4.1039	0.2278	1.0162	3.7017	-0.0029	1.0368	3.3683	0.1918	1.4657	3.5719	0.1193	0.9421	3.8694	0.0060	0.9334	3.8078	0.375	
4.667	0.0636	0.9448	3.8680	0.0790	0.4590	4.1587	-0.0939	0.4234	4.1025	0.2280	1.0049	3.7074	-0.0068	1.0404	3.3722	0.1897	1.4612	3.5704	0.1191	0.9411	3.8698	0.0057	0.9347	3.8069	0.375	
4.734	0.0638	0.9441	3.8693	0.0888	0.4768	4.1431	-0.0909	0.4631	4.0767	0.2298	1.0070	3.7135	-0.0095	1.0411	3.3776	0.1850	1.4548	3.5730	0.1198	0.9387	3.8724	0.0060	0.9348	3.8074	0.375	
4.767	0.0637	0.9419	3.8721	0.1008	0.5253	4.1001	-0.1101	0.4114	4.1275	0.2218	1.0099	3.7096	-0.0090	1.0388	3.3830	0.1826	1.4510	3.5758	0.1203	0.9356	3.8762	0.0057	0.9336	3.8091	0.375	
4.834	0.0614	0.9402	3.8736	0.0849	0.4424	4.1529	-0.1114	0.3979	4.1299	0.2193	1.0572	3.7070	0.0046	1.0039	3.3911	0.1824	1.4492	3.5756	0.1182	0.9345	3.8762	0.0032	0.9310	3.8124	0.375	
4.867	0.0598	0.9396	3.8734	0.0993	0.4373	4.1504	-0.1082	0.4080	4.1196	0.2124	1.0142	3.7120	-0.0097	0.9971	3.4137	0.1824	1.4477	3.5757	0.1156	0.9339	3.8752	0.0024	0.9304	3.8126	0.375	
4.934	0.0584	0.9368	3.8738	0.0830	0.4667	4.1348	-0.0765	0.4712	4.0782	0.2283	1.0484	3.7007	-0.0088	1.0003	3.4164	0.1815	1.4475	3.5757	0.1144	0.9313	3.8752	0.0010	0.9276	3.8131	0.375	
4.967	0.0582	0.9363	3.8740	0.1098	0.5297	4.1039	-0.0873	0.4506	4.0913	0.2264	1.0493	3.6988	0.0141	0.9919	3.4145	0.1788	1.4465	3.5780	0.1142	0.9310	3.8753	0.0009	0.9270	3.8133	0.375	
5.034	0.0577	0.9346	3.8738	0.0783	0.4741	4.1391	-0.0671	0.4703	4.0817	0.2223	1.0587	3.7103	0.0388	0.9712	3.3868	0.1786	1.4459	3.5776	0.1131	0.9280	3.8751	0.0010	0.9263	3.8133	0.375	
5.067	0.0581	0.9333	3.8738	0.0812	0.4818	4.1317	-0.0829	0.4325	4.1312	0.2157	1.0241	3.7010	0.0065	0.9963	3.4165	0.1766	1.4459	3.5784	0.1137	0.9271	3.8749	0.0012	0.9246	3.8133	0.375	
5.134	0.0582	0.9305	3.8738	0.0771	0.4650	4.1398	-0.0792	0.4022	4.0949	0.2332	1.0362	3.6797	0.0064	0.9961	3.4148	0.1765	1.4460	3.5781	0.1145	0.9248	3.8749	0.0006	0.9215	3.8132	0.375	
5.167	0.0582	0.9293	3.8730	0.0919	0.4475	4.1343	-0.0849	0.3823	4.1138	0.2322	1.0365	3.6780	0.0065	0.9955	3.4119	0.1763	1.4461	3.5779	0.1144	0.9239	3.8737	0.0007	0.9199	3.8127	0.375	
5.234	0.0591	0.9272	3.8716	0.0782	0.4612	4.1485	-0.0847	0.4705	4.0727	0.2291	1.0491	3.6898	-0.0049	0.9965	3.4154	0.1730	1.4470	3.5765	0.1165	0.9207	3.8717	0.0009	0.9188	3.8117	0.375	
5.267	0.0584	0.9260	3.8716	0.0853	0.4842	4.1224	-0.0792	0.4116	4.1092	0.2304	1.0454	3.6834	-0.0119	0.9987	3.4178	0.1728	1.4473	3.5763	0.1157	0.9190	3.8720	0.0003	0.9181	3.8116	0.375	
5.334	0.0577	0.9230	3.8714	0.0805	0.4724	4.1227	-0.0774	0.4556	4.0750	0.2273	1.0472	3.6871	-0.0149	0.9878	3.4011	0.1719	1.4478	3.5760	0.1151	0.9164	3.8708	-0.0006	0.9146	3.8128	0.375	
5.367	0.0582	0.9228	3.8713	0.0806	0.4711	4.1245	-0.0933	0.4134	4.1049	0.2262	1.0480	3.6901	-0.0149	0.9870	3.4004	0.1715	1.4479	3.5758	0.1158	0.9162	3.8708	-0.0003	0.9145	3.8124	0.375	
5.434	0.0583	0.9221	3.8711	0.0963	0.5045	4.0857	-0.0802	0.4756	4.0688	0.2405	1.0549	3.7090	-0.0157	0.9860	3.3994	0.1700	1.4473	3.5764	0.1159	0.9155	3.8700	-0.0002	0.9134	3.8135	0.375	
5.467	0.0592	0.9216	3.8701	0.0970	0.5044	4.0856	-0.0900	0.3927	4.0951	0.2139	1.0552	3.7014	-0.0203	0.9873	3.4048	0.1689	1.4470	3.5759	0.1171	0.9146	3.8689	0.0006	0.9135	3.8121	0.375	
5.534	0.0587	0.9207	3.8681	0.0945	0.5144	4.0876	-0.0748	0.4319	4.0845	0.2222	1.0504	3.6921	-0.0208	0.9887	3.4176	0.1678	1.4472	3.5750	0.1170	0.9136	3.8674	-0.0004	0.9129	3.8092	0.375	
5.567	0.0587	0.9205	3.8677	0.0788	0.4675	4.1352	-0.0765	0.4293	4.0866	0.2236	1.0502	3.6907	-0.0205	0.9884	3.4189	0.1671	1.4473	3.5751	0.1168	0.9134	3.8670	-0.0003	0.9128	3.8087	0.375	
5.634	0.0584	0.9197	3.8652	0.0940	0.5090	4.0833	-0.0845	0.3958	4.0977	0.2244	1.0491	3.6885	-0.0192	0.9786	3.4179	0.1650	1.4477	3.5762	0.1157	0.9123	3.8642	0.0002	0.9124	3.8063	0.375	
5.667	0.0569	0.9186	3.8632	0.0794	0.4567	4.1235	-0.0948	0.3989	4.0949	0.2238	1.0483	3.6866	-0.0209	0.9728	3.4157	0.1655	1.4477	3.5757	0.1124	0.9096	3.8603	-0.0003	0.9123	3.8056	0.375	
5.734	0.0560	0.9190	3.8628	0.0703	0.4412	4.1471	-0.0851	0.4717	4.0649	0.2240	1.0483	3.6878	-0.0212	0.9661	3.4053	0.1671	1.4518	3.5734	0.1113	0.9101	3.8601	-0.0007	0.9130	3.8048	0.375	
5.767	0.0557	0.9193	3.8613	0.0712	0.4398	4.1449	-0.0864	0.4506	4.0757	0.2243	1.0479	3.6875	-0.0172	0.9694	3.3808	0.1671	1.4535	3.5718	0.1114	0.9106	3.8592	-0.0013	0.9132	3.8028	0.375	
5.834	0.0562	0.9192	3.8606	0.0837	0.4611	4.1254	-0.0781	0.3903	4.1158	0.2242	1.0481	3.6882	-0.0200	0.9881	3.3863	0.1694	1.4571	3.5691	0.1127	0.9108	3.8595	-0.0012	0.9130	3.8009	0.375	
5.867	0.0575	0.9202	3.8601	0.0896	0.4504	4.1505	-0.0812	0.4699	4.0698	0.2245	1.0486	3.6905	-0.0211	0.9937	3.3917	0.1688	1.4573	3.5714	0.1144	0.9117	3.8594	-0.0002	0.9142	3.8000	0.375	
5.934	0.0578	0.9214	3.8571	0.0815	0.4461	4.1344	-0.0793	0.4698	4.0636	0.1955	0.9871	3.6852	0.0118	0.9983	3.3638	0.1634	1.4536	3.5791	0.1149	0.9129	3.8579	-0.0001	0.9154	3.7954	0.375	
5.967	0.0592	0.9216	3.8556	0.0896	0.4947	4.0944	-0.0804	0.4716	4.0609	0.2034	0.9926	3.6748	0.0421	0.9839	3.3576	0.1655	1.4523	3.5773	0.1160	0.9131	3.8567	0.0012	0.9156	3.7940	0.375	
6.034	0.0570	0.9216	3.8558	0.0912	0.4964	4.0928	-0.0921	0.4050	4.1135	0.2085	0.9836	3.6813	-0.0118	0.9929	3.4021	0.1659	1.4517	3.5775	0.1133	0.9147	3.8576	-0.0004	0.9150	3.7939	0.375	
6.067	0.0570	0.9219	3.8556	0.0827	0.4374	4.1357	-0.0787	0.3867	4.1080	0.2217	1.0474	3.6949	-0.0142	0.9951	3.4045	0.1659	1.4515	3.5774	0.1130	0.9165	3.8570	-0.0004	0.9149	3.7939	0.375	
6.134	0.0565	0.9229	3.8562	0.0807	0.4402	4.1361	-0.0950	0.4667	4.0692	0.2250	1.0564	3.7075	-0.0145	0.9958	3.4049	0.1691	1.4522	3.5696	0.1120	0.9198	3.8573	-0.0006	0.9143	3.7949	0.375	
6.200	0.0571	0.9225	3.8576	0.0772	0.4677	4.0999	-0.0833	0.4565	4.0833	0.2107	0.9945	3.6825	-0.0192	0.9890	3.4095	0.1699	1.4516	3.5670	0.1135	0.9181	3.8596	-0.0003	0.9141	3.7959	0.375	
6.234	0.0569	0.9224	3.8577	0.0721	0.4354	4.1317	-0.0801	0.4684	4.0679	0.2089	0.9940	3.6848	-0.0185	0.9903	3.4100	0.1697	1.4513	3.5672	0.1132	0.9177	3.8595	-0.0007	0.9143	3.7965	0.375	
6.300	0.0565	0.9218	3.8580	0.0942	0.5243	4.0727	-0.0910	0.4081	4.1205	0.2049	0.9972	3.6837	-0.0107	0.9902	3.3980	0.1686	1.4507	3.5653	0.1127	0.9167	3.8593	-0.0009	0.9135	3.7974	0.375	
6.334	0.0561	0.9208	3.8583	0.0790	0.4648	4.1118	-0.0761	0.4452	4.0728	0.2063	0.9853	3.6937	-0.0127	0.9899	3.3980	0.1679	1.4494	3.5651	0.1123	0.9154	3.8598	-0.0012	0.9126	3.7975	0.375	
6.400	0.0489	0.9166	3.8638	0.0773	0.4608	4.1225	-0.1037	0.4167	4.1192	0.1954	0.9990	3.6853	-0.0135	0.9882	3.3978	0.1655	1.4489	3.5674	0.1065	0.9138	3.8632	-0.0098	0.9050	3.8052	0.375	
6.434	0.0473	0.9140	3.8646	0.0884	0.5150	4.0767	-0.1024	0.4200	4.1148	0.1945	1.0043	3.6812	-0.0286	0.9845	3.4104	0.1656	1.4487	3.5679	0.1058	0.9129	3.8636	-0.0123	0.9000	3.8064	0.375	
6.500	0.0490	0.9136	3.8636	0.0785	0.4549	4.1191	-0.0834	0.4672	4.0559	0.1615	0.9651	3.7745	-0.0287	0.9854	3.4099	0.1654	1.4483	3.5680	0.1073	0.9108	3.8632	-0.0094	0.9018	3.8037	0.375	
6.534	0.0490	0.9136	3.8632	0.0946	0.5135	4.0767	-0.0923	0.4363	4.0963	0.1712	1.0750	3.9613	-0.0228	0.9871	3.3987	0.1654	1.4483	3.5680	0.1073	0.9106	3.8629	-0.0095	0.9022	3.8030	0.375	
6.600	0.0486	0.9134	3.8623	0.0888	0.5125	4.0728	-0.0921	0.4481	4.0902	0.1751	1.0669	3.9642	-0.0201	0.9857	3.3955	0.1655	1.4474	3.5688	0.1069	0.9096	3.8615	-0.0100	0.9037	3.8021	0.375	
6.634	0.0461	0.9138	3.8597	0.0798	0.4390	4.1357	-0.0920	0.4478	4.0922	0.1764	1.0671	3.9655	-0.0154	0.9805	3.3889	0.1656	1.4471	3.5690	0.1043	0.9088	3.8591	-0.0126	0.9052	3.7993	0.375	
6.700	0.0473	0.9141	3.8597	0.0781	0.4626	4.1236	-0.0846	0.4674	4.0770	0.1754	1.0661	3.9658	-0.0185	0.9820	3.3897	0.1668	1.4466	3.5686	0.1058	0.9090	3.8587	-0.0115	0.9056	3.8001	0.375	
6.734	0.0482	0.9154	3.8600	0.0832	0.4737	4.1236	-0.0841	0.4711	4.0732	0.1770	1.0660	3.9662	-0.0189	0.9821	3.3897	0.1686	1.4490	3.5640	0.1067	0.9108	3.8590	-0.0107	0.9063	3.8005	0.375	
6.800	0.0514	0.9175	3.8593	0.0948	0.4787	4.1089	-0.0936	0.4447	4.0996	0.1813	1.0676	3.9683	-0.0131	0.9818	3.3835	0.1714	1.4523	3.5567	0.1098	0.9130	3.8584	-0.0075	0.9085	3.8001	0.382	
6.834	0.0524	0.9179	3.8598	0.0953	0.5184	4.0767	-0.0863	0.4699	4.0732	0.1766	1.0852	3.9697	-0.0140	0.9824	3.3836	0.1713	1.4544	3.5545	0.1116	0.9125	3.8591	-0.0069	0.9099	3.8005	0.385	
6.900	0.0541	0.9189	3.8601	0.0959	0.5172	4.0831	-0.0910	0.4170	4.0980	0.1753	1.0329	3.8481	-0.0135	0.9837	3.3824	0.1717	1.4568	3.5520	0.1137	0.9130	3.8587	-0.0057	0.9113	3.8017	0.392	
6.934	0.0570	0.9180	3.8611	0.0903	0.4465	4.1489	-0.0928	0.4177	4.0964	0.1772	1.0347	3.8482	-0.0116	0.9834	3.3792	0.1726	1.4578	3.5506	0.1173	0.9103	3.8611	-0.0032	0.9114	3.8017	0.395	
7.000	0.0623	0.9197	3.8611	0.1008	0.4600	4.1475	-0.0870	0.4196	4.0926	0.1796	1.0374	3.8483	-0.0148	0.9842	3.3806	0.1754	1.4601	3.5493	0.1227	0.9122	3.8612	0.0020	0.9132	3.8011	0.402	
7.034	0.0640	0.9207	3.8611	0.0875	0.4601	4.1159	-0.0866	0.4198	4.0922	0.1802	1.0373	3.8478	-0.0156	0.9832	3.3816	0.1755	1.4600	3.5494	0.1238	0.9135	3.8611	0.0038	0.9138	3.8012	0.405	
7.100	0.0644	0.9218	3.8606	0.0855	0.4613	4.1189	-0.0822	0.4401	4.0919	0.2254	1.0454	3.9090	-0.0166	0.9815	3.3851	0.1762	1.4608	3.5490	0.1240	0.9146	3.8602	0.0044	0.9149	3.8010	0.412	
7.134	0.0654	0.9233	3.8602	0.0944	0.5096	4.0846	-0.0941	0.4324	4.1056	0.2218	1.0387	3.9132	-0.0214	0.9902	3.3874	0.1766	1.4610	3.5490	0.1254	0.9159	3.8599	0.0049	0.9164	3.8006	0.415	
7.200	0.0663	0.9233	3.8609	0.0779	0.4417	4.1288	-0.0846	0.4143	4.0876	0.2189	1.0403	3.9134	-0.0242	1.0034	3.3855	0.1785	1.4627	3.5489	0.1267	0.9171	3.8589	0.0054	0.9155	3.8029	0.422	
7.234	0.0669	0.9231	3.8616	0.0778	0.4412	4.1301	-0.0850	0.4139	4.0881	0.2482	1.0397	3.9421	-0.0233	1.0009	3.3837	0.1818	1.4651	3.5480	0.1280	0.9169	3.8599	0.0056	0.9153	3.8034	0.425	
7.300	0.0675	0.9229	3.8623	0.0794	0.4381	4.1277	-0.0806	0.4280	4.1051	0.2163	1.0294	3.8954	-0.0254	1.0408	3.3951	0.1850	1.4681	3.5469	0.1292	0.9165	3.8605	0.0055	0.9150	3.8042	0.432	
7.334	0.0680	0.9237	3.8623	0.0829	0.4543	4.1165	-0.0802	0.4283	4.1053	0.2124	1.0368	3.9052	-0.0292	1.0490	3.3893	0.1887	1.4697	3.5463	0.1293	0.9186	3.8598	0.0064	0.9152	3.8046	0.435	
7.400	0.0672	0.9246	3.8630	0.0836	0.4832	4.1315	-0.0236	0.4659	4.0954	0.2133	1.0409	3.9115	-0.0124	1.1054	3.3792	0.1934	1.4707	3.5462	0.1269	0.9202	3.8599	0.0058	0.9159	3.8056	0.442	
7.434	0.0702	0.9253	3.8628	0.0743	0.4611	4.1462	-0.0783	0.4776	4.0651	0.2106	1.0421	3.9145	-0.0062	1.0896	3.3724	0.1971	1.4723	3.5466	0.1326	0.9192	3.8574	0.0080	0.9178	3.8070	0.445	
7.500	0.0675	0.9257	3.8632	0.0961	0.5135	4.0839	-0.0660	0.4708	4.0690	0.2010	1.0780	3.9449	-0.0082	1.1269	3.3669	0.2013	1.4729	3.5459	0.1274	0.9197	3.8542	0.0055	0.9183	3.8107	0.452	
7.534	0.0659	0.9255	3.8633	0.0828	0.4812	4.1100	-0.0731	0.4751	4.0674	0.2102	1.0858	3.9320	-0.0041	1.1338	3.3404	0.2037	1.4736	3.5466	0.1241	0.9201	3.8519	0.0042	0.9172	3.8134	0.455	
7.600	0.0655	0.9244	3.8639	0.0955	0.4913	4.1017	-0.0820	0.4473	4.0846	0.2306	1.0456	3.9548	-0.0017	1.1439	3.3265	0.2066	1.4743	3.5493	0.1242	0.9169	3.8522	0.0037	0.9174	3.8146	0.462	
7.634	0.0648	0.9237	3.8636	0.0910	0.4892	4.1071	-0.0845	0.4336	4.0950	0.2306	1.0457	3.9547	0.0121	1.1394	3.3098	0.2110	1.4764	3.5507	0.1240	0.9170	3.8517	0.0025	0.9148	3.8150	0.465	
7.700	0.0659	0.9212	3.8597	0.0840	0.4704	4.1250	-0.0911	0.4247	4.1010	0.2200	1.0582	3.9441	0.0130	1.1820	3.2647	0.2167	1.4778	3.5564	0.1249	0.9126	3.8484	0.0049	0.9134	3.8102	0.472	
7.734	0.0702	0.9186	3.8580	0.0928	0.4427	4.1309	-0.0946	0.4276	4.1029	0.2192	1.0572	3.9452	0.0224	1.1893	3.2496	0.2183	1.4789	3.5574	0.1334	0.9095	3.8428	0.0069	0.9117	3.8108	0.475	
7.800	0.0728	0.9127	3.8545	0.0873	0.4475	4.1373	-0.0727	0.4672	4.0567	0.2189	1.0571	3.9459	0.0422	1.2048	3.2034	0.2203	1.4802	3.5595	0.1360	0.9061	3.8391	0.0090	0.9041	3.8077	0.482	
7.834	0.0747	0.9076	3.8559	0.0948	0.4355	4.1324	-0.0765	0.4531	4.0690	0.2161	1.1176	3.9735	0.0381	1.2090	3.2059	0.2231	1.4834	3.5591	0.1378	0.9024	3.8428	0.0111	0.8971	3.8074	0.485	
7.900	0.0755	0.9028	3.8574	0.0727	0.4485	4.1519	-0.0777	0.4671	4.0579	0.2404	1.1066	3.9893	0.0377	1.2137	3.2134	0.2347	1.4891	3.5489	0.1411	0.8991	3.8482	0.0091	0.8901	3.8063	0.492	
7.934	0.0764	0.8980	3.8590	0.0864	0.4437	4.1513	-0.0814	0.4901	4.0360	0.2402	1.1064	3.9893	0.0824	1.2112	3.1661	0.2386	1.4941	3.5483	0.1443	0.8945	3.8512	0.0080	0.8857	3.8067	0.495	
8.000	0.0751	0.8937	3.8607	0.0928	0.4410	4.1383	-0.0826	0.4459	4.0775	0.2404	1.1056	3.9897	0.0589	1.2028	3.2061	0.2431	1.4967	3.5471	0.1432	0.8898	3.8539	0.0064	0.8825	3.8070	0.502	
8.034	0.0761	0.8920	3.8620	0.0709	0.4422	4.1287	-0.0825	0.4463	4.0773	0.2404	1.1052	3.9907	0.0826	1.2014	3.1821	0.2429	1.4988	3.5477	0.1449	0.8878	3.8567	0.0067	0.8813	3.8073	0.505	
8.100	0.0766	0.8913	3.8623	0.0746	0.4316	4.1295	-0.0806	0.4340	4.0886	0.2398	1.1043	3.9918	0.0828	1.2011	3.1812	0.2396	1.5089	3.5484	0.1453	0.8878	3.8568	0.0071	0.8794	3.8081	0.512	
8.134	0.0759	0.8916	3.8630	0.0854	0.4808	4.1026	-0.0805	0.4376	4.0881	0.2375	1.1043	3.9929	0.0826	1.2053	3.1842	0.2389	1.5115	3.5490	0.1437	0.8888	3.8582	0.0069	0.8795	3.8083	0.515	
8.200	0.0745	0.8922	3.8634	0.0960	0.4546	4.1390	-0.0943	0.4176	4.0937	0.2347	1.1012	3.9936	0.0627	1.2101	3.2149	0.2394	1.5132	3.5483	0.1400	0.8925	3.8586	0.0066	0.8794	3.8083	0.522	
8.234	0.0744	0.8912	3.8635	0.0827	0.4478	4.1301	-0.0933	0.4166	4.0931	0.2348	1.1008	3.9941	0.0808	1.2158	3.2074	0.2407	1.5153	3.5477	0.1403	0.8898	3.8587	0.0063	0.8790	3.8084	0.525	
8.300	0.0746	0.8913	3.8634	0.0795	0.4495	4.1307	-0.0802	0.4133	4.0931	0.2334	1.1007	3.9946	0.1067	1.2111	3.1907	0.2432	1.5163	3.5474	0.1413	0.8899	3.8582	0.0062	0.8793	3.8083	0.532	
8.334	0.0745	0.8917	3.8633	0.0816	0.4527	4.1271	-0.0883	0.3904	4.1112	0.2324	1.1011	3.9949	0.1087	1.2122	3.1972	0.2445	1.5167	3.5476	0.1413	0.8907	3.8588	0.0061	0.8797	3.8075	0.535	
8.367	0.0736	0.8928	3.8628	0.0750	0.4380	4.1237	-0.0917	0.3837	4.1131	0.2151	1.0980	3.9934	0.1148	1.2390	3.1732	0.2478	1.5143	3.5489	0.1399	0.8924	3.8590	0.0055	0.8803	3.8063	0.538	
8.434	0.0737	0.8951	3.8610	0.0831	0.4599	4.1120	-0.0851	0.4139	4.0858	0.2161	1.0996	3.9943	0.1149	1.2407	3.1720	0.2531	1.5181	3.5453	0.1400	0.8952	3.8568	0.0058	0.8816	3.8050	0.545	
8.467	0.0738	0.8964	3.8615	0.0801	0.4509	4.1208	-0.0852	0.4148	4.0859	0.2187	1.1003	3.9955	0.1148	1.2410	3.1710	0.2554	1.5219	3.5454	0.1401	0.8975	3.8581	0.0059	0.8821	3.8051	0.548	
8.534	0.0752	0.8998	3.8579	0.0893	0.4454	4.1500	-0.0732	0.4525	4.0768	0.2256	1.1086	3.9958	0.1169	1.2239	3.1794	0.2621	1.5217	3.5445	0.1412	0.9009	3.8543	0.0078	0.8852	3.8016	0.555	
8.600	0.0633	0.9041	3.8538	0.0953	0.4723	4.0970	-0.0769	0.4586	4.0741	0.2081	1.2677	3.8033	0.1156	1.2393	3.1622	0.2642	1.5238	3.5448	0.1288	0.9031	3.8490	-0.0031	0.8912	3.7980	0.562	
8.634	0.0658	0.9040	3.8528	0.0746	0.4449	4.1411	-0.0863	0.4587	4.0757	0.1891	1.2629	3.7815	0.1151	1.2397	3.1630	0.2639	1.5243	3.5447	0.1312	0.9030	3.8481	-0.0007	0.8911	3.7970	0.565	
8.700	0.0745	0.9054	3.8517	0.0725	0.4451	4.1401	-0.0779	0.4634	4.0550	0.2065	1.2773	3.8000	0.1131	1.2384	3.1691	0.2644	1.5265	3.5465	0.1388	0.9048	3.8501	0.0102	0.8921	3.7922	0.572	
8.767	0.0754	0.9063	3.8499	0.0858	0.4456	4.1237	-0.0778	0.4253	4.0847	0.1914	1.3149	3.7944	0.1156	1.2394	3.1627	0.2641	1.5278	3.5467	0.1390	0.9065	3.8481	0.0113	0.8921	3.7906	0.578	
8.800	0.0752	0.9058	3.8498	0.0896	0.4716	4.0988	-0.0949	0.4336	4.0769	0.1922	1.3157	3.7949	0.1154	1.2396	3.1626	0.2651	1.5276	3.5468	0.1388	0.9061	3.8480	0.0111	0.8916	3.7906	0.582	
8.867	0.0765	0.9055	3.8485	0.0851	0.4650	4.0943	-0.0759	0.4353	4.1056	0.1965	1.3194	3.8008	0.1218	1.2217	3.1747	0.2640	1.5285	3.5460	0.1404	0.9063	3.8483	0.0121	0.8901	3.7870	0.588	
8.900	0.0753	0.9055	3.8475	0.0861	0.4856	4.0769	-0.0877	0.4050	4.1282	0.2109	1.3123	3.8083	0.1157	1.2394	3.1598	0.2634	1.5293	3.5457	0.1386	0.9058	3.8459	0.0113	0.8904	3.7870	0.592	
8.967	0.0747	0.9016	3.8468	0.0862	0.4567	4.1177	-0.0746	0.4085	4.0719	0.2003	1.3030	3.7927	0.1165	1.2382	3.1556	0.2632	1.5293	3.5443	0.1398	0.8994	3.8452	0.0094	0.8883	3.7867	0.598	
9.000	0.0751	0.8989	3.8470	0.0926	0.4807	4.0981	-0.0750	0.4077	4.0725	0.2006	1.2974	3.7901	0.1175	1.2376	3.1534	0.2627	1.5299	3.5438	0.1423	0.8953	3.8446	0.0081	0.8864	3.7879	0.602	
9.067	0.0765	0.8975	3.8469	0.0984	0.4414	4.1036	-0.0757	0.4085	4.0728	0.1520	1.2604	3.8205	0.1185	1.2131	3.1910	0.2637	1.5310	3.5425	0.1440	0.8954	3.8446	0.0089	0.8838	3.7882	0.608	
9.100	0.0773	0.8984	3.8469	0.1030	0.4519	4.1180	-0.0752	0.4155	4.0808	0.2252	1.2666	3.7963	0.1208	1.2336	3.1615	0.2623	1.5318	3.5419	0.1443	0.8959	3.8443	0.0103	0.8858	3.7890	0.612	
9.167	0.0770	0.9030	3.8434	0.0837	0.4570	4.1240	-0.0733	0.4165	4.0809	0.2343	1.2603	3.8092	0.1249	1.2343	3.1499	0.2594	1.5304	3.5429	0.1429	0.9003	3.8395	0.0104	0.8918	3.7863	0.618	
9.200	0.0769	0.9030	3.8433	0.0856	0.4455	4.1208	-0.0737	0.4146	4.0779	0.2307	1.2866	3.8066	0.1277	1.2248	3.1658	0.2571	1.5323	3.5423	0.1426	0.9004	3.8390	0.0104	0.8919	3.7865	0.622	
9.267	0.0778	0.9036	3.8421	0.0927	0.4369	4.1282	-0.0760	0.4661	4.0299	0.1962	1.3105	3.7867	0.1203	1.2333	3.1585	0.2478	1.5346	3.5394	0.1444	0.9013	3.8385	0.0105	0.8917	3.7845	0.628	
9.300	0.0778	0.9037	3.8420	0.0721	0.4478	4.1272	-0.0712	0.4276	4.0893	0.2169	1.3049	3.8038	0.1204	1.2343	3.1576	0.2479	1.5352	3.5383	0.1444	0.9017	3.8379	0.0106	0.8918	3.7847	0.625	
9.367	0.0790	0.9026	3.8427	0.0876	0.4716	4.0983	-0.0499	0.4285	4.0962	0.1874	1.3111	3.7845	0.1235	1.2217	3.1683	0.2468	1.5350	3.5368	0.1462	0.9010	3.8383	0.0113	0.8899	3.7862	0.625	
9.400	0.0800	0.9021	3.8425	0.0872	0.4429	4.1316	-0.0649	0.4280	4.0902	0.1866	1.3082	3.7798	0.1234	1.2057	3.1681	0.2465	1.5348	3.5362	0.1476	0.9006	3.8388	0.0120	0.8893	3.7854	0.625	
9.467	0.0810	0.9023	3.8401	0.0802	0.4356	4.1209	-0.0724	0.4324	4.0885	0.1859	1.3073	3.7790	0.1237	1.2263	3.1425	0.2459	1.5351	3.5355	0.1489	0.9007	3.8380	0.0128	0.8910	3.7798	0.625	
9.500	0.0806	0.9022	3.8397	0.0845	0.4363	4.1170	-0.0703	0.4270	4.0915	0.1730	1.2695	3.7787	0.1233	1.2268	3.1426	0.2460	1.5349	3.5358	0.1483	0.8999	3.8363	0.0121	0.8910	3.7802	0.625	
9.567	0.0822	0.9009	3.8408	0.1001	0.4768	4.0885	-0.0777	0.4151	4.0741	0.1941	1.3027	3.7769	0.1208	1.2208	3.1393	0.2462	1.5364	3.5360	0.1498	0.9000	3.8360	0.0139	0.8863	3.7858	0.625	
9.600	0.0815	0.9012	3.8399	0.1003	0.4773	4.0913	-0.0781	0.4145	4.0728	0.1869	1.2932	3.7721	0.1204	1.2221	3.1383	0.2462	1.5357	3.5355	0.1491	0.8996	3.8347	0.0127	0.8875	3.7848	0.625	
9.667	0.0813	0.9011	3.8399	0.0985	0.4776	4.0846	-0.0795	0.4141	4.0713	0.1758	1.2752	3.7626	0.1190	1.2250	3.1383	0.2457	1.5357	3.5340	0.1480	0.8992	3.8343	0.0129	0.8879	3.7850	0.625	
9.700	0.0808	0.9011	3.8396	0.0758	0.4317	4.1130	-0.0718	0.4481	4.0534	0.1769	1.2767	3.7646	0.1107	1.2151	3.1846	0.2457	1.5357	3.5338	0.1473	0.8994	3.8339	0.0126	0.8878	3.7849	0.625	
9.767	0.0799	0.9000	3.8399	0.0633	0.4389	4.1194	-0.0729	0.4518	4.0539	0.1818	1.3018	3.7729	0.1054	1.2131	3.1872	0.2453	1.5343	3.5333	0.1468	0.8982	3.8342	0.0115	0.8871	3.7852	0.625	
9.834	0.0779	0.8994	3.8402	0.0840	0.4743	4.1085	-0.0765	0.4350	4.0890	0.1827	1.3027	3.7727	0.1151	1.2069	3.1877	0.2434	1.5337	3.5313	0.1448	0.8974	3.8342	0.0096	0.8867	3.7859	0.625	
9.900	0.0786	0.9000	3.8400	0.0794	0.4423	4.1301	-0.0858	0.4252	4.0806	0.1860	1.3105	3.7772	0.1124	1.2058	3.1807	0.2400	1.5299	3.5312	0.1453	0.8980	3.8353	0.0110	0.8883	3.7834	0.625	
9.934	0.0785	0.8997	3.8395	0.0839	0.4617	4.1107	-0.0868	0.4247	4.0797	0.1842	1.3084	3.7780	0.1135	1.2031	3.1837	0.2368	1.5313	3.5289	0.1450	0.8976	3.8353	0.0114	0.8880	3.7821	0.625	
10.034	0.0774	0.8947	3.8424	0.0846	0.4471	4.1249	-0.0905	0.4235	4.0796	0.1795	1.3049	3.7718	0.1121	1.1965	3.1734	0.2353	1.5299	3.5274	0.1453	0.8919	3.8419	0.0087	0.8825	3.7842	0.625	
10.067	0.0762	0.8941	3.8431	0.1080	0.4445	4.1284	-0.1055	0.4641	4.0573	0.1783	1.3018	3.7703	0.1118	1.1930	3.1689	0.2352	1.5295	3.5275	0.1442	0.8917	3.8422	0.0075	0.8816	3.7853	0.625	
10.134	0.0748	0.8925	3.8449	0.1098	0.4452	4.1306	-0.0819	0.4169	4.0811	0.1881	1.3124	3.7755	0.0957	1.2071	3.1511	0.2349	1.5293	3.5280	0.1438	0.8913	3.8417	0.0037	0.8766	3.7900	0.625	
10.200	0.0756	0.8901	3.8448	0.0919	0.4821	4.0963	-0.0838	0.4302	4.0768	0.1959	1.3273	3.8008	0.1075	1.1918	3.1590	0.2335	1.5301	3.5272	0.1450	0.8887	3.8410	0.0040	0.8753	3.7898	0.625	
10.234	0.0754	0.8909	3.8438	0.0927	0.4737	4.0890	-0.0772	0.4635	4.0472	0.1885	1.3137	3.7815	0.1043	1.1943	3.1718	0.2335	1.5301	3.5271	0.1441	0.8894	3.8392	0.0046	0.8773	3.7888	0.625	
10.300	0.0748	0.8920	3.8403	0.0686	0.4359	4.1326	-0.0729	0.4653	4.0441	0.1911	1.3096	3.7807	0.1117	1.1941	3.1701	0.2324	1.5315	3.5263	0.1430	0.8894	3.8371	0.0056	0.8813	3.7820	0.625	
10.334	0.0751	0.8916	3.8402	0.0796	0.4741	4.1003	-0.0714	0.4634	4.0396	0.1883	1.3098	3.7806	0.1128	1.1950	3.1703	0.2291	1.5334	3.5265	0.1433	0.8892	3.8372	0.0059	0.8805	3.7817	0.625	
10.400	0.0747	0.8935	3.8388	0.0831	0.4581	4.0940	-0.0682	0.4447	4.0417	0.1816	1.2982	3.7676	0.1085	1.1982	3.1765	0.2270	1.5351	3.5254	0.1426	0.8895	3.8367	0.0059	0.8846	3.7791	0.625	
10.434	0.0745	0.8942	3.8384	0.0865	0.4758	4.0881	-0.0576	0.4728	4.0120	0.1861	1.3045	3.7724	0.1084	1.1983	3.1771	0.2262	1.5327	3.5268	0.1421	0.8898	3.8367	0.0060	0.8858	3.7784	0.625	
10.500	0.0718	0.9017	3.8330	0.0850	0.4903	4.0632	-0.0663	0.4618	4.0284	0.1857	1.3122	3.7797	0.1105	1.2016	3.1681	0.2299	1.5324	3.5318	0.1363	0.8971	3.8299	0.0063	0.8931	3.7753	0.625	
10.534	0.0723	0.9025	3.8327	0.1006	0.4320	4.1156	-0.0969	0.4117	4.0628	0.2133	1.0818	3.9372	0.1109	1.2016	3.1665	0.2311	1.5332	3.5324	0.1364	0.8975	3.8298	0.0075	0.8942	3.7747	0.625	
10.600	0.0753	0.8998	3.8366	0.0980	0.4373	4.1193	-0.0801	0.4270	4.0879	0.1431	1.1187	3.7993	0.1079	1.1959	3.1787	0.2309	1.5356	3.5308	0.1420	0.8961	3.8377	0.0092	0.8895	3.7771	0.625	
10.634	0.0783	0.8932	3.8414	0.0879	0.4852	4.0829	-0.0795	0.4282	4.0892	0.2047	1.0707	3.9305	0.1076	1.1953	3.1766	0.2306	1.5351	3.5298	0.1463	0.8916	3.8405	0.0096	0.8803	3.7835	0.625	
10.700	0.0776	0.8938	3.8408	0.0928	0.4754	4.1016	-0.0822	0.4301	4.0870	0.2020	1.0881	3.9307	0.1077	1.2037	3.1440	0.2297	1.5366	3.5284	0.1449	0.8923	3.8405	0.0093	0.8813	3.7813	0.625	
10.734	0.0774	0.8921	3.8412	0.0893	0.4391	4.1395	-0.0775	0.4236	4.0813	0.2039	1.0934	3.9314	0.1059	1.1906	3.1714	0.2297	1.5373	3.5283	0.1455	0.8906	3.8410	0.0080	0.8793	3.7816	0.625	
10.800	0.0739	0.8906	3.8428	0.0833	0.4959	4.0772	-0.0734	0.4216	4.0811	0.2172	1.0663	3.9899	0.0971	1.1902	3.1752	0.2286	1.5375	3.5267	0.1418	0.8879	3.8412	0.0040	0.8786	3.7849	0.625	
10.834	0.0730	0.8890	3.8429	0.0995	0.4705	4.1042	-0.0728	0.4202	4.0817	0.2119	1.0621	3.9870	0.0828	1.1970	3.1664	0.2298	1.5349	3.5266	0.1410	0.8856	3.8400	0.0030	0.8775	3.7857	0.625	
10.934	0.0767	0.8848	3.8456	0.0837	0.4371	4.1244	-0.0770	0.4411	4.0656	0.1855	0.9799	4.0018	0.1165	1.1620	3.1748	0.2299	1.5337	3.5275	0.1466	0.8828	3.8417	0.0055	0.8721	3.7897	0.625	
10.967	0.0764	0.8841	3.8458	0.0894	0.4643	4.1001	-0.0717	0.4696	4.0381	0.1856	0.9803	4.0020	0.0799	1.1970	3.1691	0.2298	1.5337	3.5275	0.1462	0.8820	3.8419	0.0053	0.8716	3.7898	0.625	
11.034	0.0759	0.8834	3.8456	0.0823	0.4337	4.1221	-0.0752	0.4664	4.0397	0.2230	1.0623	3.9899	0.0949	1.1940	3.1501	0.2322	1.5296	3.5262	0.1449	0.8810	3.8419	0.0053	0.8712	3.7895	0.625	
11.067	0.0760	0.8830	3.8453	0.0801	0.4372	4.1203	-0.0698	0.4800	4.0246	0.2231	1.0614	3.9899	0.1149	1.1799	3.1561	0.2348	1.5270	3.5268	0.1450	0.8809	3.8418	0.0054	0.8703	3.7886	0.625	
11.134	0.0775	0.8844	3.8429	0.0902	0.4308	4.1188	-0.0719	0.4568	4.0241	0.2136	1.0565	3.9836	0.1165	1.1869	3.1499	0.2338	1.5266	3.5263	0.1448	0.8813	3.8399	0.0096	0.8747	3.7852	0.625	
11.167	0.0770	0.8847	3.8427	0.0957	0.4740	4.0824	-0.0724	0.4589	4.0249	0.2155	1.0579	3.9851	0.1120	1.1854	3.1493	0.2340	1.5260	3.5263	0.1443	0.8816	3.8394	0.0090	0.8749	3.7852	0.625	
11.234	0.0756	0.8849	3.8413	0.0900	0.4326	4.1194	-0.0783	0.4239	4.0834	0.2112	1.0576	3.9812	0.1114	1.1852	3.1486	0.2346	1.5240	3.5255	0.1426	0.8820	3.8376	0.0075	0.8747	3.7842	0.625	
11.267	0.0756	0.8848	3.8420	0.0925	0.4341	4.1191	-0.0776	0.4229	4.0844	0.2134	1.0587	3.9828	0.1112	1.1841	3.1492	0.2372	1.5210	3.5261	0.1427	0.8819	3.8377	0.0069	0.8747	3.7865	0.625	
11.334	0.0612	0.8862	3.8452	0.0925	0.4391	4.1195	-0.0573	0.4612	4.0299	0.2104	1.0558	3.9812	0.0956	1.1837	3.1743	0.2431	1.5118	3.5310	0.1301	0.8819	3.8411	-0.0082	0.8766	3.7880	0.625	
11.367	0.0628	0.8835	3.8462	0.0895	0.4381	4.1147	-0.0574	0.4612	4.0300	0.2052	1.0522	3.9823	0.1144	1.1745	3.1475	0.2441	1.5106	3.5301	0.1314	0.8787	3.8445	-0.0063	0.8737	3.7876	0.625	
11.434	0.0638	0.8825	3.8460	0.0750	0.4391	4.1165	-0.0549	0.4594	4.0318	0.2031	1.0517	3.9821	0.1200	1.1676	3.1397	0.2477	1.5036	3.5319	0.1318	0.8799	3.8475	-0.0037	0.8688	3.7816	0.625	
11.467	0.0654	0.8819	3.8470	0.1152	0.4827	4.0772	-0.0762	0.4354	4.0586	0.2016	1.0507	3.9821	0.1201	1.1673	3.1395	0.2487	1.5003	3.5325	0.1328	0.8804	3.8486	-0.0015	0.8672	3.7834	0.625	
11.534	0.0651	0.8814	3.8468	0.0787	0.4324	4.1344	-0.0663	0.4435	4.0495	0.1991	1.0555	3.9768	0.0888	1.1753	3.1345	0.2449	1.4940	3.5306	0.1324	0.8809	3.8481	-0.0022	0.8657	3.7838	0.625	
11.567	0.0664	0.8815	3.8470	0.0895	0.4418	4.1269	-0.0711	0.4371	4.0556	0.2058	1.0569	3.9859	0.0800	1.1608	3.1862	0.2411	1.4891	3.5331	0.1350	0.8839	3.8463	-0.0005	0.8638	3.7868	0.625	
11.634	0.0589	0.8976	3.8351	0.0858	0.4385	4.1178	-0.0825	0.4049	4.0832	0.2045	1.0604	3.9771	0.0985	1.1088	3.1396	0.2052	1.4739	3.5693	0.1173	0.8949	3.8300	-0.0019	0.8872	3.7771	0.625	
11.667	0.0632	0.8985	3.8353	0.0822	0.4369	4.1211	-0.0824	0.4175	4.0855	0.2044	1.0604	3.9762	0.0510	1.1179	3.2122	0.2058	1.4735	3.5702	0.1223	0.8948	3.8296	0.0028	0.8891	3.7789	0.625	
11.734	0.0743	0.9037	3.8422	0.0802	0.4431	4.1248	-0.0827	0.4071	4.0712	0.2016	1.0011	3.8677	0.0432	1.0579	3.2514	0.2054	1.4740	3.5738	0.1342	0.8957	3.8272	0.0160	0.8995	3.8012	0.625	
11.767	0.0737	0.9014	3.8464	0.0860	0.4566	4.1038	-0.0729	0.4089	4.0731	0.2772	1.0116	3.7004	-0.0199	1.0307	3.3311	0.2042	1.4744	3.5751	0.1344	0.8932	3.8291	0.0134	0.8971	3.8067	0.625	
11.834	0.0712	0.9122	3.8416	0.0966	0.5017	4.0650	-0.0755	0.4098	4.0729	0.2742	1.0010	3.5465	-0.0170	0.9903	3.3838	0.2014	1.4752	3.5764	0.1295	0.9020	3.8358	0.0111	0.9129	3.7819	0.625	
11.867	0.0703	0.9124	3.8418	0.0862	0.4797	4.0833	-0.0873	0.4319	4.0612	0.2749	0.9989	3.5421	-0.0130	0.9888	3.4073	0.1972	1.4782	3.5766	0.1282	0.9022	3.8366	0.0103	0.9125	3.7824	0.625	
11.934	0.0656	0.9144	3.8436	0.0707	0.4592	4.1342	-0.0731	0.4476	4.0574	0.2863	0.9518	3.5193	0.0073	0.9681	3.4483	0.1904	1.4802	3.5779	0.1243	0.9052	3.8389	0.0044	0.9121	3.7870	0.625	
11.967	0.0650	0.9158	3.8460	0.1000	0.5130	4.0689	-0.0739	0.4469	4.0589	0.2866	0.9663	3.5000	-0.0152	0.9658	3.4769	0.1880	1.4813	3.5784	0.1243	0.9053	3.8391	0.0031	0.9146	3.7944	0.625	
12.034	0.0615	0.9202	3.8490	0.1010	0.5095	4.0717	-0.0651	0.4748	4.0377	0.2861	0.9714	3.4928	-0.0295	0.9701	3.4902	0.1814	1.4838	3.5770	0.1206	0.9093	3.8388	0.0004	0.9184	3.8007	0.625	
12.067	0.0570	0.9212	3.8538	0.0854	0.4579	4.1337	-0.0775	0.4348	4.0690	0.2724	0.9763	3.4808	-0.0217	0.9314	3.4633	0.1785	1.4841	3.5770	0.1173	0.9090	3.8411	-0.0044	0.9206	3.8079	0.625	
12.134	0.0474	0.9216	3.8566	0.0978	0.5075	4.0583	-0.0862	0.3921	4.1135	0.2630	0.9699	3.4693	-0.0416	0.9525	3.4673	0.1757	1.4845	3.5746	0.1059	0.9123	3.8418	-0.0139	0.9173	3.8124	0.625	
12.167	0.0435	0.9246	3.8593	0.0877	0.4419	4.1200	-0.0806	0.4138	4.0939	0.2579	0.9682	3.4706	-0.0425	0.9584	3.4525	0.1750	1.4846	3.5748	0.1038	0.9125	3.8440	-0.0194	0.9242	3.8149	0.625	
12.234	0.0437	0.9241	3.8570	0.0985	0.5092	4.0626	-0.0974	0.4661	4.0534	0.2547	0.9682	3.4741	-0.0401	0.9711	3.4371	0.1751	1.4829	3.5726	0.1050	0.9104	3.8421	-0.0198	0.9248	3.8109	0.625	
12.267	0.0445	0.9239	3.8562	0.0934	0.4905	4.0632	-0.0785	0.4270	4.0964	0.2534	0.9671	3.4754	-0.0433	0.9824	3.4410	0.1758	1.4809	3.5723	0.1055	0.9109	3.8412	-0.0177	0.9231	3.8100	0.625	
12.334	0.0571	0.9194	3.8544	0.1101	0.5032	4.0628	-0.0923	0.3793	4.1111	0.2586	0.9575	3.4767	-0.0278	0.9827	3.4252	0.1800	1.4700	3.5759	0.1192	0.9064	3.8390	-0.0060	0.9183	3.8093	0.625	
12.367	0.0614	0.9164	3.8545	0.0814	0.4756	4.1081	-0.0765	0.4057	4.0899	0.2703	0.9502	3.4797	-0.0433	0.9785	3.4491	0.1809	1.4668	3.5776	0.1247	0.9037	3.8396	-0.0026	0.9150	3.8091	0.625	
12.400	0.0619	0.9156	3.8544	0.0820	0.4673	4.1081	-0.0780	0.4047	4.0936	0.2718	0.9519	3.4843	-0.0433	0.9743	3.4479	0.1829	1.4605	3.5826	0.1247	0.9034	3.8396	-0.0014	0.9133	3.8090	0.622	
12.467	0.0622	0.9073	3.8544	0.0991	0.5022	4.0700	-0.0824	0.4047	4.0920	0.2738	0.9535	3.4778	-0.0471	0.9616	3.4491	0.1794	1.4486	3.5994	0.1246	0.8994	3.8396	-0.0005	0.8986	3.8101	0.615	
12.567	0.0628	0.9074	3.8523	0.0765	0.4574	4.0984	-0.0817	0.4683	4.0417	0.2805	0.9250	3.5183	-0.0454	0.9555	3.4428	0.1853	1.4509	3.5940	0.1239	0.9015	3.8377	0.0019	0.8980	3.8058	0.605	
12.600	0.0521	0.9080	3.8562	0.0787	0.4586	4.0988	-0.0821	0.4640	4.0463	0.2841	0.9255	3.5272	-0.0343	0.9473	3.4353	0.1892	1.4551	3.5891	0.1071	0.9051	3.8422	-0.0052	0.8970	3.8098	0.602	
12.667	0.0474	0.9102	3.8578	0.0911	0.4631	4.1159	-0.0919	0.4077	4.1195	0.2754	0.9299	3.5460	-0.0022	0.9347	3.4302	0.1889	1.4550	3.5891	0.1006	0.9054	3.8471	-0.0090	0.9016	3.8086	0.595	
12.700	0.0394	0.9087	3.8585	0.0891	0.4621	4.1178	-0.0884	0.4139	4.1122	0.2717	0.9287	3.5591	0.0136	0.9221	3.4457	0.1889	1.4550	3.5891	0.0914	0.9034	3.8491	-0.0143	0.9003	3.8082	0.592	
12.767	0.0377	0.9070	3.8566	0.0828	0.4573	4.1080	-0.0872	0.4123	4.1105	0.2215	0.9360	3.5781	0.0249	0.9117	3.5126	0.1882	1.4546	3.5881	0.0893	0.9007	3.8488	-0.0151	0.8992	3.8053	0.585	
12.800	0.0349	0.9049	3.8546	0.0862	0.4593	4.1081	-0.0841	0.4685	4.0573	0.2307	0.9343	3.6111	0.0082	0.9384	3.5502	0.1897	1.4554	3.5861	0.0861	0.8973	3.8464	-0.0175	0.8981	3.8032	0.582	
12.867	0.0399	0.8966	3.8611	0.0836	0.4690	4.1021	-0.0837	0.4437	4.0832	0.2298	0.9307	3.6472	0.0394	0.9049	3.5852	0.1887	1.4548	3.5842	0.0915	0.8888	3.8572	-0.0116	0.8896	3.8053	0.575	
12.900	0.0366	0.8955	3.8590	0.0807	0.4657	4.1071	-0.0841	0.3941	4.1183	0.2267	0.9347	3.6608	0.0129	0.9294	3.6051	0.1860	1.4536	3.5835	0.0894	0.8874	3.8562	-0.0171	0.8895	3.8010	0.572	
12.934	0.0481	0.8987	3.8646	0.0753	0.4308	4.1420	-0.0791	0.4009	4.1160	0.2115	0.9132	3.6627	0.0072	0.9313	3.6138	0.1857	1.4544	3.5805	0.1021	0.8932	3.8613	-0.0060	0.8904	3.8076	0.568	
13.000	0.0402	0.8927	3.8589	0.0844	0.4328	4.1479	-0.0877	0.4754	4.0502	0.2117	0.9128	3.6727	0.0177	0.9088	3.6205	0.1824	1.4515	3.5788	0.0934	0.8873	3.8557	-0.0135	0.8840	3.8019	0.562	
13.034	0.0475	0.8912	3.8636	0.0860	0.4306	4.1471	-0.0830	0.4583	4.0594	0.2108	0.9118	3.6718	0.0177	0.9087	3.6236	0.1818	1.4511	3.5780	0.1018	0.8882	3.8582	-0.0067	0.8797	3.8094	0.558	
13.100	0.0593	0.8975	3.8654	0.0858	0.4435	4.1150	-0.0957	0.3958	4.1059	0.2118	0.9139	3.6785	0.0170	0.9074	3.6275	0.1804	1.4488	3.5775	0.1116	0.8932	3.8606	0.0064	0.8877	3.8102	0.552	
13.134	0.0591	0.8968	3.8661	0.1038	0.4577	4.1042	-0.0896	0.4197	4.0759	0.2092	0.9131	3.6783	0.0158	0.9102	3.6286	0.1809	1.4488	3.5765	0.1118	0.8932	3.8613	0.0055	0.8855	3.8111	0.548	
13.200	0.0607	0.8969	3.8650	0.0814	0.4296	4.1385	-0.0820	0.4233	4.0808	0.2073	0.9106	3.6748	0.0194	0.9120	3.6286	0.1797	1.4479	3.5742	0.1157	0.8931	3.8600	0.0063	0.8862	3.8098	0.542	
13.234	0.0603	0.8978	3.8667	0.0869	0.4343	4.1322	-0.1013	0.4732	4.0690	0.2036	0.9099	3.6694	0.0377	0.9291	3.6256	0.1799	1.4476	3.5735	0.1152	0.8933	3.8624	0.0054	0.8880	3.8112	0.538	
13.300	0.0374	0.8965	3.8521	0.0941	0.5015	4.0729	-0.0842	0.4111	4.0982	0.2014	0.9060	3.6420	0.0286	0.9238	3.6231	0.1795	1.4463	3.5725	0.0922	0.8903	3.8489	-0.0185	0.8887	3.7939	0.532	
13.334	0.0475	0.8946	3.8610	0.0934	0.4901	4.0870	-0.0807	0.4031	4.0928	0.2231	0.9577	3.6748	0.0288	0.9274	3.6238	0.1792	1.4460	3.5715	0.1031	0.8923	3.8553	-0.0078	0.8817	3.8077	0.528	
13.400	0.0491	0.8948	3.8590	0.0998	0.5122	4.0596	-0.0860	0.3870	4.1153	0.2198	0.9159	3.6198	0.0426	0.9432	3.6229	0.1766	1.4435	3.5745	0.1058	0.8922	3.8523	-0.0078	0.8825	3.8057	0.522	
13.434	0.0490	0.8949	3.8612	0.0890	0.4739	4.1081	-0.0831	0.4248	4.0769	0.2725	0.9817	3.6428	0.0449	0.9494	3.6212	0.1763	1.4434	3.5749	0.1050	0.8930	3.8541	-0.0072	0.8820	3.8086	0.518	
13.500	0.0506	0.8960	3.8629	0.0852	0.4931	4.0733	-0.0820	0.4261	4.0767	0.2718	0.9617	3.5633	0.0462	0.9635	3.6143	0.1769	1.4415	3.5772	0.1101	0.8958	3.8549	-0.0081	0.8821	3.8111	0.512	
13.534	0.0545	0.8996	3.8637	0.0841	0.4557	4.1159	-0.0820	0.4261	4.0766	0.2973	1.0231	3.5445	0.0482	0.9680	3.6085	0.1769	1.4420	3.5776	0.1168	0.9006	3.8544	-0.0067	0.8847	3.8126	0.508	
13.600	0.0535	0.9043	3.8633	0.0798	0.4353	4.1329	-0.0724	0.4678	4.0609	0.2875	1.0416	3.5773	0.0464	0.9764	3.5781	0.1780	1.4442	3.5789	0.1159	0.9014	3.8539	-0.0085	0.8963	3.8128	0.502	
13.634	0.0541	0.9046	3.8631	0.0848	0.4662	4.1149	-0.0804	0.4678	4.0560	0.2979	1.0573	3.5611	0.0148	1.0015	3.5398	0.1787	1.4448	3.5791	0.1167	0.9017	3.8532	-0.0082	0.8962	3.8128	0.498	
13.700	0.0590	0.9080	3.8630	0.0883	0.4437	4.1230	-0.1007	0.4043	4.1092	0.2794	1.1052	3.4653	-0.0166	1.0368	3.5141	0.1808	1.4461	3.5790	0.1227	0.9037	3.8547	-0.0048	0.9000	3.8109	0.492	
13.734	0.0592	0.9115	3.8625	0.0792	0.4460	4.1366	-0.0962	0.3958	4.1163	0.2867	1.1236	3.5257	-0.0124	1.0750	3.5073	0.1809	1.4471	3.5792	0.1223	0.9083	3.8551	-0.0044	0.9019	3.8099	0.488	
13.800	0.0613	0.9154	3.8616	0.0770	0.4500	4.1386	-0.0908	0.4147	4.1058	0.2828	1.1138	3.5272	0.0144	1.1038	3.4767	0.1806	1.4476	3.5790	0.1242	0.9112	3.8559	-0.0021	0.9071	3.8063	0.482	
13.834	0.0620	0.9173	3.8612	0.0938	0.4477	4.1379	-0.0915	0.4144	4.1060	0.2792	1.0959	3.5222	0.0092	1.1098	3.4782	0.1792	1.4503	3.5760	0.1245	0.9122	3.8562	-0.0011	0.9095	3.8050	0.478	
13.900	0.0653	0.9178	3.8610	0.1482	0.4573	4.1446	-0.0787	0.4698	4.0417	0.2720	1.0721	3.5201	0.0102	1.0923	3.4968	0.1765	1.4478	3.5755	0.1273	0.9104	3.8582	0.0024	0.9104	3.8038	0.472	
13.934	0.0654	0.9178	3.8614	0.0903	0.5060	4.0931	-0.0895	0.4076	4.0951	0.2753	1.0651	3.5376	0.0111	1.0905	3.5053	0.1755	1.4478	3.5747	0.1277	0.9106	3.8596	0.0025	0.9103	3.8038	0.468	
14.000	0.0648	0.9174	3.8627	0.0836	0.4535	4.1316	-0.0834	0.4356	4.0872	0.2495	1.1322	3.4787	0.0253	1.0462	3.5347	0.1720	1.4448	3.5730	0.1270	0.9104	3.8596	0.0014	0.9101	3.8072	0.462	
14.034	0.0642	0.9168	3.8648	0.0831	0.4521	4.1265	-0.0838	0.4100	4.1040	0.2721	1.1229	3.5467	0.0354	1.0337	3.5370	0.1708	1.4437	3.5720	0.1269	0.9095	3.8601	-0.0003	0.9103	3.8118	0.458	
14.100	0.0635	0.9164	3.8659	0.0996	0.5024	4.0842	-0.0801	0.4284	4.0769	0.2720	1.1839	3.5393	0.0264	0.9880	3.5785	0.1672	1.4384	3.5670	0.1263	0.9100	3.8598	-0.0009	0.9078	3.8147	0.452	
14.134	0.0632	0.9155	3.8675	0.0852	0.4508	4.1428	-0.0812	0.4592	4.0643	0.2799	1.2055	3.5486	0.0191	0.9944	3.5859	0.1644	1.4329	3.5753	0.1268	0.9085	3.8615	-0.0017	0.9075	3.8155	0.448	
14.200	0.0621	0.9089	3.8732	0.0816	0.4621	4.1238	-0.0810	0.4512	4.0730	0.2804	1.2222	3.5415	0.0158	0.9933	3.6007	0.1621	1.4239	3.5846	0.1282	0.9044	3.8617	-0.0068	0.8982	3.8284	0.442	
14.234	0.0617	0.9071	3.8741	0.0905	0.4371	4.1449	-0.0892	0.4623	4.0771	0.2739	1.2502	3.5651	0.0146	0.9954	3.6070	0.1629	1.4211	3.5866	0.1297	0.9017	3.8626	-0.0085	0.8969	3.8286	0.438	
14.300	0.0583	0.9081	3.8746	0.0994	0.5067	4.0846	-0.0814	0.4592	4.0699	0.2619	1.2488	3.5813	0.0160	0.9992	3.6242	0.1684	1.4129	3.5891	0.1275	0.8980	3.8637	-0.0139	0.9054	3.8271	0.432	
14.367	0.0557	0.9065	3.8733	0.1002	0.5110	4.0859	-0.0855	0.4034	4.1151	0.2549	1.2482	3.5802	0.0431	0.9926	3.6450	0.1700	1.4103	3.5892	0.1254	0.8951	3.8638	-0.0178	0.9043	3.8214	0.425	
14.400	0.0494	0.9040	3.8768	0.0906	0.4611	4.1120	-0.0753	0.4698	4.0614	0.2366	1.2851	3.5461	0.0505	0.9863	3.6536	0.1700	1.4091	3.5905	0.1201	0.8939	3.8635	-0.0248	0.8995	3.8318	0.422	
14.467	0.0510	0.9021	3.8780	0.0874	0.4582	4.1163	-0.0729	0.4695	4.0555	0.2598	1.2063	3.5712	0.0563	0.9871	3.6574	0.1702	1.4090	3.5905	0.1211	0.8915	3.8643	-0.0209	0.8981	3.8336	0.415	
14.500	0.0530	0.9033	3.8780	0.0874	0.4583	4.1163	-0.0808	0.4326	4.0847	0.2494	1.2783	3.5187	0.0585	0.9855	3.6590	0.1707	1.4084	3.5906	0.1230	0.8920	3.8633	-0.0180	0.9005	3.8345	0.412	
14.567	0.0559	0.9063	3.8746	0.1003	0.4897	4.0990	-0.1268	0.4010	4.1129	0.2493	1.2782	3.5187	0.0587	0.9861	3.6595	0.1719	1.4079	3.5903	0.1249	0.8943	3.8588	-0.0137	0.9047	3.8310	0.405	
14.600	0.0560	0.9068	3.8744	0.0848	0.4696	4.1228	-0.0842	0.3973	4.1127	0.2493	1.2781	3.5187	0.0587	0.9862	3.6594	0.1729	1.4088	3.5908	0.1249	0.8943	3.8585	-0.0135	0.9062	3.8308	0.402	
14.667	0.0557	0.9074	3.8747	0.0832	0.4704	4.1186	-0.0801	0.4067	4.1104	0.2484	1.2753	3.5207	0.0589	0.9854	3.6589	0.1762	1.4092	3.5934	0.1237	0.8948	3.8582	-0.0133	0.9074	3.8321	0.395	
14.700	0.0557	0.9085	3.8748	0.0816	0.4596	4.1275	-0.0809	0.4649	4.0612	0.2591	1.2375	3.5589	0.0596	0.9866	3.6584	0.1784	1.4100	3.5945	0.1237	0.8950	3.8583	-0.0133	0.9094	3.8318	0.392	
14.767	0.0567	0.9092	3.8746	0.0730	0.4668	4.1354	-0.0796	0.4486	4.0841	0.2646	1.2193	3.5775	0.0556	0.9898	3.6607	0.1837	1.4105	3.5965	0.1246	0.8950	3.8578	-0.0122	0.9107	3.8316	0.385	
14.800	0.0567	0.9090	3.8748	0.0867	0.4725	4.1234	-0.0764	0.4481	4.0847	0.2676	1.2374	3.5976	0.0560	0.9901	3.6611	0.1867	1.4122	3.5965	0.1246	0.8943	3.8589	-0.0122	0.9104	3.8314	0.382	
14.867	0.0497	0.9140	3.8775	0.0841	0.4710	4.1344	-0.0781	0.4475	4.0816	0.2578	1.2944	3.5686	0.0597	0.9914	3.6606	0.1893	1.4145	3.5972	0.1182	0.9002	3.8592	-0.0191	0.9152	3.8346	0.375	
14.900	0.0518	0.9136	3.8755	0.0822	0.4678	4.1325	-0.0796	0.4668	4.0602	0.2572	1.3009	3.5622	0.0355	1.0038	3.6594	0.1913	1.4164	3.5960	0.1203	0.8994	3.8579	-0.0171	0.9149	3.8322	0.375	
14.967	0.0526	0.9137	3.8748	0.0840	0.4690	4.1273	-0.0928	0.4383	4.0964	0.2701	1.2427	3.6079	0.0279	1.0115	3.6564	0.1940	1.4192	3.5967	0.1215	0.8989	3.8573	-0.0166	0.9151	3.8311	0.375	
15.000	0.0529	0.9140	3.8744	0.0835	0.4614	4.1306	-0.0925	0.4395	4.0942	0.2703	1.2422	3.6080	0.0472	0.9993	3.6480	0.1957	1.4213	3.5966	0.1215	0.8992	3.8570	-0.0159	0.9153	3.8307	0.375	
15.067	0.0552	0.9149	3.8742	0.0820	0.4642	4.1249	-0.0899	0.4367	4.0894	0.2621	1.2900	3.5852	0.0246	1.0116	3.6398	0.1961	1.4258	3.5978	0.1226	0.9001	3.8574	-0.0120	0.9160	3.8299	0.375	
15.100	0.0558	0.9149	3.8739	0.1026	0.5107	4.0867	-0.0911	0.4341	4.0902	0.2730	1.2450	3.5911	0.0392	1.0024	3.6275	0.1951	1.4290	3.5987	0.1233	0.9006	3.8577	-0.0113	0.9153	3.8288	0.375	
15.167	0.0559	0.9160	3.8727	0.0978	0.5059	4.0857	-0.0850	0.4624	4.0723	0.2827	1.2455	3.6179	0.0205	0.9995	3.6097	0.1954	1.4293	3.5995	0.1225	0.9033	3.8564	-0.0109	0.9152	3.8281	0.375	
15.200	0.0557	0.9158	3.8729	0.0782	0.4523	4.1355	-0.0795	0.4596	4.0711	0.2830	1.2461	3.6189	-0.0302	1.0295	3.5665	0.1950	1.4302	3.5992	0.1223	0.9019	3.8576	-0.0111	0.9153	3.8281	0.375	
15.267	0.0554	0.9141	3.8745	0.0895	0.4840	4.1159	-0.0942	0.4221	4.1069	0.2684	1.2490	3.5729	-0.0089	1.0319	3.5178	0.1912	1.4342	3.6003	0.1216	0.9002	3.8631	-0.0115	0.9132	3.8276	0.375	
15.300	0.0550	0.9119	3.8767	0.0888	0.4702	4.1224	-0.0959	0.4161	4.1137	0.2712	1.2408	3.5732	-0.0101	1.0265	3.5034	0.1895	1.4467	3.5863	0.1214	0.8998	3.8640	-0.0123	0.9085	3.8307	0.375	
15.367	0.0553	0.9124	3.8771	0.0864	0.4609	4.1159	-0.0930	0.3843	4.0986	0.2799	1.1914	3.5938	-0.0063	1.0487	3.4376	0.1884	1.4501	3.5854	0.1216	0.9002	3.8650	-0.0118	0.9096	3.8305	0.375	
15.400	0.0567	0.9155	3.8782	0.0920	0.5066	4.0866	-0.0946	0.3781	4.1040	0.2797	1.1816	3.6013	0.0108	1.0367	3.4152	0.1909	1.4515	3.5829	0.1223	0.9057	3.8676	-0.0097	0.9115	3.8303	0.375	
15.467	0.0568	0.9235	3.8781	0.0850	0.4684	4.1066	-0.0950	0.3798	4.1019	0.2666	1.1796	3.5516	-0.0159	1.0063	3.4168	0.1946	1.4519	3.5830	0.1205	0.9149	3.8704	-0.0077	0.9192	3.8265	0.375	
15.500	0.0569	0.9239	3.8777	0.0808	0.4667	4.1163	-0.0888	0.3938	4.1026	0.2648	1.1819	3.5501	-0.0123	1.0013	3.4080	0.1972	1.4515	3.5832	0.1203	0.9151	3.8703	-0.0070	0.9200	3.8251	0.375	
15.567	0.0564	0.9235	3.8779	0.0875	0.4456	4.1384	-0.0944	0.3987	4.0968	0.2315	1.1122	3.5626	0.0165	0.9848	3.3932	0.2010	1.4492	3.5865	0.1190	0.9150	3.8710	-0.0070	0.9184	3.8250	0.375	
15.600	0.0562	0.9231	3.8780	0.0922	0.4825	4.1064	-0.0930	0.4139	4.1195	0.2290	1.1124	3.5662	0.0477	0.9741	3.3760	0.2018	1.4486	3.5872	0.1186	0.9153	3.8713	-0.0073	0.9159	3.8249	0.375	
15.667	0.0546	0.9222	3.8779	0.0862	0.5126	4.0872	-0.0975	0.3930	4.1383	0.2284	1.1114	3.5774	0.0153	1.0050	3.3991	0.2042	1.4457	3.5896	0.1157	0.9143	3.8719	-0.0081	0.9154	3.8241	0.375	
15.700	0.0532	0.9217	3.8785	0.0829	0.4798	4.1315	-0.0822	0.4554	4.0748	0.2291	1.1111	3.5825	0.0164	1.0038	3.3977	0.2026	1.4434	3.5947	0.1132	0.9138	3.8737	-0.0087	0.9150	3.8240	0.375	
15.767	0.0526	0.9204	3.8786	0.0869	0.4628	4.1237	-0.1125	0.4668	4.0885	0.2152	1.2223	3.5574	0.0198	0.9900	3.3805	0.2073	1.4415	3.5974	0.1119	0.9127	3.8750	-0.0085	0.9128	3.8225	0.375	
15.800	0.0522	0.9204	3.8784	0.0895	0.5106	4.0891	-0.0984	0.4459	4.0885	0.2159	1.2211	3.5578	0.0198	0.9897	3.3803	0.2080	1.4418	3.5975	0.1106	0.9122	3.8758	-0.0087	0.9138	3.8207	0.375	
15.867	0.0523	0.9187	3.8790	0.0780	0.4562	4.1081	-0.0930	0.4433	4.0981	0.2205	1.2204	3.5728	0.0194	0.9895	3.3803	0.2088	1.4448	3.5969	0.1112	0.9109	3.8785	-0.0081	0.9112	3.8195	0.375	
15.900	0.0519	0.9183	3.8789	0.0755	0.4705	4.1200	-0.0924	0.4435	4.0984	0.2138	1.1990	3.5565	-0.0072	0.9795	3.3994	0.2091	1.4452	3.5969	0.1099	0.9125	3.8785	-0.0083	0.9071	3.8191	0.375	
15.967	0.0514	0.9173	3.8766	0.0888	0.4599	4.1198	-0.0933	0.3934	4.1092	0.2202	1.2099	3.5755	0.0169	0.9866	3.3717	0.2089	1.4458	3.5962	0.1096	0.9114	3.8771	-0.0084	0.9069	3.8158	0.375	
16.000	0.0522	0.9170	3.8771	0.0929	0.5027	4.0885	-0.0907	0.3982	4.1051	0.2283	1.2159	3.5978	0.0436	0.9756	3.3375	0.2087	1.4460	3.5963	0.1105	0.9112	3.8776	-0.0076	0.9067	3.8163	0.375	
16.067	0.0526	0.9164	3.8763	0.0938	0.5068	4.0890	-0.0706	0.4601	4.0452	0.2157	1.1818	3.5650	-0.0162	0.9778	3.3945	0.2088	1.4466	3.5952	0.1110	0.9110	3.8767	-0.0070	0.9061	3.8158	0.375	
16.100	0.0537	0.9165	3.8765	0.0961	0.5111	4.0876	-0.0892	0.4110	4.1151	0.2151	1.1825	3.5638	-0.0158	0.9773	3.3933	0.2077	1.4465	3.5956	0.1118	0.9107	3.8773	-0.0051	0.9070	3.8155	0.375	
16.167	0.0542	0.9166	3.8765	0.0890	0.4562	4.1276	-0.0802	0.4531	4.0739	0.2143	1.1851	3.5637	-0.0167	0.9807	3.3953	0.2040	1.4474	3.5955	0.1129	0.9102	3.8785	-0.0045	0.9082	3.8149	0.375	
16.200	0.0543	0.9170	3.8763	0.0844	0.4544	4.1302	-0.0788	0.4534	4.0720	0.2314	1.2211	3.6083	-0.0156	0.9867	3.3904	0.2040	1.4475	3.5956	0.1128	0.9103	3.8783	-0.0044	0.9091	3.8145	0.375	
16.267	0.0544	0.9159	3.8758	0.0785	0.4570	4.1586	-0.0769	0.4639	4.0660	0.2290	1.2116	3.5944	-0.0164	0.9949	3.3810	0.2043	1.4492	3.5956	0.1129	0.9060	3.8775	-0.0043	0.9086	3.8141	0.375	
16.300	0.0544	0.9159	3.8758	0.0937	0.5128	4.0980	-0.0865	0.4086	4.0981	0.2347	1.2094	3.6040	-0.0172	0.9942	3.3816	0.2039	1.4494	3.5960	0.1130	0.9065	3.8772	-0.0043	0.9086	3.8140	0.375	
16.367	0.0548	0.9171	3.8751	0.0875	0.5057	4.0948	-0.0860	0.4666	4.0690	0.2195	1.1223	3.5063	-0.0175	1.0268	3.3552	0.2043	1.4501	3.5961	0.1128	0.9121	3.8764	-0.0033	0.9099	3.8129	0.375	
16.400	0.0552	0.9174	3.8746	0.0931	0.5107	4.0923	-0.0880	0.3824	4.1203	0.2256	1.1259	3.5145	-0.0257	1.0336	3.3678	0.2051	1.4507	3.5972	0.1130	0.9120	3.8764	-0.0029	0.9107	3.8116	0.375	
16.467	0.0563	0.9190	3.8741	0.0863	0.4642	4.1379	-0.0757	0.4699	4.0499	0.2268	1.1293	3.5135	-0.0180	1.0280	3.3524	0.2058	1.4513	3.5981	0.1134	0.9133	3.8758	-0.0014	0.9121	3.8115	0.375	
16.500	0.0570	0.9192	3.8730	0.0831	0.4405	4.1386	-0.0773	0.4671	4.0513	0.2284	1.1285	3.5144	-0.0238	0.9989	3.3160	0.2059	1.4513	3.5983	0.1143	0.9127	3.8747	-0.0008	0.9129	3.8104	0.375	
16.567	0.0582	0.9205	3.8723	0.0958	0.4939	4.1113	-0.0790	0.4625	4.0580	0.2275	1.1311	3.5116	-0.0178	1.0385	3.3390	0.2069	1.4525	3.5993	0.1170	0.9161	3.8740	-0.0001	0.9137	3.8100	0.375	
16.600	0.0587	0.9203	3.8717	0.1014	0.5125	4.0837	-0.0790	0.4651	4.0599	0.2392	1.1135	3.4653	-0.0064	1.0310	3.3247	0.2072	1.4523	3.5993	0.1173	0.9153	3.8732	0.0003	0.9135	3.8095	0.375	
16.667	0.0600	0.9211	3.8717	0.1034	0.5102	4.0812	-0.0816	0.4124	4.1188	0.2409	1.1168	3.4664	0.0100	1.1075	3.3089	0.2075	1.4525	3.5993	0.1184	0.9152	3.8726	0.0016	0.9141	3.8100	0.375	
16.700	0.0581	0.9148	3.8747	0.0835	0.4695	4.1198	-0.0767	0.4619	4.0612	0.2597	1.1295	3.4813	0.0034	1.0966	3.3056	0.2080	1.4524	3.5994	0.1173	0.9086	3.8690	-0.0037	0.9029	3.8264	0.375	
16.767	0.0526	0.9141	3.8751	0.0939	0.5039	4.1005	-0.0640	0.4603	4.0651	0.2103	1.2047	3.5421	0.0188	1.1076	3.2889	0.2084	1.4522	3.5986	0.1107	0.9057	3.8650	-0.0077	0.9056	3.8270	0.375	
16.800	0.0530	0.9137	3.8742	0.0780	0.4332	4.1260	-0.0687	0.4588	4.0645	0.2102	1.2060	3.5431	0.0243	1.1289	3.2815	0.2134	1.4589	3.5865	0.1113	0.9054	3.8648	-0.0072	0.9055	3.8240	0.375	
16.867	0.0582	0.9144	3.8717	0.1088	0.4373	4.1299	-0.0821	0.4183	4.1057	0.2539	1.1155	3.4594	0.0320	1.1765	3.2737	0.2122	1.4670	3.5788	0.1168	0.9062	3.8608	-0.0007	0.9075	3.8220	0.375	
16.900	0.0602	0.9162	3.8691	0.0745	0.4538	4.1472	-0.0870	0.4206	4.1058	0.2690	1.0937	3.4927	0.0451	1.1885	3.2563	0.2133	1.4700	3.5744	0.1190	0.9077	3.8586	0.0009	0.9099	3.8190	0.375	
16.967	0.0660	0.9172	3.8644	0.0819	0.4788	4.1188	-0.0834	0.4217	4.1027	0.2582	1.1218	3.4599	0.0819	1.2129	3.1919	0.2177	1.4793	3.5623	0.1254	0.9087	3.8519	0.0058	0.9110	3.8161	0.375	
17.000	0.0676	0.9170	3.8643	0.0760	0.4555	4.1413	-0.0775	0.4774	4.0553	0.2581	1.1218	3.4601	0.0847	1.2108	3.1821	0.2129	1.4821	3.5640	0.1275	0.9093	3.8534	0.0076	0.9102	3.8148	0.375	
17.067	0.0706	0.9148	3.8624	0.1038	0.4416	4.1282	-0.0783	0.4673	4.0582	0.1966	1.1867	3.4153	0.0954	1.2077	3.1557	0.2217	1.4870	3.5552	0.1309	0.9077	3.8504	0.0099	0.9077	3.8140	0.375	
17.100	0.0725	0.9146	3.8621	0.1017	0.4436	4.1308	-0.0795	0.4651	4.0544	0.1953	1.1826	3.4165	0.0962	1.2056	3.1484	0.2210	1.4876	3.5558	0.1334	0.9079	3.8509	0.0113	0.9070	3.8130	0.375	
17.167	0.0731	0.9151	3.8614	0.0981	0.4492	4.1332	-0.0689	0.4718	4.0417	0.1633	1.1102	3.4135	0.0964	1.2058	3.1442	0.2389	1.4929	3.5447	0.1349	0.9096	3.8497	0.0114	0.9069	3.8125	0.375	
17.200	0.0735	0.9144	3.8609	0.1039	0.4798	4.1023	-0.0940	0.4197	4.0831	0.1632	1.1107	3.4136	0.0961	1.2059	3.1442	0.2454	1.4979	3.5423	0.1355	0.9083	3.8485	0.0115	0.9066	3.8124	0.375	
17.267	0.0746	0.9148	3.8600	0.0846	0.4564	4.1319	-0.0749	0.4326	4.0763	0.1095	1.1377	3.4067	0.0956	1.2046	3.1456	0.2369	1.4996	3.5502	0.1375	0.9105	3.8500	0.0118	0.9052	3.8092	0.375	
17.300	0.0746	0.9147	3.8598	0.0920	0.4417	4.1217	-0.0767	0.4348	4.0721	0.1103	1.2238	3.2791	0.0960	1.2031	3.1464	0.2367	1.5002	3.5509	0.1375	0.9105	3.8500	0.0118	0.9049	3.8088	0.375	
17.367	0.0748	0.9161	3.8583	0.0617	0.4714	4.1452	-0.0766	0.4094	4.0716	0.1103	1.2231	3.2790	0.0932	1.2005	3.1493	0.2356	1.5059	3.5531	0.1369	0.9114	3.8492	0.0128	0.9070	3.8061	0.375	
17.400	0.0746	0.9160	3.8573	0.0707	0.4566	4.1347	-0.0767	0.4087	4.0717	0.1401	1.1307	3.4470	0.0931	1.2005	3.1493	0.2355	1.5065	3.5534	0.1365	0.9101	3.8495	0.0123	0.9086	3.8018	0.375	
17.467	0.0735	0.9158	3.8549	0.0847	0.4578	4.1396	-0.0813	0.4193	4.0524	0.1398	1.1289	3.4473	0.0935	1.2020	3.1494	0.2375	1.5081	3.5520	0.1348	0.9086	3.8472	0.0116	0.9095	3.7996	0.375	
17.500	0.0736	0.9160	3.8541	0.1123	0.4470	4.1297	-0.0787	0.4194	4.0524	0.1407	1.1243	3.4494	0.0949	1.2044	3.1486	0.2375	1.5076	3.5518	0.1347	0.9084	3.8469	0.0118	0.9103	3.7986	0.375	
17.567	0.0738	0.9152	3.8546	0.0929	0.4787	4.1150	-0.0804	0.4082	4.0730	0.1414	1.1242	3.4511	0.0968	1.2076	3.1505	0.2358	1.5059	3.5538	0.1351	0.9076	3.8476	0.0117	0.9084	3.8003	0.375	
17.600	0.0743	0.9097	3.8565	0.0830	0.4507	4.1393	-0.0811	0.4112	4.0769	0.1384	1.1275	3.4501	0.0986	1.2090	3.1477	0.2114	1.4984	3.5692	0.1362	0.9040	3.8500	0.0112	0.9004	3.8021	0.375	
17.667	0.0803	0.8897	3.8711	0.0857	0.4371	4.1483	-0.0836	0.4602	4.0612	0.1384	1.1296	3.4540	0.0915	1.2115	3.1514	0.2009	1.4682	3.5926	0.1429	0.8909	3.8642	0.0163	0.8737	3.8177	0.375	
17.700	0.0807	0.8889	3.8714	0.0938	0.4718	4.1134	-0.0820	0.4627	4.0612	0.1451	1.1424	3.4549	0.0953	1.2109	3.1439	0.2014	1.4678	3.5926	0.1436	0.8893	3.8645	0.0165	0.8735	3.8179	0.375	
17.767	0.0784	0.8883	3.8699	0.0877	0.4634	4.1135	-0.0820	0.4093	4.0808	0.1594	1.1257	3.4966	0.0569	1.2056	3.1991	0.2017	1.4678	3.5923	0.1401	0.8878	3.8640	0.0150	0.8742	3.8155	0.375	
17.800	0.0780	0.8872	3.8701	0.0814	0.4431	4.1302	-0.0801	0.4058	4.0870	0.1569	1.1229	3.4953	0.0849	1.2171	3.1612	0.2033	1.4672	3.5925	0.1398	0.8862	3.8648	0.0146	0.8734	3.8153	0.375	
17.867	0.0775	0.8863	3.8702	0.0859	0.4618	4.1210	-0.0875	0.3937	4.1231	0.1470	1.1295	3.4705	0.0804	1.2320	3.1633	0.2048	1.4667	3.5923	0.1395	0.8854	3.8667	0.0143	0.8730	3.8136	0.375	
17.900	0.0786	0.8859	3.8711	0.0781	0.4400	4.1435	-0.0826	0.4155	4.0987	0.1436	1.1303	3.4670	0.0810	1.2348	3.1633	0.2056	1.4679	3.5913	0.1408	0.8857	3.8680	0.0155	0.8719	3.8143	0.378	
17.967	0.0792	0.8853	3.8702	0.0884	0.4921	4.1058	-0.0899	0.3979	4.1017	0.1743	1.1425	3.4449	0.0798	1.2385	3.1646	0.2060	1.4668	3.5905	0.1403	0.8848	3.8701	0.0171	0.8716	3.8073	0.385	
18.000	0.0791	0.8853	3.8701	0.0711	0.4225	4.1470	-0.0886	0.4017	4.0985	0.1762	1.1365	3.4528	0.0794	1.2394	3.1650	0.2061	1.4670	3.5902	0.1399	0.8846	3.8704	0.0172	0.8717	3.8069	0.388	
18.067	0.0797	0.8868	3.8699	0.0768	0.4365	4.1468	-0.0855	0.4049	4.1100	0.1734	1.1400	3.4379	0.0783	1.2412	3.1668	0.2053	1.4665	3.5899	0.1400	0.8875	3.8713	0.0184	0.8732	3.8062	0.395	
18.100	0.0796	0.8870	3.8698	0.0810	0.4629	4.1288	-0.0814	0.4660	4.0548	0.1724	1.1399	3.4394	0.0768	1.2415	3.1680	0.2056	1.4661	3.5895	0.1395	0.8875	3.8713	0.0187	0.8739	3.8060	0.398	
18.134	0.0798	0.8871	3.8698	0.0788	0.4639	4.1164	-0.0830	0.4062	4.1025	0.1740	1.1354	3.4470	0.0777	1.2420	3.1668	0.2047	1.4670	3.5881	0.1396	0.8875	3.8713	0.0191	0.8740	3.8063	0.402	
18.200	0.0799	0.8873	3.8703	0.0749	0.4311	4.1390	-0.0837	0.4329	4.0671	0.1328	1.1315	3.4520	0.0791	1.2417	3.1623	0.2036	1.4666	3.5878	0.1396	0.8874	3.8717	0.0191	0.8740	3.8072	0.408	
18.234	0.0798	0.8872	3.8704	0.1023	0.4905	4.0996	-0.0867	0.3970	4.1196	0.1727	1.1373	3.4470	0.0792	1.2418	3.1618	0.2032	1.4666	3.5877	0.1394	0.8874	3.8725	0.0189	0.8737	3.8072	0.412	
18.300	0.0793	0.8861	3.8712	0.0897	0.4489	4.1436	-0.0840	0.4147	4.1020	0.1319	1.1293	3.4564	0.0944	1.2232	3.1496	0.2039	1.4659	3.5872	0.1391	0.8872	3.8729	0.0180	0.8706	3.8090	0.418	
18.334	0.0793	0.8862	3.8717	0.0998	0.4478	4.1433	-0.0935	0.3973	4.1085	0.1309	1.1288	3.4576	0.0936	1.2205	3.1481	0.2052	1.4648	3.5875	0.1391	0.8874	3.8732	0.0180	0.8704	3.8100	0.422	
18.400	0.0786	0.8855	3.8742	0.0949	0.4340	4.1491	-0.0604	0.4736	4.0432	0.1275	1.1376	3.4406	0.0922	1.2151	3.1523	0.1987	1.4607	3.5884	0.1388	0.8871	3.8744	0.0167	0.8695	3.8145	0.428	
18.434	0.0784	0.8857	3.8741	0.0792	0.4805	4.1198	-0.0788	0.4361	4.0808	0.1333	1.1300	3.4485	0.0956	1.2010	3.1561	0.1985	1.4543	3.5937	0.1386	0.8870	3.8741	0.0165	0.8706	3.8143	0.432	
18.500	0.0718	0.8975	3.8715	0.0812	0.4495	4.1421	-0.0759	0.4572	4.0690	0.1132	1.0982	3.4836	0.0878	1.1581	3.1933	0.2017	1.4678	3.5681	0.1307	0.8915	3.8678	0.0111	0.8954	3.8159	0.438	
18.534	0.0655	0.9082	3.8702	0.1081	0.5056	4.0933	-0.0745	0.4593	4.0667	0.0940	1.1659	3.2983	0.0674	1.1193	3.2304	0.1974	1.4614	3.5690	0.1232	0.9031	3.8707	0.0066	0.9019	3.8110	0.442	
18.600	0.0666	0.9210	3.8686	0.0854	0.4481	4.1447	-0.0754	0.4641	4.0496	0.1511	1.1011	3.4044	0.0306	1.0407	3.3038	0.1926	1.4520	3.5642	0.1243	0.9134	3.8715	0.0068	0.9151	3.8063	0.448	
18.634	0.0665	0.9219	3.8690	0.0967	0.5140	4.0841	-0.0771	0.4532	4.0548	0.1555	1.1037	3.4063	0.0095	1.0514	3.3722	0.1879	1.4447	3.5606	0.1246	0.9176	3.8731	0.0067	0.9150	3.8062	0.452	
18.700	0.0544	0.9163	3.8805	0.1015	0.4355	4.1477	-0.0815	0.3987	4.0846	0.1770	1.1134	3.4064	-0.0743	0.9295	3.4666	0.1772	1.4308	3.5519	0.1078	0.9091	3.8790	-0.0009	0.9097	3.8232	0.458	
18.734	0.0599	0.9146	3.8838	0.0773	0.4508	4.1354	-0.0866	0.4351	4.0808	0.2041	1.1001	3.4215	-0.0960	0.9068	3.5091	0.1646	1.4168	3.5466	0.1203	0.9117	3.8793	0.0019	0.9029	3.8308	0.462	
18.800	0.0585	0.9119	3.8906	0.0791	0.4682	4.1198	-0.0974	0.3953	4.1119	0.2091	1.0604	3.4314	-0.1286	0.8294	3.5642	0.1547	1.3832	3.5567	0.1201	0.9117	3.8827	-0.0027	0.8968	3.8402	0.468	
18.834	0.0238	0.9526	3.9915	0.0853	0.4786	4.1237	-0.0943	0.4429	4.0847	0.1600	1.0190	3.4125	-0.1392	0.8368	3.5847	0.1458	1.3724	3.5556	0.0906	0.9434	3.9771	-0.0434	0.9475	3.9459	0.472	
18.900	0.0039	0.9512	4.0004	0.0871	0.4901	4.1197	-0.1027	0.3935	4.1589	0.1597	1.0165	3.4389	-0.1484	0.8416	3.6155	0.1450	1.3368	3.5683	0.0657	0.9451	3.9878	-0.0580	0.9430	3.9529	0.478	
18.934	0.0012	0.9551	4.0137	0.0889	0.4360	4.1640	-0.1030	0.3920	4.1596	0.1571	1.0257	3.4770	-0.1555	0.8387	3.6222	0.1378	1.3227	3.5615	0.0636	0.9480	3.9986	-0.0612	0.9480	3.9690	0.482	
19.000	0.0017	0.9423	4.0247	0.0899	0.4658	4.1530	-0.1096	0.3969	4.1558	0.1616	0.8584	3.6239	-0.1731	0.7747	3.6172	0.0886	1.2904	3.5877	0.0616	0.9344	4.0072	-0.0580	0.9359	3.9825	0.488	
19.034	0.0398	0.8795	3.9881	0.0841	0.4017	4.1805	-0.1099	0.3830	4.1664	0.1703	0.8608	3.6423	-0.1875	0.7148	3.6172	0.0660	1.2631	3.5822	0.0943	0.8792	3.9686	-0.0154	0.8664	3.9472	0.492	
19.100	-0.0317	0.8701	3.9926	0.0980	0.4038	4.1997	-0.1349	0.3819	4.1545	0.1324	0.8075	3.6179	-0.1916	0.6565	3.6150	0.0508	1.2261	3.5757	0.0352	0.8522	3.9841	-0.0979	0.8716	3.9401	0.498	
19.134	-0.0094	0.8697	4.0026	0.0833	0.4026	4.1990	-0.1443	0.3633	4.1638	0.1340	0.8054	3.6177	-0.1976	0.6546	3.6046	0.0590	1.2268	3.5601	0.0659	0.8658	3.9998	-0.0798	0.8627	3.9474	0.502	
19.200	-0.0087	0.8506	4.0167	0.0737	0.4280	4.2078	-0.1150	0.3487	4.1931	0.0882	0.7196	3.5861	-0.2314	0.5769	3.6095	0.0653	1.1485	3.5995	0.0589	0.8359	4.0055	-0.0755	0.8481	3.9703	0.508	
19.234	-0.0126	0.8274	4.0267	0.0794	0.4178	4.2120	-0.1240	0.3417	4.1814	0.0900	0.6869	3.5794	-0.2226	0.6274	3.6059	0.0443	1.1393	3.5945	0.0556	0.8150	3.9983	-0.0818	0.8207	4.0040	0.512	
19.300	-0.0633	0.7723	4.0439	0.0155	0.3614	4.2371	-0.1136	0.2679	4.2126	0.0704	0.6558	3.5642	-0.2226	0.6294	3.6064	0.0180	1.0966	3.5941	0.0028	0.7613	4.0303	-0.1284	0.7717	3.9967	0.518	
19.334	-0.0584	0.7741	4.0339	0.0912	0.3793	4.2457	-0.1787	0.2877	4.2147	0.0576	0.6399	3.5437	-0.2335	0.6179	3.6051	0.0195	1.0884	3.5672	0.0067	0.7654	4.0135	-0.1230	0.7719	3.9913	0.522	
19.400	-0.0684	0.7759	4.0100	0.0743	0.3999	4.2146	-0.0905	0.3054	4.2410	0.0233	0.5846	3.5093	-0.2229	0.6326	3.6035	-0.0032	1.0483	3.5527	-0.0045	0.7658	3.9862	-0.1310	0.7744	3.9730	0.528	
19.434	-0.0730	0.7685	4.0128	0.0532	0.3588	4.2674	-0.1462	0.2833	4.2180	-0.0283	0.5480	3.4689	-0.2203	0.6189	3.6072	-0.0102	1.0468	3.5448	-0.0096	0.7473	3.9850	-0.1366	0.7724	3.9794	0.532	
19.500	-0.0857	0.7814	4.0229	0.0395	0.3953	4.1788	-0.1514	0.2911	4.2189	-0.0272	0.5487	3.4636	-0.2185	0.6004	3.6115	-0.0389	1.0199	3.5407	-0.0215	0.7703	3.9996	-0.1492	0.7816	3.9873	0.538	
19.534	-0.1038	0.7856	4.0221	0.0322	0.3928	4.1789	-0.1520	0.1693	4.0231	-0.0280	0.5498	3.4603	-0.2180	0.6041	3.6096	-0.0436	1.0115	3.5386	-0.0369	0.7757	3.9965	-0.1696	0.7838	3.9879	0.542	
19.600	-0.1115	0.7663	4.0100	0.0782	0.4566	4.2049	-0.1657	0.1482	3.9998	-0.0488	0.5352	3.4529	-0.2284	0.5705	3.6143	-0.0505	0.9978	3.5258	-0.0470	0.7550	3.9840	-0.1766	0.7645	3.9742	0.548	
19.634	-0.1150	0.7638	4.0074	0.0754	0.4585	4.2029	-0.1660	0.1451	4.0009	-0.0458	0.5550	3.4488	-0.2364	0.5025	3.5979	-0.0525	0.9912	3.5229	-0.0507	0.7547	3.9811	-0.1791	0.7600	3.9722	0.552	
19.700	-0.1186	0.7315	3.9883	0.0612	0.4049	4.1917	-0.1673	0.1245	3.9986	-0.0476	0.5549	3.4472	-0.2367	0.5221	3.6206	-0.0743	0.9873	3.4983	-0.0532	0.7153	3.9649	-0.1814	0.7246	3.9454	0.558	
19.734	-0.1170	0.7317	3.9885	0.0628	0.4029	4.1903	-0.1588	0.1232	4.0113	-0.0651	0.5069	3.4416	-0.2240	0.4951	3.6082	-0.0762	0.9889	3.4872	-0.0493	0.7132	3.9604	-0.1780	0.7371	3.9580	0.562	
19.800	-0.1170	0.7376	3.9862	0.0740	0.4115	4.1720	-0.1613	0.1354	3.9970	-0.0937	0.4638	3.4247	-0.2229	0.5220	3.7050	-0.0768	0.9863	3.4820	-0.0488	0.7170	3.9526	-0.1815	0.7501	3.9586	0.568	
19.834	-0.1162	0.7379	3.9840	0.0726	0.4066	4.1672	-0.1611	0.1302	4.0049	-0.0716	0.5021	3.4345	-0.2254	0.5208	3.7017	-0.0765	0.9837	3.4764	-0.0475	0.7164	3.9480	-0.1814	0.7502	3.9580	0.572	
19.900	-0.1292	0.7047	3.9986	-0.0448	0.3564	4.1931	-0.1698	0.0891	4.0099	-0.0720	0.4932	3.4346	-0.2279	0.5118	3.6982	-0.0722	0.9459	3.5201	-0.0578	0.6957	3.9790	-0.2009	0.6988	3.9542	0.578	
19.934	-0.1278	0.6817	3.9827	0.1052	0.4512	4.1288	-0.1687	0.0759	3.9814	-0.0904	0.4762	3.4267	-0.2121	0.5091	3.6966	-0.0836	0.9775	3.4592	-0.0568	0.6715	3.9541	-0.1981	0.6821	3.9484	0.582	
20.000	-0.1280	0.6832	3.9930	0.1109	0.4684	4.1124	-0.1721	0.0879	3.9816	-0.0918	0.4609	3.4264	-0.2130	0.5298	3.7164	-0.0905	0.9740	3.4668	-0.0548	0.6766	3.9688	-0.1990	0.6800	3.9525	0.588	
20.034	-0.1238	0.6856	3.9908	0.0980	0.4449	4.1932	-0.1661	0.0759	3.9960	-0.0915	0.4639	3.4260	-0.2140	0.5488	3.7275	-0.0869	0.9362	3.5141	-0.0493	0.6693	3.9540	-0.1877	0.6982	3.9630	0.592	
20.100	-0.1308	0.6797	3.9855	0.0864	0.4340	4.1894	-0.1679	0.0661	3.9980	-0.0902	0.4686	3.4252	-0.2142	0.5302	3.7173	-0.1003	0.9584	3.4713	-0.0569	0.6699	3.9558	-0.2027	0.6760	3.9475	0.598	
20.134	-0.1096	0.6988	3.9636	0.0868	0.4335	4.1940	-0.1627	0.0917	3.9886	-0.0902	0.4678	3.4248	-0.2241	0.4910	3.7137	-0.0995	0.9592	3.4692	-0.0393	0.6735	3.9281	-0.1744	0.7198	3.9365	0.602	
20.200	-0.1156	0.6915	3.9664	0.0808	0.4363	4.1937	-0.1682	0.1049	3.9676	-0.0939	0.4672	3.4203	-0.2127	0.5104	3.6909	-0.1009	0.9603	3.4739	-0.0535	0.6616	3.9267	-0.1793	0.7046	3.9434	0.608	
20.234	-0.1185	0.6868	3.9823	0.0665	0.4215	4.2494	-0.1702	0.0821	3.9896	-0.0956	0.4652	3.4148	-0.2084	0.5441	3.6590	-0.0898	0.9329	3.5109	-0.0544	0.6582	3.9469	-0.1820	0.7023	3.9566	0.612	
20.300	-0.1221	0.7023	3.9682	0.0823	0.4342	4.1950	-0.1652	0.0951	3.9885	-0.0959	0.4653	3.4141	-0.2203	0.4958	3.7209	-0.1031	0.9598	3.4693	-0.0504	0.6777	3.9327	-0.1894	0.7239	3.9374	0.618	
20.334	-0.1201	0.7037	3.9668	0.0816	0.4819	4.2157	-0.1636	0.0973	3.9887	-0.0961	0.4649	3.4137	-0.2209	0.4963	3.7207	-0.1018	0.9598	3.4685	-0.0492	0.6784	3.9306	-0.1876	0.7241	3.9379	0.622	
20.400	-0.1187	0.7073	3.9660	0.0457	0.3807	4.1958	-0.1604	0.0987	3.9822	-0.0990	0.4663	3.4139	-0.2227	0.4987	3.7190	-0.1021	0.9617	3.4672	-0.0483	0.6812	3.9302	-0.1867	0.7254	3.9384	0.628	
20.434	-0.1190	0.7073	3.9651	0.0439	0.3800	4.1915	-0.1635	0.0976	3.9883	-0.0992	0.4665	3.4136	-0.2176	0.5118	3.6914	-0.1039	0.9614	3.4661	-0.0489	0.6803	3.9283	-0.1867	0.7255	3.9383	0.625	
20.500	-0.1286	0.7166	3.9451	0.0260	0.3831	4.2016	-0.1682	0.1062	3.9831	-0.0995	0.4668	3.4140	-0.2097	0.5470	3.7153	-0.1022	0.9629	3.4571	-0.0602	0.7033	3.9196	-0.1949	0.7174	3.9036	0.625	
20.534	-0.1288	0.7170	3.9445	0.0316	0.3292	4.2306	-0.1675	0.1061	3.9824	-0.1005	0.4671	3.4147	-0.2101	0.5490	3.7164	-0.1022	0.9628	3.4572	-0.0604	0.7042	3.9192	-0.1950	0.7175	3.9036	0.625	
20.600	-0.1288	0.7178	3.9439	0.0318	0.3298	4.2309	-0.1658	0.1062	3.9854	-0.0975	0.5239	3.4340	-0.2112	0.5496	3.7172	-0.1017	0.9629	3.4581	-0.0604	0.7064	3.9192	-0.1950	0.7177	3.9036	0.625	
20.634	-0.1475	0.7049	3.9942	0.0159	0.3312	4.2416	-0.1658	0.0977	3.9919	-0.0975	0.5065	3.4265	-0.2123	0.5491	3.7172	-0.1015	0.9628	3.4588	-0.0681	0.6962	3.9848	-0.2248	0.7028	3.9428	0.625	
20.700	-0.1322	0.7059	3.9786	0.0860	0.4366	4.1692	-0.1642	0.0942	3.9924	-0.0884	0.4993	3.4216	-0.2157	0.5480	3.7177	-0.1013	0.9625	3.4616	-0.0568	0.6796	3.9330	-0.1949	0.7213	3.9460	0.625	
20.734	-0.1297	0.7018	3.9751	0.0849	0.4377	4.1688	-0.1678	0.0994	3.9819	-0.0831	0.4986	3.4208	-0.2183	0.5474	3.7176	-0.1017	0.9628	3.4615	-0.0576	0.6758	3.9313	-0.1933	0.7186	3.9467	0.625	
20.800	-0.1262	0.7051	3.9746	0.0978	0.4496	4.1905	-0.1611	0.0942	3.9914	-0.1042	0.4688	3.4143	-0.2216	0.5470	3.7185	-0.1037	0.9625	3.4639	-0.0546	0.6777	3.9322	-0.1923	0.7227	3.9495	0.625	
