% Time	SBX	SBY	SBZ	FRX	FRY	FRZ	FLX	FLY	FLZ	WRX	WRY	WRZ	WLX	WLY	WLZ	HDX	HDY	HDZ	HRX	HRY	HRZ	HRLX	HLY	HLZ	SpdCom	ax	ay	az	gx	gy	gz	mx	my	mz	Angle
0.033	0.0000	0.0000	0.0000	0.0000	0.0000	0.0000	0.0000	0.0000	0.0000	0.0000	0.0000	0.0000	0.0000	0.0000	0.0000	0.0000	0.0000	0.0000	0.0000	0.0000	0.0000	0.0000	0.0000	0.0000	0.000	
0.067	0.0000	0.0000	0.0000	0.0000	0.0000	0.0000	0.0000	0.0000	0.0000	0.0000	0.0000	0.0000	0.0000	0.0000	0.0000	0.0000	0.0000	0.0000	0.0000	0.0000	0.0000	0.0000	0.0000	0.0000	0.000	
0.100	0.0000	0.0000	0.0000	0.0000	0.0000	0.0000	0.0000	0.0000	0.0000	0.0000	0.0000	0.0000	0.0000	0.0000	0.0000	0.0000	0.0000	0.0000	0.0000	0.0000	0.0000	0.0000	0.0000	0.0000	0.000	
0.133	0.0000	0.0000	0.0000	0.0000	0.0000	0.0000	0.0000	0.0000	0.0000	0.0000	0.0000	0.0000	0.0000	0.0000	0.0000	0.0000	0.0000	0.0000	0.0000	0.0000	0.0000	0.0000	0.0000	0.0000	0.000	
0.167	0.0000	0.0000	0.0000	0.0000	0.0000	0.0000	0.0000	0.0000	0.0000	0.0000	0.0000	0.0000	0.0000	0.0000	0.0000	0.0000	0.0000	0.0000	0.0000	0.0000	0.0000	0.0000	0.0000	0.0000	0.000	
0.200	0.0000	0.0000	0.0000	0.0000	0.0000	0.0000	0.0000	0.0000	0.0000	0.0000	0.0000	0.0000	0.0000	0.0000	0.0000	0.0000	0.0000	0.0000	0.0000	0.0000	0.0000	0.0000	0.0000	0.0000	0.000	
0.233	0.0000	0.0000	0.0000	0.0000	0.0000	0.0000	0.0000	0.0000	0.0000	0.0000	0.0000	0.0000	0.0000	0.0000	0.0000	0.0000	0.0000	0.0000	0.0000	0.0000	0.0000	0.0000	0.0000	0.0000	0.000	
0.267	0.0000	0.0000	0.0000	0.0000	0.0000	0.0000	0.0000	0.0000	0.0000	0.0000	0.0000	0.0000	0.0000	0.0000	0.0000	0.0000	0.0000	0.0000	0.0000	0.0000	0.0000	0.0000	0.0000	0.0000	0.000	
0.300	0.0000	0.0000	0.0000	0.0000	0.0000	0.0000	0.0000	0.0000	0.0000	0.0000	0.0000	0.0000	0.0000	0.0000	0.0000	0.0000	0.0000	0.0000	0.0000	0.0000	0.0000	0.0000	0.0000	0.0000	0.000	
0.333	0.0000	0.0000	0.0000	0.0000	0.0000	0.0000	0.0000	0.0000	0.0000	0.0000	0.0000	0.0000	0.0000	0.0000	0.0000	0.0000	0.0000	0.0000	0.0000	0.0000	0.0000	0.0000	0.0000	0.0000	0.000	
0.367	0.0000	0.0000	0.0000	0.0000	0.0000	0.0000	0.0000	0.0000	0.0000	0.0000	0.0000	0.0000	0.0000	0.0000	0.0000	0.0000	0.0000	0.0000	0.0000	0.0000	0.0000	0.0000	0.0000	0.0000	0.000	
0.400	0.0000	0.0000	0.0000	0.0000	0.0000	0.0000	0.0000	0.0000	0.0000	0.0000	0.0000	0.0000	0.0000	0.0000	0.0000	0.0000	0.0000	0.0000	0.0000	0.0000	0.0000	0.0000	0.0000	0.0000	0.000	
0.433	0.0000	0.0000	0.0000	0.0000	0.0000	0.0000	0.0000	0.0000	0.0000	0.0000	0.0000	0.0000	0.0000	0.0000	0.0000	0.0000	0.0000	0.0000	0.0000	0.0000	0.0000	0.0000	0.0000	0.0000	0.000	
0.467	0.0000	0.0000	0.0000	0.0000	0.0000	0.0000	0.0000	0.0000	0.0000	0.0000	0.0000	0.0000	0.0000	0.0000	0.0000	0.0000	0.0000	0.0000	0.0000	0.0000	0.0000	0.0000	0.0000	0.0000	0.000	
0.500	0.0000	0.0000	0.0000	0.0000	0.0000	0.0000	0.0000	0.0000	0.0000	0.0000	0.0000	0.0000	0.0000	0.0000	0.0000	0.0000	0.0000	0.0000	0.0000	0.0000	0.0000	0.0000	0.0000	0.0000	0.000	
0.533	0.0000	0.0000	0.0000	0.0000	0.0000	0.0000	0.0000	0.0000	0.0000	0.0000	0.0000	0.0000	0.0000	0.0000	0.0000	0.0000	0.0000	0.0000	0.0000	0.0000	0.0000	0.0000	0.0000	0.0000	0.000	
0.567	0.0000	0.0000	0.0000	0.0000	0.0000	0.0000	0.0000	0.0000	0.0000	0.0000	0.0000	0.0000	0.0000	0.0000	0.0000	0.0000	0.0000	0.0000	0.0000	0.0000	0.0000	0.0000	0.0000	0.0000	0.000	
0.600	0.0000	0.0000	0.0000	0.0000	0.0000	0.0000	0.0000	0.0000	0.0000	0.0000	0.0000	0.0000	0.0000	0.0000	0.0000	0.0000	0.0000	0.0000	0.0000	0.0000	0.0000	0.0000	0.0000	0.0000	0.000	
0.633	0.0000	0.0000	0.0000	0.0000	0.0000	0.0000	0.0000	0.0000	0.0000	0.0000	0.0000	0.0000	0.0000	0.0000	0.0000	0.0000	0.0000	0.0000	0.0000	0.0000	0.0000	0.0000	0.0000	0.0000	0.000	
0.667	0.0000	0.0000	0.0000	0.0000	0.0000	0.0000	0.0000	0.0000	0.0000	0.0000	0.0000	0.0000	0.0000	0.0000	0.0000	0.0000	0.0000	0.0000	0.0000	0.0000	0.0000	0.0000	0.0000	0.0000	0.000	
0.700	0.0000	0.0000	0.0000	0.0000	0.0000	0.0000	0.0000	0.0000	0.0000	0.0000	0.0000	0.0000	0.0000	0.0000	0.0000	0.0000	0.0000	0.0000	0.0000	0.0000	0.0000	0.0000	0.0000	0.0000	0.000	
0.733	0.0000	0.0000	0.0000	0.0000	0.0000	0.0000	0.0000	0.0000	0.0000	0.0000	0.0000	0.0000	0.0000	0.0000	0.0000	0.0000	0.0000	0.0000	0.0000	0.0000	0.0000	0.0000	0.0000	0.0000	0.000	
0.767	0.0000	0.0000	0.0000	0.0000	0.0000	0.0000	0.0000	0.0000	0.0000	0.0000	0.0000	0.0000	0.0000	0.0000	0.0000	0.0000	0.0000	0.0000	0.0000	0.0000	0.0000	0.0000	0.0000	0.0000	0.000	
0.800	0.0000	0.0000	0.0000	0.0000	0.0000	0.0000	0.0000	0.0000	0.0000	0.0000	0.0000	0.0000	0.0000	0.0000	0.0000	0.0000	0.0000	0.0000	0.0000	0.0000	0.0000	0.0000	0.0000	0.0000	0.000	
0.833	0.0000	0.0000	0.0000	0.0000	0.0000	0.0000	0.0000	0.0000	0.0000	0.0000	0.0000	0.0000	0.0000	0.0000	0.0000	0.0000	0.0000	0.0000	0.0000	0.0000	0.0000	0.0000	0.0000	0.0000	0.000	
0.867	0.0000	0.0000	0.0000	0.0000	0.0000	0.0000	0.0000	0.0000	0.0000	0.0000	0.0000	0.0000	0.0000	0.0000	0.0000	0.0000	0.0000	0.0000	0.0000	0.0000	0.0000	0.0000	0.0000	0.0000	0.000	
0.900	0.0000	0.0000	0.0000	0.0000	0.0000	0.0000	0.0000	0.0000	0.0000	0.0000	0.0000	0.0000	0.0000	0.0000	0.0000	0.0000	0.0000	0.0000	0.0000	0.0000	0.0000	0.0000	0.0000	0.0000	0.000	
0.933	0.0000	0.0000	0.0000	0.0000	0.0000	0.0000	0.0000	0.0000	0.0000	0.0000	0.0000	0.0000	0.0000	0.0000	0.0000	0.0000	0.0000	0.0000	0.0000	0.0000	0.0000	0.0000	0.0000	0.0000	0.000	
0.967	0.0000	0.0000	0.0000	0.0000	0.0000	0.0000	0.0000	0.0000	0.0000	0.0000	0.0000	0.0000	0.0000	0.0000	0.0000	0.0000	0.0000	0.0000	0.0000	0.0000	0.0000	0.0000	0.0000	0.0000	0.000	
1.000	0.0000	0.0000	0.0000	0.0000	0.0000	0.0000	0.0000	0.0000	0.0000	0.0000	0.0000	0.0000	0.0000	0.0000	0.0000	0.0000	0.0000	0.0000	0.0000	0.0000	0.0000	0.0000	0.0000	0.0000	0.000	
1.033	0.0000	0.0000	0.0000	0.0000	0.0000	0.0000	0.0000	0.0000	0.0000	0.0000	0.0000	0.0000	0.0000	0.0000	0.0000	0.0000	0.0000	0.0000	0.0000	0.0000	0.0000	0.0000	0.0000	0.0000	0.000	
1.067	0.0000	0.0000	0.0000	0.0000	0.0000	0.0000	0.0000	0.0000	0.0000	0.0000	0.0000	0.0000	0.0000	0.0000	0.0000	0.0000	0.0000	0.0000	0.0000	0.0000	0.0000	0.0000	0.0000	0.0000	0.000	
1.100	0.0000	0.0000	0.0000	0.0000	0.0000	0.0000	0.0000	0.0000	0.0000	0.0000	0.0000	0.0000	0.0000	0.0000	0.0000	0.0000	0.0000	0.0000	0.0000	0.0000	0.0000	0.0000	0.0000	0.0000	0.000	
1.133	0.0000	0.0000	0.0000	0.0000	0.0000	0.0000	0.0000	0.0000	0.0000	0.0000	0.0000	0.0000	0.0000	0.0000	0.0000	0.0000	0.0000	0.0000	0.0000	0.0000	0.0000	0.0000	0.0000	0.0000	0.000	
1.167	0.0000	0.0000	0.0000	0.0000	0.0000	0.0000	0.0000	0.0000	0.0000	0.0000	0.0000	0.0000	0.0000	0.0000	0.0000	0.0000	0.0000	0.0000	0.0000	0.0000	0.0000	0.0000	0.0000	0.0000	0.000	
1.200	0.0000	0.0000	0.0000	0.0000	0.0000	0.0000	0.0000	0.0000	0.0000	0.0000	0.0000	0.0000	0.0000	0.0000	0.0000	0.0000	0.0000	0.0000	0.0000	0.0000	0.0000	0.0000	0.0000	0.0000	0.000	
1.233	0.0000	0.0000	0.0000	0.0000	0.0000	0.0000	0.0000	0.0000	0.0000	0.0000	0.0000	0.0000	0.0000	0.0000	0.0000	0.0000	0.0000	0.0000	0.0000	0.0000	0.0000	0.0000	0.0000	0.0000	0.000	
1.267	0.0000	0.0000	0.0000	0.0000	0.0000	0.0000	0.0000	0.0000	0.0000	0.0000	0.0000	0.0000	0.0000	0.0000	0.0000	0.0000	0.0000	0.0000	0.0000	0.0000	0.0000	0.0000	0.0000	0.0000	0.000	
1.300	0.0000	0.0000	0.0000	0.0000	0.0000	0.0000	0.0000	0.0000	0.0000	0.0000	0.0000	0.0000	0.0000	0.0000	0.0000	0.0000	0.0000	0.0000	0.0000	0.0000	0.0000	0.0000	0.0000	0.0000	0.000	
1.333	0.0000	0.0000	0.0000	0.0000	0.0000	0.0000	0.0000	0.0000	0.0000	0.0000	0.0000	0.0000	0.0000	0.0000	0.0000	0.0000	0.0000	0.0000	0.0000	0.0000	0.0000	0.0000	0.0000	0.0000	0.000	
1.367	0.0000	0.0000	0.0000	0.0000	0.0000	0.0000	0.0000	0.0000	0.0000	0.0000	0.0000	0.0000	0.0000	0.0000	0.0000	0.0000	0.0000	0.0000	0.0000	0.0000	0.0000	0.0000	0.0000	0.0000	0.000	
1.400	0.0000	0.0000	0.0000	0.0000	0.0000	0.0000	0.0000	0.0000	0.0000	0.0000	0.0000	0.0000	0.0000	0.0000	0.0000	0.0000	0.0000	0.0000	0.0000	0.0000	0.0000	0.0000	0.0000	0.0000	0.000	
1.433	0.0000	0.0000	0.0000	0.0000	0.0000	0.0000	0.0000	0.0000	0.0000	0.0000	0.0000	0.0000	0.0000	0.0000	0.0000	0.0000	0.0000	0.0000	0.0000	0.0000	0.0000	0.0000	0.0000	0.0000	0.000	
1.467	0.0000	0.0000	0.0000	0.0000	0.0000	0.0000	0.0000	0.0000	0.0000	0.0000	0.0000	0.0000	0.0000	0.0000	0.0000	0.0000	0.0000	0.0000	0.0000	0.0000	0.0000	0.0000	0.0000	0.0000	0.000	
1.500	0.0000	0.0000	0.0000	0.0000	0.0000	0.0000	0.0000	0.0000	0.0000	0.0000	0.0000	0.0000	0.0000	0.0000	0.0000	0.0000	0.0000	0.0000	0.0000	0.0000	0.0000	0.0000	0.0000	0.0000	0.000	
1.533	0.0000	0.0000	0.0000	0.0000	0.0000	0.0000	0.0000	0.0000	0.0000	0.0000	0.0000	0.0000	0.0000	0.0000	0.0000	0.0000	0.0000	0.0000	0.0000	0.0000	0.0000	0.0000	0.0000	0.0000	0.000	
1.567	0.0000	0.0000	0.0000	0.0000	0.0000	0.0000	0.0000	0.0000	0.0000	0.0000	0.0000	0.0000	0.0000	0.0000	0.0000	0.0000	0.0000	0.0000	0.0000	0.0000	0.0000	0.0000	0.0000	0.0000	0.000	
1.600	0.0000	0.0000	0.0000	0.0000	0.0000	0.0000	0.0000	0.0000	0.0000	0.0000	0.0000	0.0000	0.0000	0.0000	0.0000	0.0000	0.0000	0.0000	0.0000	0.0000	0.0000	0.0000	0.0000	0.0000	0.000	
1.633	0.0000	0.0000	0.0000	0.0000	0.0000	0.0000	0.0000	0.0000	0.0000	0.0000	0.0000	0.0000	0.0000	0.0000	0.0000	0.0000	0.0000	0.0000	0.0000	0.0000	0.0000	0.0000	0.0000	0.0000	0.000	
1.667	0.0000	0.0000	0.0000	0.0000	0.0000	0.0000	0.0000	0.0000	0.0000	0.0000	0.0000	0.0000	0.0000	0.0000	0.0000	0.0000	0.0000	0.0000	0.0000	0.0000	0.0000	0.0000	0.0000	0.0000	0.000	
1.700	0.0000	0.0000	0.0000	0.0000	0.0000	0.0000	0.0000	0.0000	0.0000	0.0000	0.0000	0.0000	0.0000	0.0000	0.0000	0.0000	0.0000	0.0000	0.0000	0.0000	0.0000	0.0000	0.0000	0.0000	0.000	
1.733	0.0000	0.0000	0.0000	0.0000	0.0000	0.0000	0.0000	0.0000	0.0000	0.0000	0.0000	0.0000	0.0000	0.0000	0.0000	0.0000	0.0000	0.0000	0.0000	0.0000	0.0000	0.0000	0.0000	0.0000	0.000	
1.767	0.0000	0.0000	0.0000	0.0000	0.0000	0.0000	0.0000	0.0000	0.0000	0.0000	0.0000	0.0000	0.0000	0.0000	0.0000	0.0000	0.0000	0.0000	0.0000	0.0000	0.0000	0.0000	0.0000	0.0000	0.000	
1.800	0.0000	0.0000	0.0000	0.0000	0.0000	0.0000	0.0000	0.0000	0.0000	0.0000	0.0000	0.0000	0.0000	0.0000	0.0000	0.0000	0.0000	0.0000	0.0000	0.0000	0.0000	0.0000	0.0000	0.0000	0.000	
1.833	0.0000	0.0000	0.0000	0.0000	0.0000	0.0000	0.0000	0.0000	0.0000	0.0000	0.0000	0.0000	0.0000	0.0000	0.0000	0.0000	0.0000	0.0000	0.0000	0.0000	0.0000	0.0000	0.0000	0.0000	0.000	
1.867	0.0000	0.0000	0.0000	0.0000	0.0000	0.0000	0.0000	0.0000	0.0000	0.0000	0.0000	0.0000	0.0000	0.0000	0.0000	0.0000	0.0000	0.0000	0.0000	0.0000	0.0000	0.0000	0.0000	0.0000	0.000	
1.900	0.0000	0.0000	0.0000	0.0000	0.0000	0.0000	0.0000	0.0000	0.0000	0.0000	0.0000	0.0000	0.0000	0.0000	0.0000	0.0000	0.0000	0.0000	0.0000	0.0000	0.0000	0.0000	0.0000	0.0000	0.000	
1.933	0.0000	0.0000	0.0000	0.0000	0.0000	0.0000	0.0000	0.0000	0.0000	0.0000	0.0000	0.0000	0.0000	0.0000	0.0000	0.0000	0.0000	0.0000	0.0000	0.0000	0.0000	0.0000	0.0000	0.0000	0.000	
1.967	0.0000	0.0000	0.0000	0.0000	0.0000	0.0000	0.0000	0.0000	0.0000	0.0000	0.0000	0.0000	0.0000	0.0000	0.0000	0.0000	0.0000	0.0000	0.0000	0.0000	0.0000	0.0000	0.0000	0.0000	0.000	
2.000	0.0000	0.0000	0.0000	0.0000	0.0000	0.0000	0.0000	0.0000	0.0000	0.0000	0.0000	0.0000	0.0000	0.0000	0.0000	0.0000	0.0000	0.0000	0.0000	0.0000	0.0000	0.0000	0.0000	0.0000	0.000	
2.033	0.0000	0.0000	0.0000	0.0000	0.0000	0.0000	0.0000	0.0000	0.0000	0.0000	0.0000	0.0000	0.0000	0.0000	0.0000	0.0000	0.0000	0.0000	0.0000	0.0000	0.0000	0.0000	0.0000	0.0000	0.000	
2.067	0.0000	0.0000	0.0000	0.0000	0.0000	0.0000	0.0000	0.0000	0.0000	0.0000	0.0000	0.0000	0.0000	0.0000	0.0000	0.0000	0.0000	0.0000	0.0000	0.0000	0.0000	0.0000	0.0000	0.0000	0.000	
2.100	0.0000	0.0000	0.0000	0.0000	0.0000	0.0000	0.0000	0.0000	0.0000	0.0000	0.0000	0.0000	0.0000	0.0000	0.0000	0.0000	0.0000	0.0000	0.0000	0.0000	0.0000	0.0000	0.0000	0.0000	0.000	
2.133	0.0000	0.0000	0.0000	0.0000	0.0000	0.0000	0.0000	0.0000	0.0000	0.0000	0.0000	0.0000	0.0000	0.0000	0.0000	0.0000	0.0000	0.0000	0.0000	0.0000	0.0000	0.0000	0.0000	0.0000	0.000	
2.167	0.0000	0.0000	0.0000	0.0000	0.0000	0.0000	0.0000	0.0000	0.0000	0.0000	0.0000	0.0000	0.0000	0.0000	0.0000	0.0000	0.0000	0.0000	0.0000	0.0000	0.0000	0.0000	0.0000	0.0000	0.000	
2.200	0.0000	0.0000	0.0000	0.0000	0.0000	0.0000	0.0000	0.0000	0.0000	0.0000	0.0000	0.0000	0.0000	0.0000	0.0000	0.0000	0.0000	0.0000	0.0000	0.0000	0.0000	0.0000	0.0000	0.0000	0.000	
2.233	0.0000	0.0000	0.0000	0.0000	0.0000	0.0000	0.0000	0.0000	0.0000	0.0000	0.0000	0.0000	0.0000	0.0000	0.0000	0.0000	0.0000	0.0000	0.0000	0.0000	0.0000	0.0000	0.0000	0.0000	0.000	
2.267	0.0000	0.0000	0.0000	0.0000	0.0000	0.0000	0.0000	0.0000	0.0000	0.0000	0.0000	0.0000	0.0000	0.0000	0.0000	0.0000	0.0000	0.0000	0.0000	0.0000	0.0000	0.0000	0.0000	0.0000	0.000	
2.300	0.0000	0.0000	0.0000	0.0000	0.0000	0.0000	0.0000	0.0000	0.0000	0.0000	0.0000	0.0000	0.0000	0.0000	0.0000	0.0000	0.0000	0.0000	0.0000	0.0000	0.0000	0.0000	0.0000	0.0000	0.000	
2.333	0.0000	0.0000	0.0000	0.0000	0.0000	0.0000	0.0000	0.0000	0.0000	0.0000	0.0000	0.0000	0.0000	0.0000	0.0000	0.0000	0.0000	0.0000	0.0000	0.0000	0.0000	0.0000	0.0000	0.0000	0.000	
2.367	0.0000	0.0000	0.0000	0.0000	0.0000	0.0000	0.0000	0.0000	0.0000	0.0000	0.0000	0.0000	0.0000	0.0000	0.0000	0.0000	0.0000	0.0000	0.0000	0.0000	0.0000	0.0000	0.0000	0.0000	0.000	
2.400	0.0000	0.0000	0.0000	0.0000	0.0000	0.0000	0.0000	0.0000	0.0000	0.0000	0.0000	0.0000	0.0000	0.0000	0.0000	0.0000	0.0000	0.0000	0.0000	0.0000	0.0000	0.0000	0.0000	0.0000	0.000	
2.433	0.0000	0.0000	0.0000	0.0000	0.0000	0.0000	0.0000	0.0000	0.0000	0.0000	0.0000	0.0000	0.0000	0.0000	0.0000	0.0000	0.0000	0.0000	0.0000	0.0000	0.0000	0.0000	0.0000	0.0000	0.000	
2.467	0.0000	0.0000	0.0000	0.0000	0.0000	0.0000	0.0000	0.0000	0.0000	0.0000	0.0000	0.0000	0.0000	0.0000	0.0000	0.0000	0.0000	0.0000	0.0000	0.0000	0.0000	0.0000	0.0000	0.0000	0.000	
2.500	0.0000	0.0000	0.0000	0.0000	0.0000	0.0000	0.0000	0.0000	0.0000	0.0000	0.0000	0.0000	0.0000	0.0000	0.0000	0.0000	0.0000	0.0000	0.0000	0.0000	0.0000	0.0000	0.0000	0.0000	0.000	
2.533	0.0000	0.0000	0.0000	0.0000	0.0000	0.0000	0.0000	0.0000	0.0000	0.0000	0.0000	0.0000	0.0000	0.0000	0.0000	0.0000	0.0000	0.0000	0.0000	0.0000	0.0000	0.0000	0.0000	0.0000	0.000	
2.567	0.0000	0.0000	0.0000	0.0000	0.0000	0.0000	0.0000	0.0000	0.0000	0.0000	0.0000	0.0000	0.0000	0.0000	0.0000	0.0000	0.0000	0.0000	0.0000	0.0000	0.0000	0.0000	0.0000	0.0000	0.000	
2.600	0.0000	0.0000	0.0000	0.0000	0.0000	0.0000	0.0000	0.0000	0.0000	0.0000	0.0000	0.0000	0.0000	0.0000	0.0000	0.0000	0.0000	0.0000	0.0000	0.0000	0.0000	0.0000	0.0000	0.0000	0.000	
2.633	0.0000	0.0000	0.0000	0.0000	0.0000	0.0000	0.0000	0.0000	0.0000	0.0000	0.0000	0.0000	0.0000	0.0000	0.0000	0.0000	0.0000	0.0000	0.0000	0.0000	0.0000	0.0000	0.0000	0.0000	0.000	
2.667	0.0000	0.0000	0.0000	0.0000	0.0000	0.0000	0.0000	0.0000	0.0000	0.0000	0.0000	0.0000	0.0000	0.0000	0.0000	0.0000	0.0000	0.0000	0.0000	0.0000	0.0000	0.0000	0.0000	0.0000	0.000	
2.700	0.0000	0.0000	0.0000	0.0000	0.0000	0.0000	0.0000	0.0000	0.0000	0.0000	0.0000	0.0000	0.0000	0.0000	0.0000	0.0000	0.0000	0.0000	0.0000	0.0000	0.0000	0.0000	0.0000	0.0000	0.000	
2.733	0.0000	0.0000	0.0000	0.0000	0.0000	0.0000	0.0000	0.0000	0.0000	0.0000	0.0000	0.0000	0.0000	0.0000	0.0000	0.0000	0.0000	0.0000	0.0000	0.0000	0.0000	0.0000	0.0000	0.0000	0.000	
2.767	0.0000	0.0000	0.0000	0.0000	0.0000	0.0000	0.0000	0.0000	0.0000	0.0000	0.0000	0.0000	0.0000	0.0000	0.0000	0.0000	0.0000	0.0000	0.0000	0.0000	0.0000	0.0000	0.0000	0.0000	0.000	
2.800	0.0000	0.0000	0.0000	0.0000	0.0000	0.0000	0.0000	0.0000	0.0000	0.0000	0.0000	0.0000	0.0000	0.0000	0.0000	0.0000	0.0000	0.0000	0.0000	0.0000	0.0000	0.0000	0.0000	0.0000	0.000	
2.833	0.0000	0.0000	0.0000	0.0000	0.0000	0.0000	0.0000	0.0000	0.0000	0.0000	0.0000	0.0000	0.0000	0.0000	0.0000	0.0000	0.0000	0.0000	0.0000	0.0000	0.0000	0.0000	0.0000	0.0000	0.000	
2.867	0.0000	0.0000	0.0000	0.0000	0.0000	0.0000	0.0000	0.0000	0.0000	0.0000	0.0000	0.0000	0.0000	0.0000	0.0000	0.0000	0.0000	0.0000	0.0000	0.0000	0.0000	0.0000	0.0000	0.0000	0.000	
2.900	0.0000	0.0000	0.0000	0.0000	0.0000	0.0000	0.0000	0.0000	0.0000	0.0000	0.0000	0.0000	0.0000	0.0000	0.0000	0.0000	0.0000	0.0000	0.0000	0.0000	0.0000	0.0000	0.0000	0.0000	0.000	
2.933	0.0000	0.0000	0.0000	0.0000	0.0000	0.0000	0.0000	0.0000	0.0000	0.0000	0.0000	0.0000	0.0000	0.0000	0.0000	0.0000	0.0000	0.0000	0.0000	0.0000	0.0000	0.0000	0.0000	0.0000	0.000	
2.967	0.0000	0.0000	0.0000	0.0000	0.0000	0.0000	0.0000	0.0000	0.0000	0.0000	0.0000	0.0000	0.0000	0.0000	0.0000	0.0000	0.0000	0.0000	0.0000	0.0000	0.0000	0.0000	0.0000	0.0000	0.000	
3.000	0.0000	0.0000	0.0000	0.0000	0.0000	0.0000	0.0000	0.0000	0.0000	0.0000	0.0000	0.0000	0.0000	0.0000	0.0000	0.0000	0.0000	0.0000	0.0000	0.0000	0.0000	0.0000	0.0000	0.0000	0.000	
3.033	0.0000	0.0000	0.0000	0.0000	0.0000	0.0000	0.0000	0.0000	0.0000	0.0000	0.0000	0.0000	0.0000	0.0000	0.0000	0.0000	0.0000	0.0000	0.0000	0.0000	0.0000	0.0000	0.0000	0.0000	0.000	
3.067	0.0000	0.0000	0.0000	0.0000	0.0000	0.0000	0.0000	0.0000	0.0000	0.0000	0.0000	0.0000	0.0000	0.0000	0.0000	0.0000	0.0000	0.0000	0.0000	0.0000	0.0000	0.0000	0.0000	0.0000	0.000	
3.100	0.0000	0.0000	0.0000	0.0000	0.0000	0.0000	0.0000	0.0000	0.0000	0.0000	0.0000	0.0000	0.0000	0.0000	0.0000	0.0000	0.0000	0.0000	0.0000	0.0000	0.0000	0.0000	0.0000	0.0000	0.000	
3.133	0.0000	0.0000	0.0000	0.0000	0.0000	0.0000	0.0000	0.0000	0.0000	0.0000	0.0000	0.0000	0.0000	0.0000	0.0000	0.0000	0.0000	0.0000	0.0000	0.0000	0.0000	0.0000	0.0000	0.0000	0.000	
3.167	0.0000	0.0000	0.0000	0.0000	0.0000	0.0000	0.0000	0.0000	0.0000	0.0000	0.0000	0.0000	0.0000	0.0000	0.0000	0.0000	0.0000	0.0000	0.0000	0.0000	0.0000	0.0000	0.0000	0.0000	0.000	
3.200	0.0000	0.0000	0.0000	0.0000	0.0000	0.0000	0.0000	0.0000	0.0000	0.0000	0.0000	0.0000	0.0000	0.0000	0.0000	0.0000	0.0000	0.0000	0.0000	0.0000	0.0000	0.0000	0.0000	0.0000	0.000	
3.233	0.0000	0.0000	0.0000	0.0000	0.0000	0.0000	0.0000	0.0000	0.0000	0.0000	0.0000	0.0000	0.0000	0.0000	0.0000	0.0000	0.0000	0.0000	0.0000	0.0000	0.0000	0.0000	0.0000	0.0000	0.000	
3.267	0.0000	0.0000	0.0000	0.0000	0.0000	0.0000	0.0000	0.0000	0.0000	0.0000	0.0000	0.0000	0.0000	0.0000	0.0000	0.0000	0.0000	0.0000	0.0000	0.0000	0.0000	0.0000	0.0000	0.0000	0.000	
3.300	0.0000	0.0000	0.0000	0.0000	0.0000	0.0000	0.0000	0.0000	0.0000	0.0000	0.0000	0.0000	0.0000	0.0000	0.0000	0.0000	0.0000	0.0000	0.0000	0.0000	0.0000	0.0000	0.0000	0.0000	0.000	
3.333	0.0000	0.0000	0.0000	0.0000	0.0000	0.0000	0.0000	0.0000	0.0000	0.0000	0.0000	0.0000	0.0000	0.0000	0.0000	0.0000	0.0000	0.0000	0.0000	0.0000	0.0000	0.0000	0.0000	0.0000	0.000	
3.367	0.0000	0.0000	0.0000	0.0000	0.0000	0.0000	0.0000	0.0000	0.0000	0.0000	0.0000	0.0000	0.0000	0.0000	0.0000	0.0000	0.0000	0.0000	0.0000	0.0000	0.0000	0.0000	0.0000	0.0000	0.000	
3.400	0.0000	0.0000	0.0000	0.0000	0.0000	0.0000	0.0000	0.0000	0.0000	0.0000	0.0000	0.0000	0.0000	0.0000	0.0000	0.0000	0.0000	0.0000	0.0000	0.0000	0.0000	0.0000	0.0000	0.0000	0.000	
3.433	0.0000	0.0000	0.0000	0.0000	0.0000	0.0000	0.0000	0.0000	0.0000	0.0000	0.0000	0.0000	0.0000	0.0000	0.0000	0.0000	0.0000	0.0000	0.0000	0.0000	0.0000	0.0000	0.0000	0.0000	0.000	
3.467	0.0000	0.0000	0.0000	0.0000	0.0000	0.0000	0.0000	0.0000	0.0000	0.0000	0.0000	0.0000	0.0000	0.0000	0.0000	0.0000	0.0000	0.0000	0.0000	0.0000	0.0000	0.0000	0.0000	0.0000	0.000	
3.500	0.0000	0.0000	0.0000	0.0000	0.0000	0.0000	0.0000	0.0000	0.0000	0.0000	0.0000	0.0000	0.0000	0.0000	0.0000	0.0000	0.0000	0.0000	0.0000	0.0000	0.0000	0.0000	0.0000	0.0000	0.000	
3.533	0.0000	0.0000	0.0000	0.0000	0.0000	0.0000	0.0000	0.0000	0.0000	0.0000	0.0000	0.0000	0.0000	0.0000	0.0000	0.0000	0.0000	0.0000	0.0000	0.0000	0.0000	0.0000	0.0000	0.0000	0.000	
3.567	0.0000	0.0000	0.0000	0.0000	0.0000	0.0000	0.0000	0.0000	0.0000	0.0000	0.0000	0.0000	0.0000	0.0000	0.0000	0.0000	0.0000	0.0000	0.0000	0.0000	0.0000	0.0000	0.0000	0.0000	0.000	
3.600	0.0000	0.0000	0.0000	0.0000	0.0000	0.0000	0.0000	0.0000	0.0000	0.0000	0.0000	0.0000	0.0000	0.0000	0.0000	0.0000	0.0000	0.0000	0.0000	0.0000	0.0000	0.0000	0.0000	0.0000	0.000	
3.633	0.0000	0.0000	0.0000	0.0000	0.0000	0.0000	0.0000	0.0000	0.0000	0.0000	0.0000	0.0000	0.0000	0.0000	0.0000	0.0000	0.0000	0.0000	0.0000	0.0000	0.0000	0.0000	0.0000	0.0000	0.000	
3.667	0.0000	0.0000	0.0000	0.0000	0.0000	0.0000	0.0000	0.0000	0.0000	0.0000	0.0000	0.0000	0.0000	0.0000	0.0000	0.0000	0.0000	0.0000	0.0000	0.0000	0.0000	0.0000	0.0000	0.0000	0.000	
3.700	0.0000	0.0000	0.0000	0.0000	0.0000	0.0000	0.0000	0.0000	0.0000	0.0000	0.0000	0.0000	0.0000	0.0000	0.0000	0.0000	0.0000	0.0000	0.0000	0.0000	0.0000	0.0000	0.0000	0.0000	0.000	
3.733	0.0000	0.0000	0.0000	0.0000	0.0000	0.0000	0.0000	0.0000	0.0000	0.0000	0.0000	0.0000	0.0000	0.0000	0.0000	0.0000	0.0000	0.0000	0.0000	0.0000	0.0000	0.0000	0.0000	0.0000	0.000	
3.767	0.0000	0.0000	0.0000	0.0000	0.0000	0.0000	0.0000	0.0000	0.0000	0.0000	0.0000	0.0000	0.0000	0.0000	0.0000	0.0000	0.0000	0.0000	0.0000	0.0000	0.0000	0.0000	0.0000	0.0000	0.000	
3.800	0.0000	0.0000	0.0000	0.0000	0.0000	0.0000	0.0000	0.0000	0.0000	0.0000	0.0000	0.0000	0.0000	0.0000	0.0000	0.0000	0.0000	0.0000	0.0000	0.0000	0.0000	0.0000	0.0000	0.0000	0.000	
3.833	0.0000	0.0000	0.0000	0.0000	0.0000	0.0000	0.0000	0.0000	0.0000	0.0000	0.0000	0.0000	0.0000	0.0000	0.0000	0.0000	0.0000	0.0000	0.0000	0.0000	0.0000	0.0000	0.0000	0.0000	0.000	
3.867	0.0000	0.0000	0.0000	0.0000	0.0000	0.0000	0.0000	0.0000	0.0000	0.0000	0.0000	0.0000	0.0000	0.0000	0.0000	0.0000	0.0000	0.0000	0.0000	0.0000	0.0000	0.0000	0.0000	0.0000	0.000	
3.900	0.0000	0.0000	0.0000	0.0000	0.0000	0.0000	0.0000	0.0000	0.0000	0.0000	0.0000	0.0000	0.0000	0.0000	0.0000	0.0000	0.0000	0.0000	0.0000	0.0000	0.0000	0.0000	0.0000	0.0000	0.000	
3.933	0.0000	0.0000	0.0000	0.0000	0.0000	0.0000	0.0000	0.0000	0.0000	0.0000	0.0000	0.0000	0.0000	0.0000	0.0000	0.0000	0.0000	0.0000	0.0000	0.0000	0.0000	0.0000	0.0000	0.0000	0.000	
3.967	0.0000	0.0000	0.0000	0.0000	0.0000	0.0000	0.0000	0.0000	0.0000	0.0000	0.0000	0.0000	0.0000	0.0000	0.0000	0.0000	0.0000	0.0000	0.0000	0.0000	0.0000	0.0000	0.0000	0.0000	0.000	
4.000	0.0000	0.0000	0.0000	0.0000	0.0000	0.0000	0.0000	0.0000	0.0000	0.0000	0.0000	0.0000	0.0000	0.0000	0.0000	0.0000	0.0000	0.0000	0.0000	0.0000	0.0000	0.0000	0.0000	0.0000	0.000	
4.033	0.0000	0.0000	0.0000	0.0000	0.0000	0.0000	0.0000	0.0000	0.0000	0.0000	0.0000	0.0000	0.0000	0.0000	0.0000	0.0000	0.0000	0.0000	0.0000	0.0000	0.0000	0.0000	0.0000	0.0000	0.000	
4.067	0.0000	0.0000	0.0000	0.0000	0.0000	0.0000	0.0000	0.0000	0.0000	0.0000	0.0000	0.0000	0.0000	0.0000	0.0000	0.0000	0.0000	0.0000	0.0000	0.0000	0.0000	0.0000	0.0000	0.0000	0.000	
4.100	0.0000	0.0000	0.0000	0.0000	0.0000	0.0000	0.0000	0.0000	0.0000	0.0000	0.0000	0.0000	0.0000	0.0000	0.0000	0.0000	0.0000	0.0000	0.0000	0.0000	0.0000	0.0000	0.0000	0.0000	0.000	
4.133	0.0000	0.0000	0.0000	0.0000	0.0000	0.0000	0.0000	0.0000	0.0000	0.0000	0.0000	0.0000	0.0000	0.0000	0.0000	0.0000	0.0000	0.0000	0.0000	0.0000	0.0000	0.0000	0.0000	0.0000	0.000	
4.167	0.0000	0.0000	0.0000	0.0000	0.0000	0.0000	0.0000	0.0000	0.0000	0.0000	0.0000	0.0000	0.0000	0.0000	0.0000	0.0000	0.0000	0.0000	0.0000	0.0000	0.0000	0.0000	0.0000	0.0000	0.000	
4.200	0.0000	0.0000	0.0000	0.0000	0.0000	0.0000	0.0000	0.0000	0.0000	0.0000	0.0000	0.0000	0.0000	0.0000	0.0000	0.0000	0.0000	0.0000	0.0000	0.0000	0.0000	0.0000	0.0000	0.0000	0.000	
4.233	0.0000	0.0000	0.0000	0.0000	0.0000	0.0000	0.0000	0.0000	0.0000	0.0000	0.0000	0.0000	0.0000	0.0000	0.0000	0.0000	0.0000	0.0000	0.0000	0.0000	0.0000	0.0000	0.0000	0.0000	0.000	
4.267	0.0000	0.0000	0.0000	0.0000	0.0000	0.0000	0.0000	0.0000	0.0000	0.0000	0.0000	0.0000	0.0000	0.0000	0.0000	0.0000	0.0000	0.0000	0.0000	0.0000	0.0000	0.0000	0.0000	0.0000	0.000	
4.300	0.0000	0.0000	0.0000	0.0000	0.0000	0.0000	0.0000	0.0000	0.0000	0.0000	0.0000	0.0000	0.0000	0.0000	0.0000	0.0000	0.0000	0.0000	0.0000	0.0000	0.0000	0.0000	0.0000	0.0000	0.000	
4.333	0.0000	0.0000	0.0000	0.0000	0.0000	0.0000	0.0000	0.0000	0.0000	0.0000	0.0000	0.0000	0.0000	0.0000	0.0000	0.0000	0.0000	0.0000	0.0000	0.0000	0.0000	0.0000	0.0000	0.0000	0.000	
4.367	0.0000	0.0000	0.0000	0.0000	0.0000	0.0000	0.0000	0.0000	0.0000	0.0000	0.0000	0.0000	0.0000	0.0000	0.0000	0.0000	0.0000	0.0000	0.0000	0.0000	0.0000	0.0000	0.0000	0.0000	0.000	
4.400	0.0000	0.0000	0.0000	0.0000	0.0000	0.0000	0.0000	0.0000	0.0000	0.0000	0.0000	0.0000	0.0000	0.0000	0.0000	0.0000	0.0000	0.0000	0.0000	0.0000	0.0000	0.0000	0.0000	0.0000	0.000	
4.433	0.0000	0.0000	0.0000	0.0000	0.0000	0.0000	0.0000	0.0000	0.0000	0.0000	0.0000	0.0000	0.0000	0.0000	0.0000	0.0000	0.0000	0.0000	0.0000	0.0000	0.0000	0.0000	0.0000	0.0000	0.000	
4.467	0.0000	0.0000	0.0000	0.0000	0.0000	0.0000	0.0000	0.0000	0.0000	0.0000	0.0000	0.0000	0.0000	0.0000	0.0000	0.0000	0.0000	0.0000	0.0000	0.0000	0.0000	0.0000	0.0000	0.0000	0.000	
4.500	-0.2672	-0.7076	3.2535	-0.3480	-0.8787	3.1236	-0.3740	-0.8838	3.1453	0.0158	-0.2405	2.8959	0.0452	-0.2099	2.8882	-0.2322	-0.5652	3.3070	-0.2351	-0.7000	3.2346	-0.2941	-0.7014	3.2091	0.000	
4.533	-0.2985	-0.7972	3.2672	-0.3146	-0.8975	3.1450	-0.2855	-0.8631	3.1032	0.0435	-0.2256	2.9262	0.0077	-0.2805	2.9698	-0.1330	-0.5044	3.3203	-0.2772	-0.7339	3.2505	-0.3150	-0.8474	3.2304	0.000	
4.567	-0.2624	-0.7952	3.2436	-0.3183	-0.9519	3.0770	-0.2479	-0.8787	3.1321	0.0778	-0.2053	2.8898	-0.1037	-0.4018	3.0189	-0.2199	-0.5835	3.3177	-0.2261	-0.7489	3.2421	-0.2934	-0.8253	3.1790	0.000	
4.600	-0.3629	-1.1469	3.2406	-0.1657	-0.8713	3.0813	-0.3304	-0.9952	3.2108	0.0913	-0.2288	2.9002	-0.0757	-0.3913	3.0189	-0.2191	-0.5508	3.3224	-0.3099	-1.0885	3.2417	-0.4090	-1.1836	3.1781	0.000	
4.633	-0.3815	-0.9937	3.3120	-0.2454	-0.8991	3.1332	-0.4138	-0.8526	3.1319	0.1249	-0.1988	2.9292	0.0292	-0.3204	3.0024	-0.1177	-0.4696	3.3529	-0.3352	-0.9314	3.2676	-0.4208	-1.0379	3.2961	0.000	
4.667	-0.3231	-0.8936	3.2192	-0.2794	-0.9707	3.2835	-0.4351	-0.7445	3.1729	0.1409	-0.2114	2.9326	0.1024	-0.2683	2.9676	-0.2273	-0.5539	3.3317	-0.2904	-0.8249	3.2019	-0.3496	-0.9454	3.1756	0.000	
4.700	-0.2510	-0.8596	3.2155	-0.2774	-1.0173	3.2868	-0.4942	-0.7815	3.1679	0.1676	-0.2036	2.9431	0.1243	-0.2781	2.9746	-0.1227	-0.4779	3.3510	-0.2319	-0.7938	3.1710	-0.2655	-0.9092	3.1996	0.000	
4.733	-0.2898	-0.8567	3.2204	-0.3207	-0.9769	3.3085	-0.4523	-0.7694	3.1729	0.1192	-0.2906	3.0039	0.1296	-0.2893	2.9861	-0.0998	-0.1859	3.5032	-0.2738	-0.7946	3.2099	-0.3117	-0.9018	3.1720	0.000	
4.767	-0.2282	-0.8289	3.2238	-0.2979	-0.9599	3.3119	-0.2908	-0.8623	3.1193	-0.0282	-0.4664	3.0402	0.1286	-0.2934	2.9986	-0.2292	-0.5739	3.3365	-0.2526	-0.8628	3.2066	-0.1994	-0.7792	3.1797	0.000	
4.800	-0.3266	-0.8971	3.2017	-0.3006	-0.9659	3.3067	-0.3950	-0.7946	3.1320	0.0373	-0.4146	3.0470	0.1267	-0.2998	3.0125	-0.2273	-0.5781	3.3352	-0.3185	-0.9397	3.2120	-0.3287	-0.8380	3.1323	0.000	
4.833	-0.2096	-0.9334	3.2232	-0.3047	-0.9631	3.3016	-0.3895	-0.8490	3.1124	0.0669	-0.3674	3.0706	0.0925	-0.3354	3.0576	-0.1673	-0.4273	3.4054	-0.2327	-0.9783	3.2213	-0.1832	-0.8740	3.1749	0.000	
4.867	-0.2173	-0.8476	3.2157	-0.1793	-0.8773	3.1512	-0.3890	-0.8485	3.1101	0.1183	-0.3191	3.0549	0.0652	-0.3681	3.0806	-0.1669	-0.4341	3.4015	-0.2002	-0.7940	3.1762	-0.2311	-0.8890	3.2090	0.000	
4.900	-0.2573	-0.8573	3.2250	-0.2628	-0.8884	3.1404	-0.4725	-0.8319	3.0798	0.1088	-0.3285	3.0763	0.0645	-0.3609	3.0935	-0.0894	-0.4958	3.3620	-0.2372	-0.8116	3.1471	-0.2795	-0.8928	3.2616	0.000	
4.933	-0.2117	-0.7582	3.2377	-0.1494	-0.8625	3.1583	-0.4816	-0.8950	2.9921	0.1402	-0.3187	3.0756	0.0658	-0.3669	3.1006	-0.1692	-0.4399	3.4160	-0.1872	-0.7163	3.2211	-0.2335	-0.7904	3.2130	0.000	
4.967	-0.2168	-0.7891	3.2500	-0.1956	-0.8711	3.1538	-0.4458	-0.8435	3.0948	0.1209	-0.3277	3.0910	-0.2952	-0.4481	3.4527	-0.1657	-0.4386	3.4134	-0.2190	-0.7545	3.2166	-0.2140	-0.8284	3.2456	0.000	
5.000	-0.1667	-0.6524	3.3414	-0.2870	-0.8567	3.1218	-0.3810	-0.8466	3.1052	0.1526	-0.2799	3.1197	-0.2827	-0.3073	3.5304	-0.0944	-0.2133	3.5141	-0.1684	-0.6096	3.3125	-0.1628	-0.6864	3.3260	0.000	
5.033	-0.1953	-0.7785	3.2220	-0.2147	-0.8536	3.1425	-0.2978	-0.9156	3.1243	0.1427	-0.3083	3.1339	-0.2730	-0.3037	3.5299	-0.0995	-0.2165	3.5205	-0.1968	-0.7341	3.1971	-0.1910	-0.8122	3.2027	0.000	
5.067	-0.1945	-0.7804	3.2237	-0.1973	-0.8652	3.1591	-0.2895	-0.9219	3.1113	0.1212	-0.3277	3.1575	-0.2721	-0.3023	3.5314	-0.0994	-0.2161	3.5230	-0.1961	-0.7357	3.1963	-0.1896	-0.8157	3.2103	0.000	
5.100	-0.1709	-0.8141	3.2454	-0.1887	-0.8736	3.1568	-0.3221	-0.8945	3.0984	0.1174	-0.3527	3.1295	-0.2744	-0.4285	3.4041	-0.1355	-0.4294	3.3887	-0.1878	-0.8248	3.2117	-0.1501	-0.7949	3.2372	0.000	
5.133	-0.1744	-0.7355	3.2549	-0.2126	-0.8590	3.1588	-0.3385	-0.8794	3.1379	0.0204	-0.3843	3.2456	-0.2863	-0.2958	3.5443	-0.1023	-0.2143	3.5293	-0.1913	-0.7371	3.2394	-0.1551	-0.7235	3.2242	0.000	
5.167	-0.1752	-0.7368	3.2571	-0.1972	-0.8777	3.1536	-0.3482	-0.8915	3.1346	0.0248	-0.3815	3.2436	-0.2994	-0.2951	3.5548	-0.1025	-0.2144	3.5338	-0.1942	-0.7380	3.2387	-0.1549	-0.7248	3.2263	0.000	
5.200	-0.1674	-0.7561	3.2600	-0.1917	-0.8780	3.1553	-0.3499	-0.9350	3.1172	0.0297	-0.3770	3.2395	-0.3035	-0.3014	3.5729	-0.1036	-0.2086	3.5433	-0.1920	-0.7769	3.2585	-0.1390	-0.7367	3.2160	0.000	
5.233	-0.1733	-0.7605	3.2604	-0.1894	-0.8767	3.1569	-0.3548	-0.9471	3.1229	0.0405	-0.3731	3.2290	-0.3163	-0.2951	3.5753	-0.1096	-0.2094	3.5475	-0.2010	-0.7808	3.2642	-0.1455	-0.7368	3.2050	0.000	
5.267	-0.1926	-0.8289	3.2189	-0.1886	-0.8781	3.1585	-0.2444	-0.9462	3.1230	0.1791	-0.2972	3.0885	-0.3389	-0.3702	3.5138	-0.1629	-0.4200	3.4588	-0.1753	-0.8124	3.2025	-0.2069	-0.8325	3.1852	0.000	
5.300	-0.1942	-0.8417	3.2127	-0.1910	-0.8798	3.1571	-0.3794	-0.8475	3.0985	0.1815	-0.2979	3.0711	-0.3466	-0.3899	3.5093	-0.1058	-0.2231	3.5527	-0.1691	-0.8187	3.1312	-0.2190	-0.8743	3.2332	0.000	
5.333	-0.1645	-0.7926	3.3192	-0.1903	-0.8795	3.1574	-0.3796	-0.8476	3.0990	0.1772	-0.2985	3.0750	-0.3346	-0.3838	3.5127	-0.1050	-0.2237	3.5540	-0.1279	-0.7411	3.2398	-0.1985	-0.8318	3.3473	0.000	
5.367	-0.2525	-0.9030	3.2888	-0.1531	-0.8552	3.1760	-0.4598	-0.7729	2.9502	0.1685	-0.2867	3.1522	-0.3128	-0.5474	3.3144	-0.1228	-0.4303	3.3923	-0.2369	-0.8845	3.2478	-0.2641	-0.9071	3.2769	0.000	
5.400	-0.1661	-0.7944	3.2991	-0.3293	-0.9155	3.0765	-0.3823	-0.8473	3.1017	0.1783	-0.2804	3.0605	-0.3251	-0.3931	3.5458	-0.1031	-0.2081	3.5551	-0.1331	-0.7512	3.2032	-0.1964	-0.8247	3.3420	0.000	
5.433	-0.2070	-0.7453	3.3564	-0.1690	-0.8444	3.1703	-0.3236	-0.9883	3.2472	0.1807	-0.2793	3.0599	-0.3304	-0.3390	3.5231	-0.1272	-0.2178	3.5586	-0.1740	-0.7328	3.2974	-0.2367	-0.7458	3.3611	0.000	
5.467	-0.1793	-0.7936	3.3014	-0.1699	-0.8487	3.1659	-0.3841	-0.8490	3.1006	0.1697	-0.2897	3.0632	-0.3332	-0.3688	3.5233	-0.0997	-0.2111	3.5602	-0.1552	-0.7590	3.2363	-0.2005	-0.8150	3.3118	0.000	
5.500	-0.1783	-0.7991	3.3003	-0.2040	-0.8809	3.1534	-0.3838	-0.8489	3.1010	0.1815	-0.2653	3.0525	-0.3357	-0.3662	3.5213	-0.0982	-0.2101	3.5637	-0.1453	-0.7712	3.2284	-0.2040	-0.8191	3.3141	0.000	
5.533	-0.2123	-0.9116	3.2298	-0.1650	-0.8890	3.1760	-0.3562	-0.8641	3.0930	0.1213	-0.3305	3.1103	-0.3709	-0.3904	3.5272	-0.1660	-0.4520	3.4296	-0.1726	-0.9016	3.1806	-0.2483	-0.9061	3.2243	0.000	
5.567	-0.2263	-0.9112	3.2434	-0.1764	-0.8840	3.1774	-0.3714	-0.7891	3.0600	0.1227	-0.3226	3.1072	-0.3667	-0.3944	3.5337	-0.1507	-0.4416	3.4227	-0.1866	-0.9049	3.1947	-0.2626	-0.9020	3.2377	0.000	
5.600	-0.2238	-0.9084	3.2422	-0.1601	-0.8726	3.1693	-0.4849	-0.7093	3.0619	0.1277	-0.3190	3.1103	-0.4034	-0.4296	3.4574	-0.1693	-0.4367	3.4534	-0.1768	-0.8969	3.1870	-0.2625	-0.9011	3.2387	0.000	
5.633	-0.2455	-0.8632	3.2799	-0.1885	-0.9134	3.1750	-0.5859	-0.7798	3.0225	0.1404	-0.2978	3.0752	-0.3529	-0.4082	3.3937	-0.1093	-0.3496	3.4924	-0.2061	-0.8752	3.2185	-0.2801	-0.8373	3.2856	0.000	
5.667	-0.2419	-0.8673	3.2797	-0.1883	-0.9130	3.1747	-0.4673	-0.7571	2.9065	0.1351	-0.2867	3.0733	-0.3543	-0.4597	3.4329	-0.1135	-0.3862	3.4443	-0.2060	-0.8807	3.2333	-0.2655	-0.8479	3.2683	0.000	
5.700	-0.2371	-0.8719	3.2854	-0.1893	-0.9158	3.1665	-0.4571	-0.7501	2.9090	0.1376	-0.2858	3.0704	-0.3462	-0.4939	3.3858	-0.1183	-0.4250	3.3880	-0.1926	-0.8827	3.2549	-0.2666	-0.8503	3.2684	0.000	
5.733	-0.2047	-0.8631	3.2473	-0.2178	-0.9154	3.1607	-0.5127	-0.6973	2.8987	0.1276	-0.2678	3.1083	-0.1846	-0.3597	3.2321	-0.1637	-0.4266	3.4563	-0.1623	-0.8604	3.2187	-0.2436	-0.8514	3.2218	0.000	
5.767	-0.2295	-0.8648	3.2632	-0.2164	-0.9126	3.1621	-0.4397	-0.7387	2.9071	0.1223	-0.2648	3.1064	-0.0761	-0.4315	3.1436	-0.1591	-0.4268	3.4463	-0.1818	-0.8635	3.2257	-0.2752	-0.8513	3.2510	0.000	
5.800	-0.2306	-0.8646	3.2616	-0.2166	-0.9100	3.1625	-0.4383	-0.7375	2.9082	0.1201	-0.2568	3.1110	-0.2389	-0.5223	3.2770	-0.1385	-0.4219	3.4134	-0.1834	-0.8636	3.2245	-0.2757	-0.8510	3.2478	0.000	
5.833	-0.2317	-0.8627	3.2617	-0.2162	-0.9100	3.1631	-0.4362	-0.7408	2.9062	0.1273	-0.2958	3.0624	-0.2427	-0.5055	3.2869	-0.1331	-0.4105	3.4191	-0.1847	-0.8624	3.2245	-0.2761	-0.8487	3.2478	0.000	
5.867	-0.2393	-0.8742	3.2619	-0.2146	-0.9096	3.1644	-0.4328	-0.7354	2.9178	0.1223	-0.2822	3.0711	-0.2095	-0.4722	3.2588	-0.1227	-0.4230	3.3776	-0.1961	-0.8796	3.2241	-0.2800	-0.8556	3.2479	0.000	
5.900	-0.2284	-0.8202	3.2775	-0.2145	-0.9084	3.1628	-0.4591	-0.8160	2.9251	0.1264	-0.2998	3.0696	-0.4162	-0.3243	3.6887	-0.0951	-0.3305	3.4814	-0.1871	-0.8327	3.2285	-0.2664	-0.7960	3.2737	0.000	
5.933	-0.2387	-0.8693	3.2643	-0.2570	-0.9041	3.1453	-0.5487	-0.7789	3.0330	0.1147	-0.2833	3.0779	-0.4450	-0.3998	3.5635	-0.1202	-0.4194	3.3751	-0.1936	-0.8721	3.2439	-0.2793	-0.8493	3.2312	0.000	
5.967	-0.2061	-0.7934	3.2995	-0.2265	-0.9244	3.1560	-0.4780	-0.8268	2.9574	0.0016	-0.4284	3.2729	-0.4487	-0.3464	3.7458	-0.2034	-0.4682	3.5712	-0.1585	-0.7952	3.2554	-0.2505	-0.7790	3.2915	0.000	
6.000	-0.2109	-0.8155	3.2301	-0.2270	-0.9171	3.1871	-0.4856	-0.8661	2.8893	0.1250	-0.3002	3.0624	-0.4151	-0.3593	3.6572	-0.1533	-0.4231	3.4142	-0.1640	-0.8173	3.1924	-0.2544	-0.8007	3.2162	0.000	
6.033	-0.2034	-0.8166	3.2283	-0.2686	-0.9073	3.1850	-0.3739	-0.8787	3.0224	0.1176	-0.2882	3.1051	-0.3334	-0.4155	3.5314	-0.1539	-0.4045	3.4528	-0.1650	-0.8193	3.2083	-0.2144	-0.8028	3.1802	0.000	
6.067	-0.1859	-0.8218	3.2192	-0.2530	-0.9119	3.1840	-0.3676	-0.8448	3.0301	0.1343	-0.2688	3.0618	-0.3325	-0.4334	3.5448	-0.0991	-0.3619	3.4573	-0.1479	-0.8107	3.1795	-0.2073	-0.8202	3.1961	0.000	
6.100	-0.2039	-0.8312	3.2372	-0.2697	-0.9115	3.1844	-0.4226	-0.8246	2.9994	0.1367	-0.2668	3.0611	-0.3182	-0.4476	3.5499	-0.1000	-0.3573	3.4585	-0.1672	-0.8192	3.1963	-0.2432	-0.8337	3.2338	0.000	
6.133	-0.2617	-0.8848	3.2538	-0.2249	-0.9133	3.1966	-0.4803	-0.7851	3.0392	0.1171	-0.2855	3.0729	-0.3103	-0.4661	3.4442	-0.1215	-0.4163	3.3710	-0.2350	-0.8771	3.1977	-0.2842	-0.8787	3.2589	0.000	
6.167	-0.2143	-0.8473	3.2736	-0.1911	-0.8775	3.1498	-0.4482	-0.7800	3.0417	0.1206	-0.2888	3.1318	-0.3269	-0.4284	3.5384	-0.0992	-0.3543	3.4651	-0.1885	-0.8359	3.2129	-0.2367	-0.8455	3.2832	0.000	
6.200	-0.2125	-0.8388	3.2594	-0.1910	-0.8774	3.1499	-0.4825	-0.7461	3.0465	0.1192	-0.2878	3.1328	-0.2981	-0.4358	3.5540	-0.0993	-0.3541	3.4645	-0.1894	-0.8326	3.2127	-0.2269	-0.8286	3.2349	0.000	
6.233	-0.1952	-0.8245	3.2323	-0.1914	-0.8778	3.1501	-0.4854	-0.7494	3.0426	0.1209	-0.2859	3.1311	-0.3206	-0.4391	3.5591	-0.0965	-0.3480	3.4655	-0.1638	-0.7998	3.1616	-0.2245	-0.8290	3.2364	0.000	
6.267	-0.2181	-0.8295	3.2162	-0.1930	-0.8809	3.1530	-0.4409	-0.7269	3.1183	0.1117	-0.3032	3.1083	-0.3406	-0.4211	3.5506	-0.0971	-0.3424	3.4653	-0.1931	-0.8147	3.1718	-0.2470	-0.8312	3.1989	0.000	
6.300	-0.2172	-0.8290	3.2171	-0.1922	-0.8804	3.1525	-0.4541	-0.7230	3.1053	0.1203	-0.2868	3.1227	-0.3338	-0.4267	3.5531	-0.0981	-0.3418	3.4647	-0.1921	-0.8141	3.1729	-0.2420	-0.8298	3.2048	0.000	
6.333	-0.2111	-0.8291	3.2191	-0.1913	-0.8792	3.1517	-0.4426	-0.7200	3.0997	0.1211	-0.2746	3.1222	-0.3399	-0.4218	3.5438	-0.1023	-0.3111	3.4742	-0.1870	-0.8131	3.1753	-0.2315	-0.8319	3.2092	0.000	
6.367	-0.2121	-0.8287	3.2190	-0.1914	-0.8791	3.1518	-0.4540	-0.7203	3.0942	0.1206	-0.2788	3.1237	-0.3336	-0.4355	3.5386	-0.1015	-0.3179	3.4759	-0.1891	-0.8121	3.1744	-0.2319	-0.8318	3.2096	0.000	
6.400	-0.2100	-0.8288	3.2213	-0.1913	-0.8787	3.1523	-0.4952	-0.7181	3.0693	0.1218	-0.2780	3.1236	-0.3413	-0.4235	3.5456	-0.0987	-0.3152	3.4776	-0.1865	-0.8120	3.1766	-0.2299	-0.8321	3.2131	0.000	
6.433	-0.2123	-0.8244	3.2202	-0.1914	-0.8764	3.1541	-0.4805	-0.7168	3.0783	0.1431	-0.2370	3.0195	-0.3298	-0.4172	3.5322	-0.1050	-0.3146	3.4769	-0.2012	-0.7966	3.1691	-0.2285	-0.8313	3.2142	0.000	
6.467	-0.2111	-0.8343	3.2099	-0.2063	-0.8915	3.1526	-0.3946	-0.7254	3.1359	0.1209	-0.2816	3.0721	-0.3304	-0.4163	3.5314	-0.1705	-0.4313	3.4152	-0.1766	-0.8351	3.1648	-0.2366	-0.8341	3.1966	0.000	
6.500	-0.2088	-0.8277	3.2135	-0.1990	-0.8835	3.1495	-0.4684	-0.8722	3.0853	0.1361	-0.2536	3.0347	-0.3331	-0.4051	3.5256	-0.1051	-0.2925	3.4881	-0.1743	-0.8078	3.1703	-0.2353	-0.8297	3.2036	0.000	
6.533	-0.1984	-0.8193	3.2143	-0.1973	-0.8831	3.1504	-0.3711	-0.7233	3.1328	0.1409	-0.2376	3.0138	-0.3362	-0.4050	3.5280	-0.1052	-0.2944	3.4894	-0.1655	-0.7938	3.1647	-0.2249	-0.8276	3.2106	0.000	
6.567	-0.2032	-0.8163	3.2135	-0.1970	-0.8825	3.1504	-0.4662	-0.8693	3.0873	0.1308	-0.2428	3.0164	-0.3379	-0.4044	3.5298	-0.1065	-0.2945	3.4903	-0.1882	-0.7851	3.1577	-0.2248	-0.8275	3.2115	0.000	
6.600	-0.2054	-0.8139	3.2138	-0.1969	-0.8817	3.1507	-0.4853	-0.7234	3.0607	0.1271	-0.2422	3.0179	-0.3295	-0.4385	3.5539	-0.1070	-0.2623	3.5054	-0.1945	-0.7789	3.1497	-0.2222	-0.8275	3.2222	0.000	
6.633	-0.2071	-0.8086	3.2157	-0.1965	-0.8810	3.1515	-0.4868	-0.7269	3.0443	0.1360	-0.2330	3.0008	-0.3306	-0.4097	3.5428	-0.1048	-0.2308	3.5195	-0.1951	-0.7751	3.1493	-0.2217	-0.8241	3.2284	0.000	
6.667	-0.1785	-0.7758	3.3221	-0.1962	-0.8809	3.1517	-0.4485	-0.8578	3.0188	0.1350	-0.2335	3.0011	-0.3315	-0.4057	3.5426	-0.1091	-0.2232	3.5196	-0.1563	-0.7394	3.2389	-0.1978	-0.8000	3.3529	0.000	
6.700	-0.2402	-0.8538	3.2638	-0.1948	-0.8747	3.1548	-0.4705	-0.8147	2.9871	0.1125	-0.2643	3.0800	-0.2979	-0.5427	3.2995	-0.1028	-0.3737	3.3866	-0.2238	-0.8354	3.2095	-0.2528	-0.8585	3.2661	0.000	
6.733	-0.1967	-0.7747	3.3316	-0.1941	-0.8757	3.1545	-0.3961	-0.8474	3.1139	0.1079	-0.2372	3.1656	-0.3226	-0.4195	3.5171	-0.0841	-0.2039	3.5254	-0.1784	-0.7570	3.2514	-0.2120	-0.7802	3.3592	0.000	
6.767	-0.1827	-0.7718	3.3236	-0.1940	-0.8759	3.1542	-0.4008	-0.8472	3.1138	0.0896	-0.2641	3.1540	-0.3115	-0.4503	3.5596	-0.0723	-0.1978	3.5208	-0.1597	-0.7517	3.2463	-0.2013	-0.7792	3.3478	0.000	
6.800	-0.2206	-0.8525	3.2321	-0.1936	-0.8764	3.1537	-0.4034	-0.8468	3.1136	0.0990	-0.2674	3.0536	-0.3239	-0.4328	3.5582	-0.1481	-0.4095	3.4424	-0.1863	-0.8482	3.1986	-0.2514	-0.8429	3.2134	0.000	
6.833	-0.2224	-0.8334	3.2183	-0.1902	-0.8746	3.1469	-0.3938	-0.8480	3.1125	0.1111	-0.2664	3.0441	-0.3350	-0.4135	3.5442	-0.1503	-0.4071	3.4389	-0.1863	-0.8312	3.1899	-0.2552	-0.8216	3.1933	0.000	
6.867	-0.2174	-0.8448	3.2260	-0.1868	-0.8754	3.1458	-0.3923	-0.8486	3.1118	0.1055	-0.2452	3.0734	-0.3742	-0.4100	3.5024	-0.1515	-0.4043	3.4430	-0.1840	-0.8350	3.1898	-0.2457	-0.8473	3.2197	0.000	
6.900	-0.2478	-0.8704	3.2355	-0.2017	-0.8569	3.1560	-0.3864	-0.8586	3.1162	0.1056	-0.2534	3.0767	-0.2764	-0.4682	3.4423	-0.1224	-0.4222	3.3655	-0.2424	-0.8647	3.1910	-0.2511	-0.8580	3.2252	0.000	
6.933	-0.2351	-0.8511	3.2555	-0.2004	-0.8284	3.1472	-0.3866	-0.8576	3.1155	0.1054	-0.2653	3.0603	-0.3395	-0.4097	3.5329	-0.0865	-0.2558	3.5104	-0.1926	-0.8429	3.1985	-0.2664	-0.8343	3.2722	0.000	
6.967	-0.2295	-0.8371	3.2697	-0.1991	-0.8395	3.1516	-0.3856	-0.8603	3.1169	0.1083	-0.2568	3.0790	-0.3406	-0.4078	3.5329	-0.0883	-0.2966	3.4805	-0.1913	-0.8363	3.2535	-0.2603	-0.8165	3.2567	0.000	
7.000	-0.2280	-0.8368	3.2680	-0.1990	-0.8418	3.1522	-0.4876	-0.9563	2.9732	0.1070	-0.2598	3.0896	-0.3353	-0.3975	3.5311	-0.0879	-0.2965	3.4798	-0.1916	-0.8387	3.2513	-0.2529	-0.8133	3.2365	0.000	
7.033	-0.2357	-0.7784	3.2368	-0.1968	-0.8647	3.1523	-0.3878	-0.8598	3.1183	0.1585	-0.1559	3.0107	-0.3435	-0.4143	3.5282	-0.0889	-0.2932	3.4861	-0.2273	-0.7616	3.2188	-0.2409	-0.7843	3.2042	0.000	
7.067	-0.2337	-0.7782	3.2357	-0.1957	-0.8672	3.1518	-0.3876	-0.8574	3.1160	0.1593	-0.2161	2.9822	-0.3442	-0.4155	3.5280	-0.0882	-0.2929	3.4864	-0.2224	-0.7611	3.2172	-0.2403	-0.7840	3.2030	0.000	
7.100	-0.2116	-0.7829	3.2668	-0.1951	-0.8686	3.1519	-0.3873	-0.8565	3.1148	0.1585	-0.2163	2.9822	0.0972	-0.2652	3.0492	-0.0884	-0.2918	3.4877	-0.2026	-0.7678	3.2534	-0.2177	-0.7857	3.2278	0.000	
7.133	-0.2089	-0.7824	3.2692	-0.1942	-0.8700	3.1503	-0.3869	-0.8557	3.1143	0.1445	-0.2347	2.9822	0.1168	-0.2371	3.0426	-0.0883	-0.2931	3.4908	-0.1974	-0.7674	3.2521	-0.2158	-0.7846	3.2376	0.000	
7.167	-0.2161	-0.7828	3.2868	-0.1939	-0.8707	3.1501	-0.3868	-0.8554	3.1142	0.1702	-0.1544	3.0154	0.0980	-0.2514	3.0627	-0.0890	-0.2916	3.4890	-0.2016	-0.7642	3.2669	-0.2267	-0.7893	3.2551	0.000	
7.200	-0.2151	-0.7871	3.2727	-0.1832	-0.8730	3.1434	-0.3721	-0.8752	3.0654	0.1410	-0.1955	3.0320	0.1097	-0.2617	3.0389	-0.0873	-0.2352	3.5088	-0.1887	-0.7691	3.2071	-0.2298	-0.7926	3.2574	0.000	
7.233	-0.2136	-0.7949	3.2702	-0.1836	-0.8728	3.1426	-0.3865	-0.8550	3.1135	0.1308	-0.2474	2.9920	0.1286	-0.2331	3.0335	-0.0876	-0.2665	3.5047	-0.1881	-0.7767	3.2129	-0.2306	-0.8011	3.2584	0.000	
7.267	-0.2331	-0.8631	3.2556	-0.1899	-0.8957	3.1484	-0.3112	-0.8723	3.0501	0.1164	-0.2714	3.0800	0.1132	-0.2682	3.0144	-0.1052	-0.3733	3.3908	-0.2117	-0.8565	3.2066	-0.2506	-0.8559	3.2523	0.000	
7.300	-0.2108	-0.8323	3.2563	-0.1894	-0.8815	3.1462	-0.3800	-0.8563	3.1147	0.0834	-0.3070	3.0726	0.1017	-0.2641	3.0375	-0.0856	-0.2634	3.4937	-0.1811	-0.8143	3.2139	-0.2360	-0.8354	3.2482	0.000	
7.333	-0.2111	-0.8324	3.2563	-0.1859	-0.8701	3.1465	-0.3809	-0.8559	3.1139	0.0957	-0.2984	3.0852	0.1017	-0.2609	3.0463	-0.0865	-0.2652	3.4929	-0.1850	-0.8154	3.2036	-0.2360	-0.8357	3.2533	0.000	
7.367	-0.2106	-0.8296	3.2589	-0.1854	-0.8692	3.1420	-0.3813	-0.8557	3.1137	0.0778	-0.3254	3.0652	0.1039	-0.2742	3.0292	-0.0868	-0.2626	3.4954	-0.1838	-0.8116	3.2002	-0.2344	-0.8297	3.2739	0.000	
7.400	-0.2107	-0.8298	3.2592	-0.1842	-0.8694	3.1412	-0.3819	-0.8554	3.1132	0.0914	-0.2977	3.0872	0.1038	-0.2696	3.0350	-0.0868	-0.2630	3.4958	-0.1844	-0.8126	3.2007	-0.2342	-0.8302	3.2731	0.000	
7.433	-0.2105	-0.8283	3.2596	-0.1859	-0.8718	3.1449	-0.3822	-0.8553	3.1131	0.0900	-0.2966	3.1021	0.1155	-0.2588	3.0300	-0.0873	-0.2572	3.5018	-0.1856	-0.8107	3.2026	-0.2313	-0.8283	3.2689	0.000	
7.467	-0.2160	-0.8290	3.2648	-0.1859	-0.8731	3.1453	-0.3826	-0.8550	3.1130	0.0881	-0.2978	3.0984	0.1116	-0.2554	3.0252	-0.0875	-0.2569	3.5018	-0.1915	-0.8125	3.2042	-0.2365	-0.8294	3.2759	0.000	
7.500	-0.2159	-0.8290	3.2637	-0.1859	-0.8736	3.1447	-0.3828	-0.8549	3.1129	0.1002	-0.2933	3.1009	0.1121	-0.2629	3.0208	-0.0883	-0.2702	3.4977	-0.1915	-0.8128	3.2046	-0.2358	-0.8290	3.2660	0.000	
7.533	-0.3063	-0.8818	3.2564	-0.1889	-0.8842	3.1543	-0.4012	-0.8347	3.0354	0.1047	-0.2725	3.0558	0.0647	-0.3677	3.0052	-0.0932	-0.4730	3.3632	-0.2950	-0.8641	3.2102	-0.3126	-0.8852	3.2498	0.000	
7.567	-0.2259	-0.8241	3.2344	-0.1904	-0.8883	3.1562	-0.3716	-0.8660	3.1240	0.0956	-0.2900	3.0625	0.0437	-0.3204	3.0697	-0.0278	-0.3706	3.3786	-0.1686	-0.8252	3.1758	-0.2794	-0.8095	3.2399	0.000	
7.600	-0.2125	-0.8323	3.2502	-0.1908	-0.8821	3.1518	-0.3797	-0.8525	3.1192	0.0982	-0.2834	3.0558	0.1092	-0.2576	3.0161	-0.0818	-0.2564	3.4952	-0.1703	-0.8372	3.2027	-0.2419	-0.8174	3.2509	0.000	
7.633	-0.2270	-0.8305	3.2614	-0.1899	-0.8575	3.1595	-0.2947	-0.8680	3.0275	0.1029	-0.2912	3.0478	0.0704	-0.2911	3.0528	-0.1015	-0.3628	3.3959	-0.1967	-0.8386	3.2516	-0.2642	-0.8096	3.2379	0.000	
7.667	-0.2281	-0.8303	3.2605	-0.1897	-0.8556	3.1605	-0.4481	-0.8988	2.9320	0.0970	-0.2812	3.0497	0.0607	-0.2930	3.0429	-0.1034	-0.3659	3.3943	-0.1955	-0.8375	3.2430	-0.2654	-0.8094	3.2359	0.000	
7.700	-0.2306	-0.7807	3.2852	-0.1902	-0.8540	3.1617	-0.3174	-0.9660	3.2795	0.0922	-0.2963	3.0523	0.0257	-0.3097	3.1141	-0.0815	-0.2064	3.5085	-0.2033	-0.8065	3.2592	-0.2526	-0.7481	3.2548	0.000	
7.733	-0.2223	-0.8065	3.2356	-0.1791	-0.8573	3.1042	-0.3169	-0.9673	3.2825	0.0961	-0.2846	3.0389	-0.0405	-0.4073	3.0951	-0.1435	-0.3788	3.4537	-0.1814	-0.8103	3.2097	-0.2596	-0.7895	3.2084	0.000	
7.767	-0.1864	-0.7401	3.2453	-0.1940	-0.8743	3.1507	-0.1285	-0.8940	3.1660	0.1332	-0.2060	2.9775	0.0454	-0.2918	3.0909	-0.0896	-0.2828	3.4844	-0.1664	-0.7330	3.2295	-0.2033	-0.7350	3.2079	0.000	
7.800	-0.1900	-0.7468	3.2459	-0.3382	-0.9315	3.0534	-0.1678	-0.8749	3.1461	0.1259	-0.1994	2.9830	0.0461	-0.2588	3.1203	-0.0913	-0.2603	3.4962	-0.1693	-0.7359	3.2089	-0.2168	-0.7636	3.2412	0.000	
7.833	-0.1960	-0.7818	3.2721	-0.2006	-0.8807	3.1507	-0.2348	-0.8969	3.1604	0.1151	-0.2094	2.9618	0.0461	-0.2550	3.1254	-0.0932	-0.2529	3.5026	-0.1684	-0.7572	3.2149	-0.2210	-0.7843	3.2717	0.000	
7.867	-0.2013	-0.7819	3.2737	-0.2011	-0.8808	3.1502	-0.2350	-0.8963	3.1584	0.0860	-0.2120	3.0219	0.0289	-0.2807	3.1119	-0.1000	-0.2476	3.5066	-0.1796	-0.7618	3.2146	-0.2238	-0.7844	3.2768	0.000	
7.900	-0.2009	-0.7819	3.2739	-0.1926	-0.8682	3.1473	-0.2664	-0.8976	3.1558	0.1207	-0.1869	2.9393	-0.0367	-0.3846	3.1469	-0.1013	-0.2326	3.5093	-0.1772	-0.7635	3.2168	-0.2233	-0.7842	3.2764	0.000	
7.933	-0.2078	-0.7835	3.2801	-0.1916	-0.8640	3.1460	-0.2665	-0.8933	3.1543	0.0981	-0.2034	2.9522	-0.4498	-0.2570	3.6866	-0.1083	-0.2340	3.5141	-0.1856	-0.7692	3.2266	-0.2284	-0.7842	3.2804	0.000	
7.967	-0.2066	-0.7895	3.2894	-0.1900	-0.8626	3.1454	-0.2234	-0.9390	3.1428	0.0725	-0.2516	3.0288	-0.4536	-0.2064	3.6747	-0.1052	-0.2270	3.5158	-0.1856	-0.8013	3.2580	-0.2268	-0.7825	3.2818	0.000	
8.000	-0.2250	-0.8611	3.2376	-0.1877	-0.8738	3.1534	-0.2445	-0.8956	3.1578	0.0649	-0.2479	3.0307	-0.3607	-0.4439	3.6622	-0.1667	-0.4229	3.4213	-0.1830	-0.8523	3.2043	-0.2633	-0.8558	3.2179	0.000	
8.033	-0.2192	-0.8418	3.2577	-0.1906	-0.8905	3.1308	-0.3103	-0.9656	3.2796	0.0508	-0.2483	3.0447	-0.3729	-0.4010	3.6497	-0.1006	-0.2348	3.5119	-0.1686	-0.8286	3.2211	-0.2654	-0.8390	3.2432	0.000	
8.067	-0.2161	-0.8312	3.2636	-0.1877	-0.8822	3.1182	-0.3114	-0.9664	3.2812	0.0441	-0.2323	3.0383	-0.3920	-0.4206	3.6678	-0.1088	-0.1952	3.5248	-0.1611	-0.8180	3.2195	-0.2674	-0.8268	3.2587	0.000	
8.100	-0.2086	-0.7868	3.2782	-0.1820	-0.8841	3.1190	-0.3125	-0.9604	3.2692	0.0256	-0.2309	3.0432	-0.3883	-0.3707	3.6941	-0.1222	-0.1848	3.5191	-0.1464	-0.7969	3.2719	-0.2667	-0.7601	3.2322	0.000	
8.133	-0.2090	-0.8169	3.2683	-0.1877	-0.8836	3.1177	-0.3148	-0.9653	3.2785	0.0128	-0.2381	3.0499	-0.3939	-0.4303	3.6315	-0.0944	-0.3110	3.4531	-0.1539	-0.8247	3.2543	-0.2599	-0.8018	3.2280	0.000	
8.167	-0.2801	-0.9037	3.2860	-0.1895	-0.8847	3.1249	-0.3151	-0.9652	3.2787	-0.0042	-0.2444	3.0765	-0.4252	-0.5986	3.5154	-0.1199	-0.4848	3.3418	-0.2501	-0.8973	3.2808	-0.3055	-0.8956	3.2383	0.000	
8.200	-0.2540	-0.8564	3.3075	-0.1888	-0.8855	3.1273	-0.3151	-0.9651	3.2786	-0.0047	-0.2028	3.0562	-0.3879	-0.4991	3.4825	-0.0910	-0.3917	3.3217	-0.2205	-0.8454	3.2806	-0.2834	-0.8536	3.2812	0.000	
8.233	-0.2421	-0.8442	3.2698	-0.1935	-0.8377	3.1381	-0.3151	-0.9650	3.2785	-0.0419	-0.2357	3.0269	-0.4081	-0.4135	3.6767	-0.1296	-0.4053	3.3406	-0.1996	-0.8368	3.2320	-0.2794	-0.8395	3.2544	0.000	
8.267	-0.2472	-0.8488	3.2659	-0.1901	-0.7988	3.1478	-0.3151	-0.9646	3.2781	-0.0520	-0.2249	3.0385	-0.4405	-0.4534	3.6738	-0.1306	-0.4106	3.3479	-0.2058	-0.8427	3.2286	-0.2840	-0.8424	3.2501	0.000	
8.300	-0.2473	-0.8430	3.2648	-0.1890	-0.7737	3.1557	-0.3154	-0.9645	3.2780	-0.0637	-0.2323	2.9986	-0.3892	-0.4197	3.6356	-0.0726	-0.3905	3.3413	-0.2057	-0.8412	3.2280	-0.2851	-0.8283	3.2487	0.000	
8.333	-0.2178	-0.7556	3.2848	-0.4378	-0.9676	3.0516	-0.3181	-0.9670	3.2846	-0.1059	-0.1552	2.9572	-0.4347	-0.3026	3.8001	-0.0938	-0.2541	3.4716	-0.1947	-0.7500	3.2499	-0.2373	-0.7490	3.2666	0.000	
8.367	-0.2186	-0.7513	3.2862	-0.4545	-0.8580	3.1099	-0.3161	-0.9665	3.2867	-0.1268	-0.2175	2.9537	-0.4371	-0.2914	3.8026	-0.0685	-0.2536	3.4876	-0.1967	-0.7450	3.2475	-0.2371	-0.7431	3.2734	0.000	
8.400	-0.2220	-0.7514	3.2864	-0.4524	-0.9731	3.0643	-0.2795	-0.9469	3.2482	-0.1497	-0.2160	2.9476	-0.4427	-0.2895	3.8032	-0.0781	-0.2507	3.4889	-0.2025	-0.7444	3.2437	-0.2403	-0.7445	3.2763	0.000	
8.433	-0.2493	-0.8198	3.2610	-0.1905	-0.8561	3.1410	-0.3216	-0.9724	3.2970	-0.1745	-0.2195	2.9530	-0.4816	-0.4722	3.6310	-0.1334	-0.4174	3.3358	-0.2232	-0.8060	3.2281	-0.2714	-0.8202	3.2410	0.000	
8.467	-0.2768	-0.8543	3.2637	-0.1910	-0.8545	3.1417	-0.2464	-0.9117	3.1662	-0.1732	-0.2597	2.9750	-0.4829	-0.4726	3.6321	-0.1382	-0.4183	3.3361	-0.2353	-0.8450	3.2219	-0.3167	-0.8507	3.2539	0.000	
8.500	-0.2758	-0.8548	3.2658	-0.2255	-0.8984	3.1271	-0.2386	-0.8655	3.1408	-0.1995	-0.2715	2.9737	-0.4840	-0.4731	3.6323	-0.1422	-0.4185	3.3347	-0.2342	-0.8455	3.2233	-0.3150	-0.8509	3.2568	0.000	
8.533	-0.2399	-0.8057	3.2082	-0.1494	-0.8228	3.0940	-0.2395	-0.8643	3.1397	-0.2304	-0.2523	2.9882	-0.4872	-0.4743	3.6343	-0.1437	-0.4197	3.3350	-0.1889	-0.8073	3.1694	-0.2871	-0.7908	3.1941	0.000	
8.567	-0.2658	-0.8522	3.2475	-0.1659	-0.8165	3.0898	-0.2412	-0.8638	3.1392	-0.2474	-0.2570	2.9847	-0.4862	-0.4833	3.6248	-0.1401	-0.4286	3.3241	-0.2249	-0.8491	3.2172	-0.3024	-0.8414	3.2252	0.000	
8.600	-0.2599	-0.8499	3.2457	-0.1658	-0.8177	3.0900	-0.2472	-0.8684	3.1350	-0.2707	-0.3050	2.9896	-0.4865	-0.4825	3.6251	-0.1410	-0.4273	3.3241	-0.2163	-0.8444	3.2103	-0.2977	-0.8405	3.2264	0.000	
8.633	-0.2655	-0.8572	3.2480	-0.1670	-0.8204	3.0869	-0.2515	-0.8702	3.1331	-0.2807	-0.3128	2.9869	-0.4904	-0.4832	3.6277	-0.1466	-0.4263	3.3243	-0.2226	-0.8522	3.2127	-0.3039	-0.8485	3.2297	0.000	
8.667	-0.2682	-0.8588	3.2497	-0.1684	-0.8262	3.0859	-0.2367	-0.8742	3.1274	-0.3079	-0.3117	2.9966	-0.4840	-0.4817	3.6247	-0.1418	-0.4249	3.3211	-0.2280	-0.8566	3.2229	-0.3059	-0.8491	3.2283	0.000	
8.700	-0.2638	-0.8265	3.2152	-0.1688	-0.8291	3.0791	-0.2533	-0.8757	3.1306	-0.3224	-0.3214	3.0116	-0.4895	-0.4816	3.6166	-0.1458	-0.4266	3.3158	-0.2114	-0.8283	3.1678	-0.3109	-0.8136	3.2101	0.000	
8.733	-0.2807	-0.8879	3.2449	-0.2786	-0.8110	3.0767	-0.3768	-0.8949	3.0901	-0.3481	-0.3064	3.0394	-0.5308	-0.5108	3.6203	-0.1769	-0.4579	3.3186	-0.2358	-0.8820	3.2016	-0.3210	-0.8794	3.2359	0.000	
8.767	-0.2832	-0.8860	3.2460	-0.2714	-0.8202	3.0672	-0.2821	-0.8635	3.1212	-0.3653	-0.3315	3.0349	-0.5266	-0.5066	3.6154	-0.1709	-0.4520	3.3108	-0.2383	-0.8813	3.2053	-0.3250	-0.8754	3.2346	0.000	
8.800	-0.2996	-0.8754	3.2389	-0.2154	-0.8586	3.0835	-0.2819	-0.8631	3.1208	-0.3736	-0.3510	3.0557	-0.5048	-0.4917	3.5953	-0.1549	-0.4390	3.2963	-0.2508	-0.8731	3.1981	-0.3435	-0.8633	3.2277	0.000	
8.833	-0.3003	-0.8752	3.2383	-0.2558	-0.9064	3.0996	-0.2824	-0.8626	3.1208	-0.3830	-0.3561	3.0585	-0.5165	-0.4981	3.5999	-0.1673	-0.4418	3.2956	-0.2541	-0.8713	3.1995	-0.3435	-0.8642	3.2245	0.000	
8.867	-0.3098	-0.8751	3.2393	-0.2454	-0.8991	3.0903	-0.2824	-0.8629	3.1207	-0.3997	-0.3808	3.0619	-0.4193	-0.3646	3.0775	-0.1830	-0.4476	3.2940	-0.2680	-0.8686	3.2033	-0.3487	-0.8660	3.2238	0.000	
8.900	-0.3085	-0.8761	3.2390	-0.2436	-0.8996	3.0895	-0.2823	-0.8627	3.1204	-0.4027	-0.3826	3.0636	-0.4295	-0.3666	3.0793	-0.1841	-0.4467	3.2930	-0.2660	-0.8703	3.2040	-0.3469	-0.8672	3.2222	0.000	
8.933	-0.3095	-0.8776	3.2368	-0.2975	-0.9413	3.1015	-0.2822	-0.8626	3.1202	-0.4275	-0.3952	3.0835	-0.4332	-0.3708	3.0806	-0.1872	-0.4507	3.2907	-0.2670	-0.8718	3.2023	-0.3478	-0.8690	3.2190	0.000	
8.967	-0.3057	-0.8819	3.2384	-0.4566	-0.8698	3.1523	-0.2825	-0.8623	3.1199	-0.4366	-0.4100	3.0940	-0.4415	-0.3809	3.0880	-0.1961	-0.4408	3.2584	-0.2622	-0.8770	3.2047	-0.3444	-0.8726	3.2200	0.000	
9.000	-0.3171	-0.8910	3.2611	-0.3711	-0.9787	3.0877	-0.2826	-0.8622	3.1199	-0.4406	-0.4281	3.0742	-0.4386	-0.3950	3.0919	-0.2141	-0.4679	3.1609	-0.2764	-0.8890	3.2333	-0.3530	-0.8789	3.2371	0.000	
9.033	-0.2940	-0.8584	3.1970	-0.3697	-0.9637	3.0990	-0.3232	-0.8300	3.1336	-0.4438	-0.4422	3.0986	-0.4374	-0.4024	3.0918	-0.2166	-0.4776	3.1633	-0.2433	-0.8457	3.1698	-0.3399	-0.8569	3.1717	0.000	
9.067	-0.2939	-0.8568	3.1760	-0.4165	-0.9730	3.0933	-0.3285	-0.8505	3.1380	-0.4461	-0.4567	3.1008	-0.4238	-0.4362	3.0902	-0.2338	-0.5226	3.1743	-0.2319	-0.8345	3.1460	-0.3508	-0.8644	3.1469	0.000	
9.100	-0.3379	-0.9175	3.2473	-0.4576	-0.8710	3.1496	-0.3431	-0.8256	3.1255	-0.4517	-0.4752	3.1069	-0.4188	-0.4355	3.0894	-0.2226	-0.4782	3.1428	-0.2921	-0.9192	3.2239	-0.3782	-0.9011	3.2182	0.000	
9.133	-0.3038	-0.9209	3.2556	-0.4345	-0.8712	3.1392	-0.3936	-0.9183	3.1296	-0.4508	-0.4913	3.0778	-0.4067	-0.4562	3.0811	-0.2210	-0.4780	3.1430	-0.2485	-0.9157	3.2487	-0.3486	-0.9101	3.2145	0.000	
9.167	-0.3340	-0.9337	3.2672	-0.4066	-0.9642	3.0827	-0.3909	-0.9138	3.1250	-0.4466	-0.4944	3.0790	-0.4166	-0.4479	3.0923	-0.2403	-0.5445	3.1727	-0.3025	-0.9354	3.2442	-0.3674	-0.9197	3.2364	0.000	
9.200	-0.3273	-0.9188	3.2551	-0.4466	-0.9703	3.0829	-0.4003	-0.8999	3.1327	-0.4405	-0.5353	3.0524	-0.4148	-0.4591	3.0976	-0.2150	-0.4787	3.1442	-0.2872	-0.9232	3.2401	-0.3643	-0.8941	3.2105	0.000	
9.233	-0.3260	-0.9156	3.2544	-0.4301	-0.9680	3.0785	-0.3993	-0.8988	3.1319	-0.4403	-0.5353	3.0525	-0.4135	-0.4631	3.0972	-0.2142	-0.4780	3.1417	-0.2818	-0.9176	3.2386	-0.3645	-0.8935	3.2114	0.000	
9.267	-0.3283	-0.9244	3.2643	-0.3841	-0.9615	3.0580	-0.3881	-0.9050	3.1276	-0.4407	-0.5353	3.0517	-0.5364	-0.4852	3.0737	-0.2342	-0.5400	3.1643	-0.2880	-0.9271	3.2513	-0.3635	-0.9082	3.2263	0.000	
9.300	-0.3419	-0.9189	3.2666	-0.4017	-0.9589	3.0748	-0.3985	-0.8922	3.1246	-0.4417	-0.5360	3.0518	-0.5185	-0.4865	3.0651	-0.2082	-0.4953	3.1516	-0.2982	-0.9227	3.2500	-0.3815	-0.9005	3.2327	0.000	
9.333	-0.3377	-0.9166	3.2627	-0.3740	-0.9523	3.0632	-0.3983	-0.8935	3.1280	-0.4420	-0.5368	3.0516	-0.5128	-0.4876	3.0637	-0.2122	-0.4772	3.1413	-0.2917	-0.9196	3.2485	-0.3778	-0.8983	3.2237	0.000	
9.367	-0.3354	-0.9133	3.2618	-0.3783	-0.9552	3.0644	-0.3984	-0.8936	3.1311	-0.4412	-0.5354	3.0571	-0.5117	-0.4885	3.0635	-0.2119	-0.4780	3.1411	-0.2896	-0.9157	3.2509	-0.3747	-0.8946	3.2191	0.000	
9.400	-0.3261	-0.9024	3.2559	-0.3976	-0.9621	3.0645	-0.4062	-0.8964	3.1379	-0.4405	-0.5392	3.0580	-0.5182	-0.4948	3.0646	-0.2114	-0.4777	3.1410	-0.2821	-0.9081	3.2534	-0.3628	-0.8791	3.2006	0.000	
9.433	-0.3245	-0.9049	3.2575	-0.4327	-0.9630	3.0732	-0.3984	-0.9006	3.1335	-0.4410	-0.5412	3.0576	-0.5176	-0.4953	3.0645	-0.2110	-0.4786	3.1394	-0.2812	-0.9083	3.2542	-0.3606	-0.8896	3.2071	0.000	
9.467	-0.3289	-0.9264	3.2468	-0.4275	-0.9643	3.0756	-0.3852	-0.9116	3.1323	-0.4602	-0.5366	3.0691	-0.5139	-0.4980	3.0643	-0.2274	-0.5525	3.1740	-0.2908	-0.9286	3.2382	-0.3616	-0.9100	3.2023	0.000	
9.500	-0.3381	-0.9059	3.2497	-0.3641	-0.9447	3.0934	-0.3974	-0.8988	3.1345	-0.4518	-0.5375	3.0703	-0.6583	-0.4364	3.0929	-0.2011	-0.5087	3.1590	-0.3072	-0.9053	3.2438	-0.3653	-0.8907	3.2037	0.000	
9.533	-0.3391	-0.8976	3.2480	-0.3721	-0.9496	3.0966	-0.4045	-0.8941	3.1382	-0.4531	-0.5407	3.0699	-0.6035	-0.4612	3.1036	-0.2019	-0.5022	3.1551	-0.3081	-0.9003	3.2452	-0.3654	-0.8782	3.1969	0.000	
9.567	-0.3377	-0.8954	3.2463	-0.3297	-0.8991	3.1090	-0.4046	-0.8947	3.1385	-0.4501	-0.5439	3.0674	-0.5875	-0.4646	3.0976	-0.2005	-0.5039	3.1544	-0.3072	-0.8990	3.2447	-0.3635	-0.8758	3.1942	0.000	
9.600	-0.3381	-0.8950	3.2453	-0.3392	-0.9151	3.1080	-0.4044	-0.8947	3.1383	-0.4487	-0.5458	3.0679	-0.6063	-0.4657	3.0797	-0.2006	-0.5057	3.1557	-0.3077	-0.8990	3.2413	-0.3637	-0.8756	3.1943	0.000	
9.633	-0.3372	-0.8956	3.2458	-0.3348	-0.9087	3.1094	-0.4049	-0.8967	3.1337	-0.4480	-0.5472	3.0691	-0.5994	-0.4692	3.0782	-0.2003	-0.5025	3.1526	-0.3069	-0.8996	3.2411	-0.3618	-0.8766	3.1972	0.000	
9.667	-0.3383	-0.8972	3.2500	-0.3334	-0.9088	3.1108	-0.4038	-0.8967	3.1286	-0.4468	-0.5491	3.0701	-0.5999	-0.4687	3.0785	-0.2005	-0.5037	3.1525	-0.3079	-0.9000	3.2423	-0.3630	-0.8809	3.2075	0.000	
9.700	-0.3392	-0.8969	3.2495	-0.3302	-0.8988	3.1133	-0.4072	-0.8967	3.1243	-0.4449	-0.5500	3.0668	-0.6000	-0.4650	3.0910	-0.2002	-0.5035	3.1528	-0.3089	-0.8997	3.2420	-0.3640	-0.8804	3.2063	0.000	
9.733	-0.3401	-0.8982	3.2492	-0.3330	-0.9032	3.1131	-0.4065	-0.8963	3.1235	-0.4449	-0.5501	3.0670	-0.5933	-0.4712	3.0964	-0.1992	-0.5058	3.1549	-0.3107	-0.9023	3.2374	-0.3653	-0.8818	3.2086	0.000	
9.767	-0.3394	-0.8981	3.2481	-0.3340	-0.9096	3.1074	-0.4061	-0.8972	3.1248	-0.4700	-0.5331	3.0770	-0.5913	-0.4718	3.0969	-0.1971	-0.5073	3.1580	-0.3099	-0.9025	3.2377	-0.3637	-0.8802	3.2034	0.000	
9.800	-0.3395	-0.8976	3.2477	-0.4057	-0.9738	3.1002	-0.4056	-0.8968	3.1252	-0.4701	-0.5325	3.0785	-0.5895	-0.4722	3.0949	-0.1958	-0.5061	3.1590	-0.3101	-0.9017	3.2369	-0.3639	-0.8798	3.2037	0.000	
9.833	-0.2821	-0.8697	3.2209	-0.3898	-0.9678	3.0882	-0.3953	-0.9249	3.1311	-0.4535	-0.5446	3.0779	-0.5849	-0.4730	3.1011	-0.1971	-0.5040	3.1554	-0.2415	-0.8749	3.2332	-0.3180	-0.8504	3.1564	0.000	
9.867	-0.3351	-0.9003	3.2396	-0.3433	-0.9077	3.0854	-0.3855	-0.8946	3.1261	-0.4393	-0.5459	3.0781	-0.5843	-0.4731	3.1012	-0.1967	-0.5146	3.1549	-0.3044	-0.9102	3.2466	-0.3604	-0.8759	3.1806	0.000	
9.900	-0.3326	-0.9005	3.2376	-0.3762	-0.9166	3.1182	-0.3918	-0.8982	3.1291	-0.4496	-0.5481	3.0778	-0.5838	-0.4736	3.0987	-0.1951	-0.4996	3.1510	-0.3001	-0.9090	3.2381	-0.3582	-0.8768	3.1814	0.000	
9.933	-0.3382	-0.8902	3.2372	-0.5617	-0.9656	3.1041	-0.4008	-0.8943	3.1325	-0.4492	-0.5484	3.0782	-0.5851	-0.4726	3.0997	-0.1934	-0.5039	3.1545	-0.3084	-0.8941	3.2474	-0.3639	-0.8680	3.1749	0.000	
9.967	-0.3390	-0.8896	3.2389	-0.3181	-0.8991	3.1200	-0.4055	-0.8916	3.1289	-0.4490	-0.5484	3.0783	-0.5842	-0.4723	3.1046	-0.1902	-0.5031	3.1594	-0.3086	-0.8941	3.2472	-0.3654	-0.8674	3.1832	0.000	
10.000	-0.3218	-0.8673	3.2094	-0.3002	-0.8427	3.1374	-0.4090	-0.8959	3.1360	-0.4488	-0.5484	3.0786	-0.5688	-0.4796	3.0986	-0.1902	-0.5002	3.1583	-0.2773	-0.8702	3.2012	-0.3600	-0.8527	3.1670	0.000	
10.033	-0.3142	-0.8731	3.1999	-0.2735	-0.8525	3.1380	-0.3916	-0.9030	3.1272	-0.4585	-0.5429	3.0880	-0.5670	-0.4802	3.0981	-0.1941	-0.5093	3.1591	-0.2573	-0.8861	3.1612	-0.3587	-0.8533	3.1675	0.000	
10.067	-0.3264	-0.9061	3.2380	-0.3132	-0.8830	3.1166	-0.3952	-0.9052	3.1151	-0.4515	-0.5421	3.0815	-0.6063	-0.4538	3.1129	-0.1934	-0.5092	3.1595	-0.2895	-0.9142	3.2364	-0.3582	-0.8750	3.1821	0.000	
10.100	-0.3185	-0.9262	3.2324	-0.3150	-0.9185	3.1050	-0.3824	-0.9275	3.1128	-0.4496	-0.5438	3.0829	-0.5922	-0.4905	3.1107	-0.2170	-0.5644	3.1816	-0.2818	-0.9328	3.2202	-0.3463	-0.9140	3.1924	0.000	
10.133	-0.3219	-0.9255	3.2322	-0.3033	-0.8917	3.1199	-0.3902	-0.9199	3.1156	-0.4496	-0.5438	3.0833	-0.6135	-0.4627	3.1141	-0.1876	-0.5052	3.1629	-0.2831	-0.9321	3.2200	-0.3568	-0.9090	3.1923	0.000	
10.167	-0.3238	-0.9213	3.2313	-0.3128	-0.9340	3.0993	-0.2553	-0.8974	3.0955	-0.4485	-0.5438	3.0855	-0.5789	-0.4740	3.0990	-0.1832	-0.5048	3.1657	-0.2862	-0.9282	3.2175	-0.3577	-0.9005	3.1934	0.000	
10.200	-0.3277	-0.9148	3.2391	-0.3207	-0.9330	3.0988	-0.2544	-0.8978	3.0955	-0.4479	-0.5447	3.0839	-0.5676	-0.4984	3.0013	-0.1829	-0.5044	3.1659	-0.2917	-0.9218	3.2266	-0.3595	-0.8935	3.2002	0.000	
10.233	-0.3287	-0.9110	3.2334	-0.3166	-0.9299	3.1023	-0.2542	-0.8989	3.0948	-0.4478	-0.5453	3.0833	-0.5241	-0.4987	2.9532	-0.1847	-0.5028	3.1647	-0.2923	-0.9180	3.2168	-0.3605	-0.8896	3.1972	0.000	
10.267	-0.3284	-0.9117	3.2324	-0.3153	-0.8918	3.1219	-0.2541	-0.8989	3.0949	-0.4473	-0.5470	3.0793	-0.5244	-0.4988	2.9506	-0.1844	-0.5024	3.1644	-0.2919	-0.9185	3.2138	-0.3600	-0.8906	3.1973	0.000	
10.300	-0.3124	-0.9169	3.2248	-0.3104	-0.9229	3.1082	-0.2547	-0.8992	3.0945	-0.4477	-0.5471	3.0797	-0.5232	-0.5044	2.9501	-0.1861	-0.5002	3.1634	-0.2704	-0.9251	3.1953	-0.3473	-0.8948	3.1980	0.000	
10.333	-0.3182	-0.9159	3.2286	-0.3788	-0.9536	3.0991	-0.2546	-0.8992	3.0946	-0.4467	-0.5479	3.0807	-0.5237	-0.5021	2.9511	-0.1859	-0.4998	3.1636	-0.2842	-0.9214	3.2111	-0.3501	-0.8947	3.1982	0.000	
10.367	-0.3232	-0.8968	3.2265	-0.3212	-0.9149	3.1182	-0.2542	-0.8994	3.0945	-0.4465	-0.5481	3.0803	-0.5250	-0.5049	2.9493	-0.1857	-0.4995	3.1631	-0.2913	-0.8991	3.2303	-0.3536	-0.8658	3.1656	0.000	
10.400	-0.3216	-0.8934	3.2265	-0.4693	-0.8701	3.1558	-0.2531	-0.9006	3.0958	-0.4463	-0.5482	3.0804	-0.5255	-0.5067	2.9490	-0.1816	-0.4986	3.1655	-0.2899	-0.8975	3.2313	-0.3520	-0.8652	3.1658	0.000	
10.433	-0.3220	-0.8911	3.2262	-0.3152	-0.9042	3.1100	-0.2530	-0.9006	3.0958	-0.4624	-0.5373	3.0828	-0.5254	-0.5068	2.9488	-0.1806	-0.4989	3.1659	-0.2898	-0.8967	3.2312	-0.3521	-0.8646	3.1660	0.000	
10.467	-0.3219	-0.8919	3.2280	-0.3646	-0.9746	3.1007	-0.2548	-0.8998	3.0957	-0.4539	-0.5443	3.0820	-0.5250	-0.5070	2.9485	-0.1802	-0.4988	3.1657	-0.2895	-0.8976	3.2316	-0.3512	-0.8683	3.1742	0.000	
10.500	-0.3183	-0.8875	3.2367	-0.3102	-0.8993	3.1217	-0.2549	-0.9015	3.0963	-0.4519	-0.5451	3.0810	-0.5233	-0.5085	2.9470	-0.1801	-0.4988	3.1657	-0.2838	-0.8893	3.2520	-0.3491	-0.8675	3.1759	0.000	
10.533	-0.3081	-0.8592	3.2057	-0.3250	-0.8748	3.1245	-0.2548	-0.9014	3.0953	-0.4512	-0.5461	3.0800	-0.5310	-0.5133	2.9508	-0.1800	-0.4986	3.1656	-0.2639	-0.8603	3.2165	-0.3461	-0.8420	3.1416	0.000	
10.567	-0.3032	-0.8634	3.2018	-0.2491	-0.8707	3.1311	-0.2538	-0.9026	3.0953	-0.4703	-0.5217	3.0815	-0.5256	-0.4985	2.9515	-0.1826	-0.5027	3.1625	-0.2576	-0.8689	3.2111	-0.3430	-0.8438	3.1396	0.000	
10.600	-0.3126	-0.9149	3.2232	-0.2571	-0.8717	3.1285	-0.3549	-0.8974	3.1023	-0.4612	-0.5305	3.0838	-0.5253	-0.4976	2.9468	-0.1890	-0.5279	3.1646	-0.2785	-0.9232	3.2195	-0.3418	-0.8921	3.1759	0.000	
10.633	-0.3200	-0.8777	3.2443	-0.7092	-0.9142	3.1269	-0.3828	-0.8950	3.1164	-0.4500	-0.5448	3.0733	-0.5247	-0.4989	2.9505	-0.1780	-0.4845	3.1535	-0.2857	-0.8774	3.2576	-0.3480	-0.8677	3.1813	0.000	
10.667	-0.3303	-0.8950	3.2361	-0.4057	-0.9605	3.0014	-0.3852	-0.8917	3.1166	-0.4491	-0.5455	3.0749	-0.5239	-0.5019	2.9481	-0.1838	-0.5095	3.1610	-0.3038	-0.9141	3.2193	-0.3544	-0.8732	3.1865	0.000	
10.700	-0.3406	-0.8964	3.2371	-0.1760	-0.8235	3.1071	-0.3885	-0.8824	3.1180	-0.4480	-0.5460	3.0772	-0.5235	-0.5032	2.9482	-0.1830	-0.5104	3.1593	-0.3106	-0.9106	3.2260	-0.3694	-0.8748	3.1893	0.000	
10.733	-0.3059	-0.8715	3.1912	-0.1764	-0.8234	3.1099	-0.3863	-0.9034	3.1263	-0.4484	-0.5451	3.0782	-0.5230	-0.5076	2.9504	-0.1820	-0.5102	3.1597	-0.2667	-0.8825	3.1862	-0.3402	-0.8465	3.1450	0.000	
10.767	-0.3074	-0.8725	3.1914	-0.2203	-0.8217	3.1163	-0.3508	-0.8944	3.1163	-0.4490	-0.5454	3.0789	-0.5234	-0.5033	2.9504	-0.1800	-0.5124	3.1616	-0.2680	-0.8847	3.1971	-0.3467	-0.8495	3.1347	0.000	
10.800	-0.3361	-0.9059	3.2293	-0.2121	-0.8154	3.1220	-0.3671	-0.8789	3.1166	-0.4700	-0.5339	3.0760	-0.5236	-0.5020	2.9503	-0.1909	-0.5196	3.1540	-0.3027	-0.9163	3.2264	-0.3641	-0.8811	3.1812	0.000	
10.833	-0.3352	-0.9045	3.2278	-0.2122	-0.8185	3.1224	-0.3787	-0.8855	3.1175	-0.4721	-0.5206	3.0908	-0.5237	-0.4993	2.9488	-0.1445	-0.5163	3.2019	-0.3005	-0.9125	3.2229	-0.3639	-0.8810	3.1808	0.000	
10.867	-0.3441	-0.8988	3.2275	-0.2151	-0.8321	3.1206	-0.3815	-0.8776	3.1200	-0.4739	-0.5198	3.0910	-0.5223	-0.5052	2.9477	-0.1319	-0.5251	3.2241	-0.3087	-0.9063	3.2223	-0.3738	-0.8764	3.1812	0.000	
10.900	-0.3123	-0.8585	3.2078	-0.1782	-0.8280	3.1172	-0.3858	-0.8863	3.1374	-0.4480	-0.5391	3.0851	-0.5192	-0.5086	2.9447	-0.1327	-0.5265	3.2239	-0.2684	-0.8687	3.2149	-0.3512	-0.8345	3.1495	0.000	
10.933	-0.3076	-0.8927	3.2257	-0.1652	-0.8235	3.1087	-0.3549	-0.8945	3.1114	-0.4772	-0.5150	3.0785	-0.5215	-0.5031	2.9411	-0.1340	-0.5324	3.2144	-0.2773	-0.9095	3.2293	-0.3325	-0.8662	3.1733	0.000	
10.967	-0.3277	-0.8847	3.2290	-0.1689	-0.8233	3.1111	-0.3826	-0.8842	3.1258	-0.4696	-0.5221	3.0788	-0.5211	-0.5044	2.9414	-0.1298	-0.5297	3.2222	-0.2985	-0.8955	3.2312	-0.3532	-0.8604	3.1767	0.000	
11.000	-0.3426	-0.9454	3.2020	-0.1695	-0.7556	3.1326	-0.3459	-0.9102	3.1189	-0.5039	-0.5101	3.0792	-0.5199	-0.5129	2.9484	-0.2336	-0.6267	3.2416	-0.3097	-0.9505	3.1879	-0.3701	-0.9253	3.1652	0.000	
11.033	-0.3171	-0.8977	3.2317	-0.2153	-0.8147	3.1300	-0.3688	-0.8903	3.1223	-0.4727	-0.5197	3.0890	-0.5196	-0.5124	2.9491	-0.1370	-0.5235	3.2175	-0.2828	-0.9050	3.2229	-0.3465	-0.8763	3.1894	0.000	
11.067	-0.3284	-0.8993	3.2298	-0.2468	-0.8150	3.1353	-0.3723	-0.8846	3.1229	-0.4473	-0.5489	3.0793	-0.5214	-0.5057	2.9518	-0.1371	-0.5261	3.2189	-0.2959	-0.9090	3.2194	-0.3563	-0.8758	3.1889	0.000	
11.100	-0.3235	-0.8964	3.2288	-0.2320	-0.8157	3.1332	-0.3727	-0.8884	3.1271	-0.4472	-0.5489	3.0800	-0.5102	-0.5035	2.9391	-0.1341	-0.5243	3.2204	-0.2898	-0.9060	3.2223	-0.3506	-0.8716	3.1831	0.000	
11.133	-0.3258	-0.8962	3.2301	-0.2403	-0.8153	3.1345	-0.3739	-0.8862	3.1272	-0.4473	-0.5484	3.0817	-0.5302	-0.4979	2.9474	-0.1610	-0.4941	3.1689	-0.2919	-0.9059	3.2244	-0.3540	-0.8715	3.1841	0.000	
11.167	-0.3242	-0.8950	3.2280	-0.2307	-0.8148	3.1332	-0.3769	-0.8886	3.1279	-0.4484	-0.5471	3.0833	-0.5243	-0.5010	2.9614	-0.1411	-0.5209	3.2017	-0.2908	-0.9053	3.2239	-0.3520	-0.8697	3.1798	0.000	
11.200	-0.3251	-0.8930	3.2275	-0.2427	-0.8148	3.1354	-0.3784	-0.8874	3.1301	-0.4488	-0.5469	3.0845	-0.5231	-0.5067	2.9580	-0.1340	-0.5166	3.2122	-0.2906	-0.9030	3.2234	-0.3545	-0.8679	3.1794	0.000	
11.233	-0.3281	-0.8942	3.2263	-0.2455	-0.8045	3.1414	-0.3804	-0.8858	3.1302	-0.4488	-0.5469	3.0847	-0.5231	-0.5056	2.9579	-0.1302	-0.5204	3.2201	-0.2940	-0.9052	3.2193	-0.3582	-0.8690	3.1807	0.000	
11.267	-0.3129	-0.8737	3.2003	-0.2451	-0.8058	3.1408	-0.3823	-0.8931	3.1377	-0.4488	-0.5464	3.0845	-0.5263	-0.5032	2.9508	-0.1514	-0.5216	3.2045	-0.2694	-0.8827	3.1980	-0.3506	-0.8498	3.1502	0.000	
11.300	-0.2996	-0.8737	3.1971	-0.2395	-0.8309	3.1317	-0.4232	-0.9155	3.1314	-0.4644	-0.5228	3.0793	-0.5229	-0.4999	2.9518	-0.1510	-0.5221	3.2048	-0.2582	-0.8830	3.2021	-0.3328	-0.8501	3.1373	0.000	
11.333	-0.2957	-0.8752	3.1937	-0.1986	-0.8165	3.1199	-0.4147	-0.9110	3.1313	-0.4615	-0.5410	3.0675	-0.5056	-0.4997	2.9357	-0.1512	-0.5220	3.2039	-0.2520	-0.8840	3.1967	-0.3319	-0.8513	3.1366	0.000	
11.367	-0.3051	-0.8918	3.2202	-0.1948	-0.7885	3.1186	-0.4857	-0.9138	3.1482	-0.4654	-0.5256	3.0807	-0.5224	-0.4961	2.9433	-0.1541	-0.5214	3.2028	-0.2713	-0.9063	3.2374	-0.3364	-0.8651	3.1562	0.000	
11.400	-0.3231	-0.8894	3.2210	-0.2187	-0.8624	3.1148	-0.4816	-0.9113	3.1399	-0.4654	-0.5252	3.0825	-0.5223	-0.4984	2.9420	-0.1617	-0.5018	3.1748	-0.2965	-0.8934	3.2189	-0.3550	-0.8693	3.1708	0.000	
11.433	-0.3258	-0.8863	3.2216	-0.2067	-0.8740	3.1102	-0.4854	-0.9115	3.1385	-0.4653	-0.5261	3.0824	-0.5221	-0.5022	2.9417	-0.1682	-0.5060	3.1690	-0.2983	-0.8904	3.2210	-0.3553	-0.8675	3.1704	0.000	
11.467	-0.3202	-0.8835	3.2040	-0.2059	-0.8261	3.1284	-0.4860	-0.9152	3.1413	-0.4473	-0.5454	3.0812	-0.5429	-0.5064	2.9755	-0.1678	-0.5047	3.1695	-0.2799	-0.8938	3.1900	-0.3535	-0.8614	3.1606	0.000	
11.500	-0.3140	-0.8851	3.2035	-0.1856	-0.7777	3.1525	-0.4441	-0.9493	3.1068	-0.4640	-0.5219	3.0698	-0.5324	-0.5010	2.9771	-0.1657	-0.5015	3.1755	-0.2698	-0.8999	3.2087	-0.3427	-0.8600	3.1456	0.000	
11.533	-0.3045	-0.8964	3.2120	-0.2265	-0.8329	3.1238	-0.3508	-0.8996	3.1030	-0.4483	-0.5460	3.0617	-0.5026	-0.5031	2.9349	-0.1660	-0.5005	3.1765	-0.2683	-0.9031	3.2101	-0.3300	-0.8779	3.1653	0.000	
11.567	-0.3103	-0.8933	3.2155	-0.2290	-0.8317	3.1257	-0.3709	-0.9064	3.1123	-0.4480	-0.5475	3.0695	-0.5274	-0.5061	2.9452	-0.1686	-0.5004	3.1737	-0.2793	-0.8968	3.2167	-0.3352	-0.8757	3.1664	0.000	
11.600	-0.3116	-0.8911	3.2164	-0.2278	-0.8290	3.1251	-0.3782	-0.9068	3.1134	-0.4480	-0.5477	3.0707	-0.5242	-0.5015	2.9498	-0.1506	-0.5059	3.1866	-0.2804	-0.8946	3.2169	-0.3368	-0.8735	3.1674	0.000	
11.633	-0.3201	-0.9313	3.2202	-0.1798	-0.8124	3.1217	-0.3627	-0.9233	3.1053	-0.4490	-0.5457	3.0765	-0.5270	-0.5139	2.9437	-0.2209	-0.5811	3.1884	-0.2874	-0.9282	3.2140	-0.3479	-0.9211	3.1770	0.000	
11.667	-0.3236	-0.8912	3.2274	-0.1768	-0.8165	3.1179	-0.3929	-0.8952	3.1098	-0.4490	-0.5458	3.0796	-0.5216	-0.5147	2.9468	-0.1763	-0.4824	3.1592	-0.2926	-0.8957	3.2118	-0.3492	-0.8709	3.1942	0.000	
11.700	-0.3275	-0.8847	3.2263	-0.1844	-0.8191	3.1183	-0.3994	-0.8923	3.1139	-0.4487	-0.5457	3.0798	-0.5204	-0.5143	2.9454	-0.1764	-0.4865	3.1593	-0.2986	-0.8871	3.2178	-0.3534	-0.8636	3.1836	0.000	
11.733	-0.3224	-0.8872	3.2279	-0.2186	-0.8181	3.1240	-0.3955	-0.8977	3.1135	-0.4237	-0.5500	3.0723	-0.5225	-0.5126	2.9447	-0.1792	-0.4868	3.1561	-0.2916	-0.8900	3.2198	-0.3481	-0.8680	3.1853	0.000	
11.767	-0.3228	-0.8872	3.2279	-0.2525	-0.8213	3.1378	-0.3965	-0.8976	3.1138	-0.4335	-0.5497	3.0785	-0.5227	-0.5040	2.9454	-0.1792	-0.4879	3.1550	-0.2922	-0.8901	3.2196	-0.3484	-0.8681	3.1853	0.000	
11.800	-0.3244	-0.8844	3.2270	-0.2036	-0.8102	3.1427	-0.3969	-0.8967	3.1144	-0.4389	-0.5466	3.0817	-0.5105	-0.4987	2.9275	-0.1792	-0.4918	3.1569	-0.2946	-0.8872	3.2199	-0.3493	-0.8658	3.1832	0.000	
11.833	-0.3295	-0.8854	3.2272	-0.2039	-0.8138	3.1421	-0.3988	-0.8941	3.1148	-0.4399	-0.5467	3.0813	-0.5169	-0.5038	2.9394	-0.1783	-0.4922	3.1598	-0.2998	-0.8882	3.2201	-0.3542	-0.8675	3.1834	0.000	
11.867	-0.3188	-0.8830	3.2247	-0.2038	-0.8146	3.1416	-0.3919	-0.9018	3.1144	-0.4408	-0.5467	3.0799	-0.5096	-0.4999	2.9301	-0.1800	-0.4926	3.1586	-0.2905	-0.8856	3.2211	-0.3410	-0.8658	3.1762	0.000	
11.900	-0.3254	-0.8847	3.2258	-0.1916	-0.8225	3.1351	-0.3961	-0.8967	3.1163	-0.4408	-0.5468	3.0799	-0.5382	-0.5090	2.9777	-0.1788	-0.4959	3.1603	-0.2956	-0.8879	3.2209	-0.3505	-0.8670	3.1796	0.000	
11.933	-0.3471	-0.9514	3.2188	-0.1915	-0.8312	3.1141	-0.3675	-0.9230	3.1072	-0.4416	-0.5469	3.0801	-0.5241	-0.4887	2.9552	-0.2565	-0.6177	3.1978	-0.3152	-0.9524	3.2001	-0.3736	-0.9354	3.1866	0.000	
11.967	-0.3415	-0.8826	3.2313	-0.2273	-0.8302	3.1175	-0.4053	-0.8810	3.1163	-0.4425	-0.5470	3.0797	-0.5244	-0.4914	2.9500	-0.1808	-0.4797	3.1531	-0.3078	-0.8862	3.2185	-0.3697	-0.8651	3.1929	0.000	
12.000	-0.3372	-0.8730	3.2117	-0.1708	-0.8187	3.1041	-0.4063	-0.8922	3.1365	-0.4277	-0.5489	3.0773	-0.5291	-0.4890	2.9592	-0.1801	-0.5039	3.1616	-0.3049	-0.8845	3.2150	-0.3662	-0.8415	3.1456	0.000	
12.033	-0.3316	-0.8847	3.2188	-0.1973	-0.8199	3.1011	-0.3786	-0.8908	3.1101	-0.4372	-0.5504	3.0747	-0.5304	-0.5016	2.9633	-0.1855	-0.5128	3.1585	-0.3005	-0.8909	3.2166	-0.3550	-0.8737	3.1784	0.000	
12.067	-0.3336	-0.8880	3.2247	-0.1966	-0.8020	3.0966	-0.3802	-0.8899	3.1197	-0.4386	-0.5501	3.0752	-0.5297	-0.5007	2.9601	-0.1805	-0.5093	3.1589	-0.3014	-0.8919	3.2200	-0.3579	-0.8751	3.1815	0.000	
12.100	-0.3346	-0.8931	3.2267	-0.2227	-0.8280	3.1259	-0.3824	-0.8905	3.1236	-0.4397	-0.5495	3.0752	-0.5122	-0.4958	2.9377	-0.1777	-0.5068	3.1615	-0.3012	-0.9010	3.2199	-0.3604	-0.8761	3.1841	0.000	
12.133	-0.3352	-0.8937	3.2283	-0.2385	-0.8498	3.1233	-0.3829	-0.8897	3.1240	-0.4425	-0.5458	3.0804	-0.5167	-0.4977	2.9383	-0.1786	-0.5038	3.1589	-0.3017	-0.9021	3.2243	-0.3613	-0.8757	3.1842	0.000	
12.167	-0.3135	-0.8715	3.1933	-0.2522	-0.8491	3.1226	-0.3858	-0.8958	3.1332	-0.4420	-0.5466	3.0792	-0.5095	-0.4988	2.9341	-0.1812	-0.4860	3.1473	-0.2675	-0.8755	3.1855	-0.3538	-0.8544	3.1513	0.000	
12.200	-0.3130	-0.8716	3.1934	-0.2516	-0.8389	3.1136	-0.3641	-0.8942	3.1206	-0.4440	-0.5474	3.0784	-0.5229	-0.5016	2.9630	-0.1776	-0.5012	3.1534	-0.2670	-0.8764	3.1874	-0.3524	-0.8536	3.1493	0.000	
12.233	-0.3335	-0.8896	3.2268	-0.1685	-0.8378	3.0956	-0.3706	-0.8881	3.1220	-0.4439	-0.5476	3.0763	-0.4773	-0.5263	2.9244	-0.1775	-0.5029	3.1560	-0.3015	-0.9004	3.2344	-0.3590	-0.8619	3.1637	0.000	
12.267	-0.3208	-0.8787	3.2075	-0.2758	-0.8521	3.0762	-0.3438	-0.8428	3.1009	-0.4390	-0.5468	3.0795	-0.5208	-0.5096	2.9441	-0.1766	-0.5039	3.1592	-0.2697	-0.8782	3.2027	-0.3582	-0.8598	3.1569	0.000	
12.300	-0.2677	-0.8724	3.2034	-0.2282	-0.8921	3.0536	-0.4045	-0.9592	3.1007	-0.4367	-0.5516	3.0808	-0.5219	-0.5052	2.9446	-0.1813	-0.5237	3.1623	-0.2337	-0.8731	3.2218	-0.3015	-0.8583	3.1315	0.000	
12.333	-0.2785	-0.8752	3.2018	-0.1700	-0.8459	3.0745	-0.4042	-0.9586	3.1005	-0.4335	-0.5523	3.0802	-0.5223	-0.5028	2.9449	-0.1814	-0.5241	3.1618	-0.2398	-0.8750	3.2165	-0.3167	-0.8621	3.1366	0.000	
12.367	-0.2763	-0.8747	3.2024	-0.2356	-0.8635	3.0562	-0.4048	-0.9570	3.0978	-0.4459	-0.5483	3.0807	-0.5226	-0.5006	2.9472	-0.1814	-0.5218	3.1585	-0.2380	-0.8741	3.2232	-0.3075	-0.8607	3.1305	0.000	
12.400	-0.2784	-0.8728	3.2020	-0.1664	-0.8416	3.0806	-0.4051	-0.9568	3.0973	-0.4627	-0.5230	3.0793	-0.5233	-0.5002	2.9474	-0.1805	-0.5207	3.1573	-0.2400	-0.8732	3.2229	-0.3108	-0.8573	3.1301	0.000	
12.433	-0.3340	-0.8981	3.2309	-0.2128	-0.8473	3.0792	-0.4405	-0.9328	3.1100	-0.4529	-0.5489	3.0890	-0.5590	-0.5013	3.0204	-0.1797	-0.5204	3.1581	-0.3048	-0.9091	3.2330	-0.3579	-0.8730	3.1779	0.000	
12.467	-0.3111	-0.8608	3.2046	-0.1912	-0.8868	3.0658	-0.4773	-0.9259	3.1438	-0.4517	-0.5495	3.0879	-0.5559	-0.4965	3.0189	-0.1753	-0.5129	3.1627	-0.2729	-0.8576	3.2137	-0.3464	-0.8536	3.1492	0.000	
12.500	-0.2753	-0.8838	3.1980	-0.2308	-0.8598	3.0819	-0.4058	-0.9510	3.0958	-0.4520	-0.5492	3.0880	-0.5598	-0.4902	3.0397	-0.1753	-0.5120	3.1628	-0.2316	-0.8803	3.2027	-0.3138	-0.8740	3.1424	0.000	
12.533	-0.2745	-0.8841	3.1989	-0.2283	-0.8572	3.0752	-0.4054	-0.9514	3.0969	-0.4620	-0.5260	3.0834	-0.5579	-0.4871	3.0489	-0.1730	-0.5156	3.1679	-0.2306	-0.8824	3.2157	-0.3113	-0.8735	3.1379	0.000	
12.567	-0.2777	-0.8824	3.2004	-0.2327	-0.8599	3.0725	-0.4032	-0.9513	3.0960	-0.4625	-0.5267	3.0840	-0.5584	-0.4828	3.0607	-0.1769	-0.5182	3.1654	-0.2367	-0.8801	3.2164	-0.3133	-0.8717	3.1384	0.000	
12.600	-0.2846	-0.8783	3.2019	-0.0976	-0.8226	3.0895	-0.3921	-0.9446	3.0938	-0.4630	-0.5257	3.0826	-0.5583	-0.4827	3.0614	-0.1796	-0.5178	3.1600	-0.2504	-0.8749	3.2265	-0.3189	-0.8662	3.1319	0.000	
12.633	-0.2845	-0.8780	3.2023	-0.2411	-0.8546	3.0607	-0.3978	-0.9479	3.0926	-0.4653	-0.5336	3.0821	-0.5588	-0.4818	3.0640	-0.1799	-0.5182	3.1598	-0.2493	-0.8744	3.2274	-0.3187	-0.8660	3.1315	0.000	
12.667	-0.2792	-0.8820	3.2004	-0.2359	-0.8493	3.0698	-0.3952	-0.9482	3.0915	-0.4634	-0.5252	3.0820	-0.5544	-0.4835	3.0540	-0.1810	-0.5177	3.1573	-0.2346	-0.8801	3.2145	-0.3157	-0.8708	3.1331	0.000	
12.700	-0.2818	-0.8805	3.2001	-0.2381	-0.8518	3.0719	-0.3958	-0.9483	3.0912	-0.4482	-0.5494	3.0792	-0.5626	-0.4763	3.0518	-0.1901	-0.5213	3.1540	-0.2399	-0.8772	3.2138	-0.3178	-0.8699	3.1334	0.000	
12.733	-0.2759	-0.8830	3.2016	-0.0983	-0.8117	3.1051	-0.3978	-0.9493	3.0923	-0.4765	-0.5221	3.0836	-0.5594	-0.4856	3.0244	-0.1891	-0.5205	3.1557	-0.2310	-0.8793	3.2172	-0.3147	-0.8723	3.1342	0.000	
12.767	-0.2750	-0.8829	3.2019	-0.1002	-0.8147	3.1029	-0.3978	-0.9489	3.0925	-0.4800	-0.5195	3.0823	-0.5613	-0.4833	3.0276	-0.1926	-0.5216	3.1552	-0.2302	-0.8794	3.2183	-0.3138	-0.8721	3.1340	0.000	
12.800	-0.2735	-0.8837	3.2010	-0.2228	-0.8477	3.0783	-0.3990	-0.9491	3.0926	-0.4746	-0.5237	3.0771	-0.5696	-0.4808	3.0413	-0.2067	-0.5383	3.1645	-0.2242	-0.8792	3.2117	-0.3139	-0.8740	3.1355	0.000	
12.833	-0.2748	-0.8844	3.2007	-0.1659	-0.8383	3.0884	-0.4005	-0.9496	3.0928	-0.4662	-0.5260	3.0757	-0.5740	-0.4827	3.0652	-0.1957	-0.5293	3.1624	-0.2261	-0.8802	3.2134	-0.3169	-0.8751	3.1338	0.000	
12.867	-0.2767	-0.8814	3.2017	-0.1649	-0.8370	3.0857	-0.4005	-0.9506	3.0944	-0.4463	-0.5518	3.0792	-0.5647	-0.4905	3.0456	-0.1846	-0.5227	3.1602	-0.2326	-0.8779	3.2214	-0.3177	-0.8687	3.1314	0.000	
12.900	-0.3089	-0.9188	3.2264	-0.1653	-0.8370	3.0864	-0.4080	-0.9451	3.0970	-0.4464	-0.5520	3.0793	-0.5627	-0.4896	3.0475	-0.1880	-0.5277	3.1605	-0.2762	-0.9282	3.2237	-0.3367	-0.8950	3.1783	0.000	
12.933	-0.3349	-0.9058	3.2335	-0.2085	-0.8488	3.0566	-0.4478	-0.9280	3.1226	-0.4465	-0.5520	3.0796	-0.5575	-0.4986	3.0282	-0.1837	-0.5154	3.1555	-0.3052	-0.9127	3.2323	-0.3596	-0.8845	3.1842	0.000	
12.967	-0.3368	-0.8636	3.2041	-0.2251	-0.8449	3.1110	-0.4637	-0.9149	3.1359	-0.4471	-0.5502	3.0803	-0.5474	-0.5034	2.9965	-0.1818	-0.5140	3.1616	-0.2964	-0.8623	3.2044	-0.3712	-0.8533	3.1549	0.000	
13.000	-0.3263	-0.8600	3.2055	-0.2271	-0.8302	3.1029	-0.4266	-0.9361	3.1064	-0.4474	-0.5498	3.0806	-0.4833	-0.5113	2.9020	-0.1789	-0.5150	3.1641	-0.2868	-0.8589	3.2125	-0.3565	-0.8469	3.1479	0.000	
13.033	-0.3238	-0.8997	3.2313	-0.2304	-0.8300	3.1048	-0.4209	-0.9353	3.0997	-0.4489	-0.5490	3.0819	-0.5236	-0.4947	2.9354	-0.1822	-0.5157	3.1627	-0.2934	-0.9079	3.2398	-0.3501	-0.8749	3.1699	0.000	
13.067	-0.3366	-0.8921	3.2471	-0.2297	-0.8370	3.1094	-0.4620	-0.9143	3.1187	-0.4480	-0.5485	3.0802	-0.5236	-0.4942	2.9368	-0.1847	-0.4906	3.1475	-0.3018	-0.8976	3.2475	-0.3694	-0.8734	3.2011	0.000	
13.100	-0.3280	-0.8984	3.2540	-0.1867	-0.8188	3.0984	-0.4537	-0.9249	3.1165	-0.4269	-0.5483	3.0763	-0.5232	-0.5011	2.9418	-0.1849	-0.4928	3.1482	-0.2958	-0.9022	3.2504	-0.3562	-0.8810	3.2101	0.000	
13.133	-0.3268	-0.8988	3.2539	-0.1892	-0.8288	3.0887	-0.2482	-0.8943	3.1067	-0.4327	-0.5486	3.0773	-0.5222	-0.5037	2.9428	-0.1842	-0.4923	3.1481	-0.2943	-0.9027	3.2507	-0.3547	-0.8814	3.2089	0.000	
13.167	-0.3291	-0.8930	3.2448	-0.2180	-0.8312	3.0983	-0.2479	-0.8934	3.1061	-0.4372	-0.5483	3.0784	-0.5211	-0.5060	2.9414	-0.1843	-0.4922	3.1480	-0.2970	-0.8991	3.2450	-0.3560	-0.8719	3.1928	0.000	
13.200	-0.3309	-0.8906	3.2413	-0.2293	-0.8311	3.1005	-0.2477	-0.8922	3.1059	-0.4401	-0.5475	3.0802	-0.5160	-0.5000	2.9338	-0.1845	-0.4919	3.1476	-0.2992	-0.8973	3.2409	-0.3573	-0.8693	3.1903	0.000	
13.233	-0.3231	-0.8911	3.2298	-0.2289	-0.8314	3.0996	-0.2501	-0.8903	3.1057	-0.4410	-0.5472	3.0794	-0.5299	-0.4953	2.9524	-0.1839	-0.4939	3.1500	-0.2909	-0.8973	3.2247	-0.3504	-0.8704	3.1831	0.000	
13.267	-0.3276	-0.8868	3.2287	-0.2312	-0.8299	3.1006	-0.2504	-0.8901	3.1056	-0.4418	-0.5471	3.0791	-0.5290	-0.4950	2.9538	-0.1788	-0.4962	3.1545	-0.2972	-0.8912	3.2244	-0.3532	-0.8679	3.1818	0.000	
13.300	-0.3285	-0.8849	3.2289	-0.2318	-0.8303	3.1006	-0.2485	-0.8878	3.1059	-0.4419	-0.5473	3.0784	-0.5230	-0.5018	2.9507	-0.1860	-0.5024	3.1528	-0.2988	-0.8884	3.2263	-0.3537	-0.8664	3.1810	0.000	
13.333	-0.3230	-0.8922	3.2294	-0.2279	-0.8305	3.0986	-0.2491	-0.8889	3.1057	-0.4420	-0.5474	3.0784	-0.5118	-0.4977	2.9330	-0.1854	-0.5011	3.1516	-0.2921	-0.8949	3.2249	-0.3486	-0.8758	3.1833	0.000	
13.367	-0.3254	-0.8901	3.2300	-0.2032	-0.8317	3.0930	-0.2499	-0.8890	3.1053	-0.4422	-0.5474	3.0779	-0.5270	-0.5151	2.9492	-0.1852	-0.4999	3.1506	-0.2953	-0.8931	3.2274	-0.3508	-0.8728	3.1824	0.000	
13.400	-0.3263	-0.8901	3.2295	-0.2198	-0.8317	3.0969	-0.2502	-0.8887	3.1053	-0.4423	-0.5474	3.0780	-0.5276	-0.5085	2.9407	-0.1854	-0.4962	3.1486	-0.2962	-0.8932	3.2272	-0.3518	-0.8728	3.1814	0.000	
13.433	-0.3272	-0.8900	3.2290	-0.2264	-0.8321	3.0972	-0.2496	-0.8881	3.1052	-0.4429	-0.5465	3.0788	-0.5244	-0.5077	2.9477	-0.1854	-0.4958	3.1483	-0.2970	-0.8932	3.2277	-0.3533	-0.8724	3.1781	0.000	
13.467	-0.3297	-0.8885	3.2287	-0.2048	-0.8340	3.0926	-0.2496	-0.8879	3.1052	-0.4429	-0.5465	3.0788	-0.5247	-0.5036	2.9440	-0.1866	-0.5027	3.1538	-0.2994	-0.8918	3.2277	-0.3554	-0.8711	3.1778	0.000	
13.500	-0.3308	-0.8860	3.2287	-0.2042	-0.8326	3.0920	-0.2493	-0.8877	3.1050	-0.4431	-0.5467	3.0781	-0.5238	-0.5048	2.9431	-0.1878	-0.4948	3.1487	-0.3006	-0.8891	3.2277	-0.3563	-0.8689	3.1781	0.000	
13.533	-0.3316	-0.8828	3.2370	-0.2188	-0.8321	3.0960	-0.2494	-0.8877	3.1050	-0.4432	-0.5469	3.0782	-0.5260	-0.5037	2.9511	-0.1872	-0.4940	3.1479	-0.3012	-0.8865	3.2321	-0.3571	-0.8653	3.1925	0.000	
13.567	-0.3358	-0.8842	3.2341	-0.2185	-0.8340	3.1039	-0.2498	-0.8877	3.1037	-0.4440	-0.5464	3.0794	-0.5149	-0.4982	2.9340	-0.1866	-0.4941	3.1486	-0.3057	-0.8882	3.2279	-0.3610	-0.8664	3.1902	0.000	
13.600	-0.3337	-0.8822	3.2337	-0.2202	-0.8290	3.1063	-0.2495	-0.8884	3.1041	-0.4443	-0.5461	3.0792	-0.5302	-0.5063	2.9410	-0.1863	-0.4951	3.1491	-0.3031	-0.8854	3.2299	-0.3581	-0.8641	3.1866	0.000	
13.633	-0.3342	-0.8823	3.2331	-0.2251	-0.8294	3.1104	-0.2496	-0.8883	3.1041	-0.4443	-0.5464	3.0791	-0.5317	-0.5057	2.9363	-0.1865	-0.4943	3.1490	-0.3036	-0.8855	3.2296	-0.3589	-0.8643	3.1857	0.000	
13.667	-0.3362	-0.8815	3.2328	-0.2249	-0.8303	3.1122	-0.2495	-0.8886	3.1043	-0.4443	-0.5465	3.0790	-0.5300	-0.5067	2.9373	-0.1862	-0.4946	3.1488	-0.3057	-0.8843	3.2303	-0.3614	-0.8640	3.1843	0.000	
13.700	-0.3363	-0.8823	3.2316	-0.2259	-0.8328	3.1103	-0.2497	-0.8883	3.1044	-0.4448	-0.5466	3.0790	-0.5299	-0.4960	2.9395	-0.1859	-0.4957	3.1492	-0.3060	-0.8850	3.2299	-0.3612	-0.8653	3.1818	0.000	
13.733	-0.3270	-0.8911	3.2278	-0.2239	-0.8345	3.1108	-0.2493	-0.8879	3.1049	-0.4265	-0.5498	3.0737	-0.5197	-0.4923	2.9280	-0.1852	-0.4970	3.1505	-0.2948	-0.8969	3.2234	-0.3536	-0.8717	3.1805	0.000	
13.767	-0.3272	-0.8909	3.2277	-0.2240	-0.8344	3.1104	-0.2492	-0.8877	3.1045	-0.4328	-0.5495	3.0735	-0.5258	-0.4983	2.9362	-0.1891	-0.4984	3.1502	-0.2953	-0.8965	3.2233	-0.3537	-0.8715	3.1804	0.000	
13.800	-0.3260	-0.8907	3.2272	-0.2256	-0.8350	3.1108	-0.2494	-0.8886	3.1052	-0.4355	-0.5490	3.0744	-0.5310	-0.4973	2.9423	-0.1889	-0.4992	3.1510	-0.2943	-0.8963	3.2236	-0.3520	-0.8714	3.1789	0.000	
13.833	-0.3313	-0.8878	3.2274	-0.2214	-0.7867	3.1251	-0.2490	-0.8888	3.1055	-0.4373	-0.5497	3.0764	-0.5313	-0.4952	2.9411	-0.1868	-0.4981	3.1537	-0.3003	-0.8921	3.2235	-0.3570	-0.8694	3.1798	0.000	
13.867	-0.3298	-0.8891	3.2291	-0.2218	-0.8320	3.1101	-0.2492	-0.8886	3.1050	-0.4385	-0.5489	3.0750	-0.5289	-0.4952	2.9402	-0.1844	-0.4809	3.1479	-0.2984	-0.8929	3.2236	-0.3558	-0.8719	3.1850	0.000	
13.900	-0.3295	-0.8851	3.2304	-0.2419	-0.8387	3.1088	-0.2493	-0.8884	3.1046	-0.4389	-0.5490	3.0764	-0.5287	-0.4941	2.9418	-0.1846	-0.4949	3.1529	-0.2967	-0.8847	3.2276	-0.3562	-0.8702	3.1847	0.000	
13.933	-0.3296	-0.8849	3.2300	-0.1967	-0.8386	3.1002	-0.2496	-0.8880	3.1042	-0.4567	-0.5227	3.0856	-0.5276	-0.4950	2.9410	-0.1852	-0.4935	3.1500	-0.2969	-0.8847	3.2270	-0.3563	-0.8699	3.1842	0.000	
13.967	-0.3465	-0.8852	3.2292	-0.2137	-0.8375	3.1051	-0.2491	-0.8882	3.1043	-0.4411	-0.5494	3.0791	-0.5242	-0.4964	2.9486	-0.1796	-0.5090	3.1635	-0.3137	-0.8868	3.2227	-0.3747	-0.8691	3.1858	0.000	
14.000	-0.3369	-0.8815	3.1957	-0.2151	-0.8372	3.1054	-0.2491	-0.8882	3.1047	-0.4412	-0.5490	3.0784	-0.5294	-0.5087	2.9448	-0.1826	-0.5038	3.1586	-0.3035	-0.8809	3.1634	-0.3679	-0.8679	3.1748	0.000	
14.033	-0.3358	-0.8768	3.1994	-0.2175	-0.8229	3.1115	-0.4138	-0.9328	3.1046	-0.4431	-0.5150	3.0732	-0.4801	-0.5205	2.9262	-0.1832	-0.5053	3.1589	-0.3100	-0.8728	3.2293	-0.3521	-0.8493	3.1333	0.000	
14.067	-0.3359	-0.8757	3.2204	-0.2112	-0.8270	3.1052	-0.4298	-0.9291	3.1073	-0.4443	-0.5169	3.0783	-0.4811	-0.5160	2.9256	-0.1848	-0.5065	3.1573	-0.3094	-0.8738	3.2351	-0.3567	-0.8577	3.1573	0.000	
14.100	-0.3485	-0.8883	3.2254	-0.2527	-0.8770	3.0657	-0.4431	-0.9132	3.1190	-0.4475	-0.5479	3.0791	-0.5165	-0.5141	2.9395	-0.1829	-0.5184	3.1652	-0.3215	-0.8892	3.2245	-0.3782	-0.8798	3.1850	0.000	
14.133	-0.3421	-0.8778	3.2101	-0.2555	-0.8776	3.0622	-0.4544	-0.9228	3.1311	-0.4474	-0.5477	3.0793	-0.5434	-0.5030	2.9454	-0.1862	-0.4980	3.1514	-0.3153	-0.8840	3.2120	-0.3612	-0.8499	3.1500	0.000	
14.167	-0.3290	-0.8741	3.2057	-0.2166	-0.8184	3.1129	-0.4114	-0.9360	3.1051	-0.4635	-0.5277	3.0840	-0.4824	-0.5156	2.9164	-0.1843	-0.4995	3.1565	-0.3015	-0.8836	3.2191	-0.3476	-0.8466	3.1364	0.000	
14.200	-0.3214	-0.8864	3.2152	-0.2170	-0.8188	3.1119	-0.3877	-0.9176	3.0990	-0.4636	-0.5283	3.0846	-0.5243	-0.4916	2.9406	-0.1856	-0.5000	3.1556	-0.2934	-0.8917	3.2193	-0.3429	-0.8740	3.1714	0.000	
14.233	-0.3232	-0.8920	3.2170	-0.2186	-0.8259	3.1115	-0.4230	-0.9214	3.1164	-0.4623	-0.5316	3.0899	-0.5221	-0.5027	2.9459	-0.1849	-0.5049	3.1577	-0.2935	-0.8987	3.2150	-0.3467	-0.8766	3.1749	0.000	
14.267	-0.3224	-0.8944	3.2186	-0.2173	-0.8285	3.1106	-0.4206	-0.9237	3.1172	-0.4550	-0.5414	3.0832	-0.5416	-0.5061	2.9779	-0.1816	-0.5038	3.1608	-0.2927	-0.9002	3.2151	-0.3465	-0.8776	3.1759	0.000	
14.300	-0.3230	-0.8907	3.2226	-0.2165	-0.8307	3.1103	-0.4227	-0.9219	3.1181	-0.4522	-0.5442	3.0837	-0.5271	-0.4988	2.9499	-0.1824	-0.4993	3.1578	-0.2932	-0.8956	3.2203	-0.3474	-0.8738	3.1776	0.000	
14.333	-0.3219	-0.8897	3.2235	-0.2285	-0.8384	3.1048	-0.4240	-0.9218	3.1187	-0.4512	-0.5451	3.0825	-0.5329	-0.4941	2.9475	-0.1825	-0.4990	3.1574	-0.2917	-0.8947	3.2206	-0.3467	-0.8723	3.1785	0.000	
14.367	-0.3229	-0.8876	3.2247	-0.2289	-0.8402	3.1039	-0.4258	-0.9204	3.1201	-0.4506	-0.5452	3.0825	-0.5311	-0.4942	2.9471	-0.1817	-0.4995	3.1575	-0.2929	-0.8914	3.2253	-0.3482	-0.8696	3.1768	0.000	
14.400	-0.3280	-0.8882	3.2299	-0.2311	-0.8386	3.1045	-0.4308	-0.9129	3.1187	-0.4582	-0.5373	3.0851	-0.5289	-0.5029	2.9351	-0.1823	-0.4950	3.1514	-0.2952	-0.8918	3.2252	-0.3572	-0.8705	3.1908	0.000	
14.433	-0.3268	-0.8876	3.2312	-0.2275	-0.8408	3.1034	-0.4296	-0.9154	3.1209	-0.4529	-0.5414	3.0812	-0.5285	-0.5005	2.9386	-0.1832	-0.4940	3.1507	-0.2943	-0.8913	3.2270	-0.3553	-0.8699	3.1905	0.000	
14.467	-0.3261	-0.8866	3.2307	-0.1982	-0.8429	3.0952	-0.4319	-0.9159	3.1216	-0.4502	-0.5436	3.0801	-0.5251	-0.4997	2.9479	-0.1835	-0.4944	3.1505	-0.2938	-0.8904	3.2264	-0.3537	-0.8682	3.1884	0.000	
14.500	-0.3297	-0.8835	3.2298	-0.2234	-0.8658	3.0959	-0.4368	-0.9121	3.1229	-0.4322	-0.5443	3.0859	-0.5216	-0.5074	2.9407	-0.1832	-0.4935	3.1502	-0.2980	-0.8880	3.2253	-0.3567	-0.8646	3.1863	0.000	
14.533	-0.3430	-0.8790	3.2301	-0.2506	-0.8445	3.1056	-0.4419	-0.9035	3.1268	-0.4485	-0.5455	3.0809	-0.5248	-0.4978	2.9474	-0.1815	-0.5000	3.1554	-0.3138	-0.8856	3.2277	-0.3678	-0.8584	3.1833	0.000	
14.567	-0.3276	-0.8783	3.2098	-0.2241	-0.8456	3.1001	-0.4252	-0.9256	3.1287	-0.4452	-0.5393	3.0809	-0.5250	-0.4975	2.9466	-0.1814	-0.5036	3.1573	-0.3008	-0.8883	3.2200	-0.3476	-0.8517	3.1393	0.000	
14.600	-0.3135	-0.8978	3.2208	-0.1854	-0.8366	3.0765	-0.4020	-0.9389	3.0944	-0.4458	-0.5435	3.0792	-0.4975	-0.5032	2.9377	-0.1827	-0.5120	3.1572	-0.2848	-0.9045	3.2256	-0.3346	-0.8827	3.1696	0.000	
14.633	-0.3305	-0.8847	3.2274	-0.2357	-0.8489	3.0884	-0.4574	-0.9237	3.1254	-0.4454	-0.5444	3.0782	-0.5156	-0.5014	2.9436	-0.1828	-0.4981	3.1491	-0.2993	-0.8902	3.2260	-0.3592	-0.8649	3.1817	0.000	
14.667	-0.3305	-0.8843	3.2272	-0.2428	-0.8655	3.0758	-0.4576	-0.9241	3.1263	-0.4453	-0.5450	3.0783	-0.5239	-0.4953	2.9459	-0.1843	-0.4982	3.1496	-0.2995	-0.8896	3.2254	-0.3588	-0.8643	3.1812	0.000	
14.700	-0.3324	-0.8835	3.2272	-0.2428	-0.8627	3.0782	-0.4610	-0.9211	3.1281	-0.4451	-0.5454	3.0789	-0.5262	-0.4924	2.9521	-0.1845	-0.5022	3.1541	-0.3015	-0.8890	3.2258	-0.3600	-0.8636	3.1804	0.000	
14.733	-0.3327	-0.8865	3.2283	-0.2407	-0.8505	3.0815	-0.4634	-0.9208	3.1286	-0.4452	-0.5449	3.0794	-0.5264	-0.4906	2.9512	-0.1864	-0.4952	3.1493	-0.3016	-0.8929	3.2255	-0.3599	-0.8662	3.1823	0.000	
14.767	-0.3321	-0.8869	3.2288	-0.2326	-0.8504	3.0849	-0.4621	-0.9211	3.1292	-0.4453	-0.5451	3.0797	-0.5302	-0.4879	2.9579	-0.1864	-0.4950	3.1486	-0.3009	-0.8926	3.2254	-0.3588	-0.8681	3.1837	0.000	
14.800	-0.3315	-0.8870	3.2277	-0.2098	-0.8516	3.0777	-0.4620	-0.9222	3.1302	-0.4452	-0.5450	3.0797	-0.5179	-0.4940	2.9384	-0.1859	-0.4987	3.1508	-0.2999	-0.8922	3.2237	-0.3583	-0.8686	3.1824	0.000	
14.833	-0.3291	-0.8888	3.2274	-0.2083	-0.8528	3.0773	-0.4606	-0.9241	3.1296	-0.4455	-0.5458	3.0799	-0.5277	-0.4912	2.9480	-0.1857	-0.4997	3.1510	-0.2965	-0.8940	3.2214	-0.3562	-0.8704	3.1832	0.000	
14.867	-0.3262	-0.8905	3.2254	-0.2252	-0.8522	3.0816	-0.4634	-0.9257	3.1251	-0.4459	-0.5461	3.0793	-0.5271	-0.4910	2.9520	-0.1846	-0.4998	3.1525	-0.2932	-0.8965	3.2189	-0.3539	-0.8712	3.1816	0.000	
14.900	-0.3261	-0.8906	3.2254	-0.1932	-0.8476	3.0753	-0.4629	-0.9268	3.1263	-0.4461	-0.5465	3.0796	-0.5274	-0.4903	2.9526	-0.1850	-0.5001	3.1517	-0.2931	-0.8966	3.2183	-0.3536	-0.8717	3.1824	0.000	
14.933	-0.3276	-0.8900	3.2248	-0.2317	-0.8505	3.0874	-0.4625	-0.9258	3.1276	-0.4455	-0.5472	3.0790	-0.5279	-0.4898	2.9523	-0.1837	-0.5054	3.1558	-0.2954	-0.8956	3.2160	-0.3548	-0.8711	3.1826	0.000	
14.967	-0.3352	-0.8879	3.2291	-0.2319	-0.8521	3.0876	-0.4666	-0.9215	3.1296	-0.4453	-0.5481	3.0800	-0.5256	-0.5006	2.9390	-0.1868	-0.4941	3.1486	-0.3045	-0.8928	3.2221	-0.3611	-0.8692	3.1857	0.000	
15.000	-0.3353	-0.8880	3.2294	-0.2342	-0.8524	3.0880	-0.4657	-0.9212	3.1287	-0.4452	-0.5480	3.0800	-0.5321	-0.4959	2.9468	-0.1867	-0.4940	3.1487	-0.3043	-0.8931	3.2220	-0.3613	-0.8693	3.1867	0.000	
15.033	-0.3356	-0.8887	3.2287	-0.2343	-0.8525	3.0881	-0.4673	-0.9219	3.1295	-0.4450	-0.5482	3.0798	-0.5422	-0.5011	2.9644	-0.1860	-0.4959	3.1502	-0.3044	-0.8947	3.2199	-0.3617	-0.8695	3.1867	0.000	
15.067	-0.3361	-0.8893	3.2285	-0.2349	-0.8535	3.0872	-0.4647	-0.9217	3.1296	-0.4454	-0.5479	3.0789	-0.5418	-0.5018	2.9660	-0.1859	-0.4976	3.1514	-0.3047	-0.8949	3.2198	-0.3625	-0.8706	3.1863	0.000	
15.100	-0.3361	-0.8866	3.2288	-0.2381	-0.8526	3.0876	-0.4662	-0.9212	3.1322	-0.4447	-0.5487	3.0786	-0.5259	-0.4959	2.9298	-0.1866	-0.4952	3.1515	-0.3045	-0.8906	3.2245	-0.3624	-0.8669	3.1831	0.000	
15.133	-0.3353	-0.8861	3.2284	-0.2146	-0.8540	3.0818	-0.4659	-0.9220	3.1334	-0.4448	-0.5488	3.0785	-0.5278	-0.4963	2.9342	-0.1868	-0.4929	3.1500	-0.3043	-0.8906	3.2245	-0.3608	-0.8659	3.1816	0.000	
15.167	-0.3356	-0.8865	3.2285	-0.2065	-0.8530	3.0812	-0.4662	-0.9221	3.1332	-0.4449	-0.5478	3.0792	-0.5224	-0.4981	2.9473	-0.1854	-0.4952	3.1522	-0.3046	-0.8914	3.2242	-0.3612	-0.8662	3.1819	0.000	
15.200	-0.3356	-0.8847	3.2277	-0.2170	-0.9204	3.1062	-0.4682	-0.9208	3.1340	-0.4341	-0.5472	3.0788	-0.5218	-0.5021	2.9472	-0.1857	-0.4976	3.1536	-0.3048	-0.8899	3.2235	-0.3610	-0.8648	3.1812	0.000	
15.233	-0.3264	-0.8818	3.2100	-0.0926	-0.9618	3.0160	-0.4662	-0.9290	3.1390	-0.4409	-0.5470	3.0791	-0.5224	-0.5071	2.9459	-0.1852	-0.4954	3.1532	-0.2967	-0.8926	3.2116	-0.3504	-0.8544	3.1549	0.000	
15.267	-0.3281	-0.8765	3.2104	-0.2222	-0.9085	3.1379	-0.3655	-0.8985	3.1135	-0.4225	-0.5530	3.0731	-0.5234	-0.5044	2.9467	-0.1803	-0.5095	3.1593	-0.3005	-0.8828	3.2253	-0.3522	-0.8486	3.1464	0.000	
15.300	-0.3212	-0.8728	3.2098	-0.2176	-0.9049	3.1386	-0.3531	-0.9011	3.1083	-0.4213	-0.5534	3.0735	-0.5245	-0.4981	2.9480	-0.1838	-0.5139	3.1577	-0.2918	-0.8789	3.2309	-0.3433	-0.8474	3.1382	0.000	
15.333	-0.3209	-0.8738	3.2091	-0.2163	-0.9069	3.1377	-0.3527	-0.9020	3.1078	-0.4196	-0.5538	3.0734	-0.5265	-0.4919	2.9496	-0.1834	-0.5142	3.1574	-0.2916	-0.8807	3.2305	-0.3431	-0.8493	3.1366	0.000	
15.367	-0.3222	-0.8742	3.2089	-0.2185	-0.9076	3.1394	-0.3528	-0.9004	3.1088	-0.4338	-0.5540	3.0723	-0.5246	-0.4898	2.9482	-0.1924	-0.5180	3.1550	-0.2923	-0.8812	3.2310	-0.3469	-0.8508	3.1351	0.000	
15.400	-0.3022	-0.8926	3.2017	-0.2070	-0.9277	3.1362	-0.3686	-0.9227	3.0982	-0.3618	-0.5602	3.0636	-0.5245	-0.4896	2.9495	-0.1878	-0.5183	3.1576	-0.2516	-0.9099	3.2127	-0.3402	-0.8628	3.1351	0.000	
15.433	-0.2972	-0.8947	3.2020	-0.2041	-0.9274	3.1322	-0.3497	-0.9160	3.0963	-0.3372	-0.5623	3.0595	-0.5245	-0.4880	2.9508	-0.1925	-0.5232	3.1572	-0.2509	-0.9094	3.2132	-0.3320	-0.8696	3.1366	0.000	
15.467	-0.2939	-0.8942	3.2030	-0.2026	-0.9232	3.1354	-0.3459	-0.9149	3.0967	-0.3784	-0.5621	3.0704	-0.5244	-0.4887	2.9499	-0.1888	-0.5207	3.1507	-0.2486	-0.9044	3.2212	-0.3281	-0.8707	3.1344	0.000	
15.500	-0.2947	-0.8944	3.2036	-0.2052	-0.9238	3.1393	-0.3446	-0.9131	3.0974	-0.3981	-0.5500	3.0763	-0.5247	-0.4887	2.9499	-0.1889	-0.5206	3.1520	-0.2560	-0.9038	3.2252	-0.3281	-0.8709	3.1343	0.000	
15.533	-0.2898	-0.8967	3.1970	-0.1999	-0.9189	3.1229	-0.3375	-0.9084	3.1026	-0.2917	-0.5443	3.0648	-0.5247	-0.4888	2.9500	-0.1871	-0.5196	3.1517	-0.2437	-0.9038	3.1852	-0.3249	-0.8746	3.1371	0.000	
15.567	-0.2806	-0.9013	3.1939	-0.1967	-0.9174	3.1235	-0.3317	-0.9090	3.1001	-0.3266	-0.5671	3.0540	-0.5247	-0.4896	2.9498	-0.2008	-0.5403	3.1534	-0.2367	-0.9032	3.1861	-0.3169	-0.8867	3.1397	0.000	
15.600	-0.2827	-0.9020	3.1942	-0.1985	-0.9192	3.1274	-0.3342	-0.9090	3.1008	-0.3260	-0.5669	3.0545	-0.5247	-0.4899	2.9498	-0.2065	-0.5421	3.1512	-0.2410	-0.9039	3.1956	-0.3212	-0.8877	3.1377	0.000	
15.633	-0.2801	-0.8956	3.1943	-0.1934	-0.9135	3.1252	-0.3352	-0.9087	3.1009	-0.3798	-0.5563	3.0695	-0.5280	-0.4890	2.9458	-0.2056	-0.5403	3.1496	-0.2387	-0.8977	3.2006	-0.3166	-0.8773	3.1339	0.000	
15.667	-0.2827	-0.8965	3.1933	-0.1944	-0.9138	3.1238	-0.3344	-0.9058	3.1005	-0.3794	-0.5561	3.0697	-0.5266	-0.4907	2.9482	-0.2072	-0.5414	3.1485	-0.2410	-0.8984	3.1948	-0.3228	-0.8804	3.1382	0.000	
15.700	-0.2805	-0.8918	3.1948	-0.1945	-0.9102	3.1293	-0.3355	-0.9066	3.1002	-0.3287	-0.5641	3.0558	-0.4824	-0.5222	2.9190	-0.2042	-0.5399	3.1491	-0.2403	-0.8939	3.2053	-0.3148	-0.8701	3.1327	0.000	
15.733	-0.2801	-0.8935	3.1942	-0.1959	-0.9131	3.1300	-0.3375	-0.9080	3.1002	-0.3291	-0.5642	3.0557	-0.4823	-0.5214	2.9188	-0.1996	-0.5376	3.1500	-0.2397	-0.8973	3.2026	-0.3147	-0.8731	3.1338	0.000	
15.767	-0.2804	-0.8930	3.1935	-0.1958	-0.9125	3.1268	-0.3364	-0.9081	3.1000	-0.3291	-0.5647	3.0559	-0.5253	-0.4942	2.9531	-0.1958	-0.5340	3.1529	-0.2416	-0.8966	3.2003	-0.3146	-0.8730	3.1338	0.000	
15.800	-0.2779	-0.8886	3.1963	-0.1941	-0.9074	3.1311	-0.3537	-0.9234	3.0971	-0.3298	-0.5651	3.0563	-0.5253	-0.4940	2.9530	-0.1941	-0.5331	3.1530	-0.2381	-0.8904	3.2139	-0.3120	-0.8689	3.1317	0.000	
15.833	-0.2778	-0.8890	3.1953	-0.1951	-0.9086	3.1325	-0.3920	-0.9475	3.0904	-0.3294	-0.5653	3.0559	-0.5268	-0.4928	2.9534	-0.1938	-0.5303	3.1517	-0.2379	-0.8919	3.2117	-0.3120	-0.8694	3.1306	0.000	
15.867	-0.2819	-0.8910	3.1955	-0.1971	-0.9125	3.1325	-0.3785	-0.9443	3.0930	-0.3293	-0.5652	3.0558	-0.5261	-0.4938	2.9501	-0.1947	-0.5298	3.1505	-0.2438	-0.8954	3.2117	-0.3155	-0.8711	3.1300	0.000	
15.900	-0.2810	-0.8925	3.1946	-0.1971	-0.9146	3.1312	-0.3439	-0.9136	3.0945	-0.3293	-0.5652	3.0557	-0.5258	-0.4939	2.9489	-0.1970	-0.5331	3.1524	-0.2423	-0.8980	3.2080	-0.3148	-0.8726	3.1303	0.000	
15.933	-0.2836	-0.8938	3.1948	-0.1982	-0.9161	3.1318	-0.3437	-0.9156	3.0940	-0.3294	-0.5654	3.0556	-0.5257	-0.4939	2.9488	-0.1970	-0.5330	3.1531	-0.2454	-0.8992	3.2081	-0.3171	-0.8741	3.1307	0.000	
15.967	-0.2828	-0.8945	3.1942	-0.1982	-0.9167	3.1305	-0.3361	-0.9103	3.0993	-0.3295	-0.5659	3.0554	-0.5253	-0.4928	2.9459	-0.1969	-0.5322	3.1525	-0.2439	-0.9001	3.2055	-0.3164	-0.8749	3.1311	0.000	
