% Time	A1	A2	A3	A4	A5	A6	
2.506	0.8176	-0.3330	-0.2344	-0.3988	-0.2015	-0.3659	
2.518	1.0806	-0.3330	-0.3659	-0.3659	-0.3330	-0.2673	
2.533	0.8505	-0.0371	-0.3988	-0.0700	1.6395	0.2259	
2.547	0.8176	-0.3002	-0.3659	-0.7933	-0.5631	-0.3659	
2.570	0.8176	0.0286	-0.2344	-0.3659	-0.1358	-0.5960	
2.576	0.9162	-0.2015	-0.2344	-0.3001	-2.7329	-0.5631	
2.599	1.1792	0.1601	-0.2673	-0.0371	0.0286	-0.1029	
2.609	0.8834	-0.3330	0.2259	0.0615	0.0615	-0.0700	
2.631	0.6861	-0.2673	-0.1358	-0.3988	-0.1358	-0.0371	
2.643	0.8505	-0.2673	-0.4974	-0.3988	-0.1358	1.8039	
2.660	0.9820	-0.1358	-0.2344	-0.2015	0.3574	-0.1029	
2.670	0.8505	-0.1686	-0.3330	-0.3001	0.2916	-0.6946	
2.703	0.8834	-0.2344	-0.5960	-0.4316	-0.1029	-0.3659	
2.716	0.7847	-0.3002	-0.6618	-0.3330	-0.1358	-3.8835	
2.738	0.8505	-0.3002	-0.3988	-0.3659	-0.2344	0.4231	
2.748	0.6532	-0.0371	-0.4974	-0.3001	-0.1358	-0.6946	
2.767	0.7847	-0.2673	-0.8590	-0.2344	-0.0371	-0.5631	
2.778	0.9491	-0.2673	-0.4317	-0.3001	-0.2344	-0.4645	
2.799	0.7847	-0.3002	-0.4645	-0.3330	0.0944	-0.3988	
2.811	0.7847	-0.2344	0.3902	-0.2015	-0.0043	-0.4645	
2.836	0.8834	-0.0371	-0.2673	-0.9576	-0.0043	-0.3988	
2.841	0.9162	-0.3330	-0.2344	-0.3001	-0.6289	-0.1686	
2.863	0.7847	-0.2344	-0.3988	-0.3330	-0.1029	-0.4316	
2.873	0.8176	-0.3002	-0.5303	-0.2673	-0.1358	-0.3330	
2.894	0.8505	-0.3659	-0.6947	-0.3001	-0.1358	-5.0013	
2.904	0.5546	-0.4317	-0.5303	-0.3001	-0.2344	-0.4645	
2.924	0.9820	-0.2015	-0.1029	-0.1686	-0.1029	0.7519	
2.935	1.4094	-0.1358	-0.2344	-0.2673	-0.2015	-0.3659	
2.955	0.6861	-0.3002	-0.4645	-0.3988	-0.2673	-0.4974	
2.969	-0.1029	-0.3002	-0.4645	-0.2344	0.0944	-0.3330	
2.993	0.2916	-0.0700	-0.3002	-0.3001	-0.0371	-0.1358	
2.997	0.6861	-0.1358	-0.3002	-0.3330	-0.1686	-0.4316	
3.025	0.7519	-0.2673	-1.2207	-0.3001	-0.1358	-0.2015	
3.031	0.8505	-0.1686	-0.2673	-0.2673	-0.0700	-0.5631	
3.051	0.6861	-0.3002	-0.3330	-0.3330	-0.0700	3.0531	
3.059	0.7847	-0.1686	-0.2344	-0.1358	-0.0371	-0.3001	
3.083	0.8176	-0.3988	-0.3659	0.3902	-0.3988	-0.5303	
3.092	1.1464	-0.1686	-0.1029	-0.2344	-0.1358	-0.3330	
3.115	0.7190	-0.5303	-0.7604	-0.5303	-0.3988	-0.5960	
3.123	0.9820	-0.1029	-0.3002	-0.2015	-0.1358	0.0286	
3.150	0.7519	-0.3659	-0.5303	-0.3988	-0.3659	-0.9576	
3.153	0.7519	-0.3330	-0.3330	-0.3330	-0.0043	1.5737	
3.176	0.8176	-0.1686	-0.4645	-0.4316	-0.1029	-0.3988	
3.185	0.4889	-0.1686	-0.4317	-0.3330	-0.0371	-0.4316	
3.206	0.8834	-0.2015	-0.3002	-0.3001	-0.1029	-0.3988	
3.216	0.8505	-0.3002	-0.4974	0.0944	-0.0043	-0.4645	
3.237	0.8176	-0.2015	-0.3988	-0.3988	-0.2015	-0.4316	
3.247	0.8505	-0.2344	-0.3002	-0.2344	-0.1029	-0.4974	
3.279	0.8834	-0.3002	-0.2673	-0.3001	-0.2344	-0.4645	
3.298	0.8834	-0.1358	-0.3330	-0.2344	-0.2673	-0.2344	
3.320	0.7190	-0.3988	-0.4645	-0.4316	-0.3659	0.4560	
3.325	0.9491	-0.3002	-0.1358	-0.3001	-0.0700	-0.3659	
3.351	0.2587	-0.2344	-0.4317	-0.2015	0.0286	-0.2344	
3.357	0.5217	-0.5632	-0.6289	-0.7604	-0.6618	-0.5631	
3.380	0.7519	-0.3002	-0.3988	-0.3659	-0.2344	-0.4974	
3.393	0.5875	-0.5303	-0.5960	-0.6618	-2.7658	-0.4645	
3.411	0.8176	-0.2344	-0.1686	-0.3001	-1.6480	-0.8919	
3.419	0.9491	-0.2344	-0.4317	1.5080	-0.6289	-0.4316	
3.440	0.8505	-0.0700	-0.1358	-0.2344	0.0615	-1.6480	
3.453	0.7847	-0.3330	-0.4317	-0.3659	-0.2673	1.3436	
3.477	0.9491	-0.2344	-0.2673	-0.2344	0.0286	-0.4316	
3.486	0.9162	-0.2673	-0.4974	-0.3001	-0.1686	-0.4316	
3.504	0.7847	-0.1029	-0.3330	-0.3001	-0.0371	-0.4645	
3.513	0.8176	-0.3002	-0.3330	-0.3659	-0.1686	-0.2673	
3.536	0.8834	-0.1686	-0.2015	-0.2673	-0.1358	-0.3001	
3.549	1.0149	-0.0371	-0.4645	-0.1029	-0.0371	-0.4645	
3.566	0.8834	-0.1358	-0.5303	0.0286	-0.2673	-0.3988	
3.580	0.8834	-0.3330	-0.3002	-0.8261	-0.1358	-0.3001	
3.608	0.9162	0.0286	-0.1029	-0.3330	0.4889	0.0944	
3.623	0.9162	-0.2673	-0.3002	-0.3330	-0.1029	-0.3001	
3.648	0.7847	-0.3002	-0.3330	-0.3988	-1.0234	-1.3193	
3.654	0.8834	-0.3659	-0.2015	-0.3330	-0.3001	-0.9576	
3.681	1.0477	-0.1029	-0.2673	0.7847	0.8505	-0.2015	
3.685	0.7190	-0.5303	-0.3988	-0.2673	-0.2344	-0.0371	
3.709	0.9162	-0.2344	-0.3988	-0.3001	-0.2015	-2.0425	
3.719	0.8834	-0.3330	-0.4317	-0.1358	-0.2015	-0.3330	
3.740	0.7190	-0.3002	-0.3988	-0.3988	-0.0371	-0.2673	
3.747	0.9162	0.0286	-0.0700	-0.1358	0.0615	0.0286	
3.773	0.9162	-0.2015	-0.3659	-0.2344	-0.1358	-0.3330	
3.779	1.0477	-0.1358	-0.1029	-0.0700	0.0944	-0.2015	
3.799	0.7190	-0.3002	-0.4645	-0.3659	-0.2673	-0.5631	
3.810	0.9491	-0.8590	-0.3002	-0.1686	0.0615	-0.2673	
3.837	0.8176	-0.2344	-0.2673	-0.3001	-0.1686	-0.3330	
3.841	0.7519	-0.1358	-0.2015	-0.3001	-0.0371	0.5875	
3.864	0.7190	-0.2344	-0.3330	-0.3330	-0.0043	-0.4316	
3.872	1.0149	-0.0371	-0.2344	-0.2344	0.0286	-0.3659	
3.893	1.2779	0.2916	-0.0043	-0.0043	0.1930	0.1601	
3.904	0.8834	-0.2015	-0.3330	-0.2673	-0.2015	-0.4645	
3.928	0.8834	-0.3659	-0.2344	-0.4316	-0.6289	-0.3330	
3.935	0.8176	-0.3002	-0.3002	-0.4974	-0.1029	-0.4974	
3.957	0.8505	-0.3988	-0.2015	-0.3659	-0.1029	-0.1686	
3.966	0.8834	-0.1029	-0.8262	-0.2344	-0.2015	-0.3001	
3.993	0.9491	0.0286	-0.2015	-0.1358	0.0286	-0.1686	
3.998	0.8176	-0.3330	-0.2673	-0.3988	-0.2344	-0.4645	
4.019	0.8505	0.0944	-0.3330	-0.3988	-0.3659	-0.5303	
4.028	0.8176	-0.2673	-1.8453	-0.4974	-0.1029	-0.2673	
4.055	0.8834	-0.2015	-0.1029	0.0615	-0.0700	-0.3659	
4.060	1.1464	-0.7275	-0.5632	-0.5960	-0.8261	-0.6289	
4.082	0.8505	-0.3002	-0.4645	-0.3659	-0.2673	-0.5631	
4.095	0.9820	-0.2344	-0.2015	-0.1358	-0.0700	-0.2015	
4.117	0.8834	-0.1686	-0.2015	-0.2673	-0.1029	7.0967	
4.122	0.7847	-0.3002	-0.2673	-0.3659	-0.8590	-0.6946	
4.144	0.7519	-0.2673	-0.1686	-0.3659	-0.1029	-5.4287	
4.154	0.7847	-0.2673	-1.7138	-0.4645	-0.1029	-0.3659	
4.182	0.8505	-0.3330	-0.2673	-0.4645	-0.1358	-0.2673	
4.185	0.8176	-0.1686	-0.3659	-0.2015	-0.1029	-0.4645	
4.209	1.1135	-0.1029	-0.0371	-0.1686	2.0011	-0.1686	
4.217	0.7847	1.1135	0.0944	-0.1029	-0.1029	-0.9576	
4.240	0.7847	-0.2344	-0.3659	-0.3330	-0.1686	-0.3988	
4.247	1.1464	-0.0700	-0.3330	-0.1029	0.0944	-0.2344	
4.268	0.9491	-0.2673	-0.3002	-0.2344	1.1135	-0.1358	
4.278	1.0149	-0.2015	-0.2673	-0.3001	0.0615	-0.3001	
4.301	0.7190	-0.1686	2.3299	-0.2015	-0.1029	-0.5303	
4.309	0.9162	-0.2673	-0.1686	-0.2673	-0.0371	-0.1358	
4.332	0.7190	-0.2673	-0.4974	-0.3988	-0.3330	-0.4316	
4.341	1.1792	0.0286	0.0286	-0.1029	1.9354	0.1930	
4.369	0.7847	-0.3002	-0.6289	-0.4316	-0.0700	-0.3330	
4.373	0.8505	-0.1358	-0.2015	-0.3001	-0.0043	-0.3330	
4.393	0.9820	0.0944	-0.2673	-0.1358	-0.0043	-0.6618	
4.404	0.7847	-0.3659	-0.4317	-0.4974	-0.3659	-0.5631	
4.428	0.8176	-0.2673	-0.3002	-0.4645	-0.1029	-0.3988	
4.435	0.7519	-0.1686	-2.8973	-0.3659	-0.1358	-0.3988	
4.456	0.7519	-0.3330	-0.1686	-0.3659	-0.2673	-0.3988	
4.466	0.1930	-0.2673	-0.3659	-0.2673	0.0615	-0.1029	
4.494	0.8505	-0.2673	-0.2015	-0.2673	-0.6289	-0.2344	
4.497	0.9491	0.1272	-0.0700	-0.1358	0.0615	-0.1358	
4.522	0.7519	-0.2673	-0.3330	-0.5303	-0.2673	-0.3988	
4.529	0.9162	-0.2344	-0.1358	-0.2015	-0.0700	-1.9110	
4.551	1.0149	-0.0700	-0.1686	-0.1686	-0.1029	-0.2344	
4.561	0.8834	-0.2015	-0.1358	-0.2344	-0.0371	3.0531	
4.583	0.6861	-0.2673	-0.4974	-2.9630	-1.0234	-0.4316	
4.592	0.9162	-0.2015	-0.0371	-0.2015	-0.1029	-0.2015	
4.614	0.6204	-0.2673	-0.1029	-0.2673	-0.0700	-0.1358	
4.624	0.8834	-0.1358	-0.2673	-0.2673	1.7710	0.5217	
4.642	0.9162	-0.2344	-0.1686	0.0944	-0.0043	-0.3659	
4.654	0.7847	-0.3330	-0.2344	-0.3001	-0.2015	-4.1794	
4.681	0.7190	-0.3002	-0.3330	-0.4645	-0.4974	0.1601	
4.684	0.6532	-0.2673	-0.2673	-0.1686	-0.0371	-0.2673	
4.710	0.9162	-0.2673	0.1272	0.2259	-0.1029	-0.0700	
4.716	0.5546	-0.3988	-0.3988	-1.0563	-0.0371	-0.4316	
4.738	0.8176	-0.3330	-0.3002	-0.2015	-0.0043	-0.2344	
4.748	1.0149	-0.1358	-0.2015	-0.2344	-0.0371	-0.2344	
4.769	0.7519	-0.2673	0.1601	-0.3330	-0.1029	-0.4316	
4.780	0.8176	-0.3002	-0.3002	-0.3659	-0.1358	-0.3001	
4.814	0.8834	-0.2344	-0.3330	-0.3001	-0.1358	-0.3330	
4.825	0.7847	-0.2344	-0.3330	-0.3659	-0.1029	-0.1358	
4.854	0.9491	-0.2344	-0.3002	-0.2673	-0.2673	-0.3330	
4.864	0.9491	-0.2344	-0.2673	-0.3001	-0.1686	-0.3001	
4.883	0.8834	-0.3002	-0.0043	-0.3001	-0.2673	-0.3330	
4.888	0.8176	-0.3002	-0.2673	-0.3001	-0.2015	-1.9768	
4.913	0.9162	-0.2015	-0.2344	-1.2864	-0.3001	-0.4316	
4.920	0.8834	-0.3002	2.3299	-0.3659	-0.2673	-0.3001	
4.944	1.4751	0.0944	-0.1686	-0.2015	-0.2673	-0.3001	
4.950	0.7847	-0.7604	-0.1686	-0.4316	-0.2015	-0.0371	
4.974	0.8176	-0.1686	-1.2535	-0.3001	-0.0371	-0.1686	
4.987	0.7519	-0.1686	-0.2673	-0.5303	-0.0700	-0.3001	
5.004	0.6532	-0.3988	-0.4974	-0.4316	-0.3001	-0.4316	
5.014	0.7847	-0.3002	-0.3002	-0.3330	-0.2015	-0.3330	
5.037	0.8505	-0.2344	-0.3659	-0.3001	-0.0700	2.3627	
5.051	1.7052	-0.2344	-0.3659	-0.3988	-0.4316	-0.5631	
5.073	1.0149	-0.1358	-0.3659	-0.3001	-0.1358	-0.3001	
5.080	0.8176	-0.2344	-0.2673	-0.3330	-0.1029	-0.3659	
5.096	0.8505	-0.2344	-0.2015	-0.4316	-0.1029	-0.2673	
5.108	0.8505	-0.3002	-0.3002	-0.3330	-0.1029	-0.3659	
5.133	1.0149	-0.2015	-0.3988	-0.3001	-0.1029	-2.7658	
5.143	0.9162	-0.2015	-0.2673	-0.2015	-0.2344	-0.3330	
5.159	0.9820	-0.0371	-0.1686	-0.2344	-0.0371	-0.4316	
5.169	0.9491	-0.2344	-0.3002	-1.2535	-0.2673	-0.3988	
5.191	0.8505	-0.3002	-0.1029	-0.2673	-0.1358	-0.5303	
5.200	0.6861	-0.2344	-0.5632	-0.4316	-0.2344	0.0286	
5.227	1.3107	-0.0700	-0.1029	-0.2015	-0.0043	-0.1029	
5.236	0.9491	-0.2673	-0.3659	-0.1358	-0.0371	-0.3001	
5.258	1.1135	-0.1686	0.0615	-0.0700	0.1601	-0.2673	
5.263	0.9491	-0.1358	-0.3330	-0.2673	-0.1029	-1.0891	
5.289	0.6532	-0.3330	-0.4317	-0.3988	-0.2344	-0.4974	
5.295	0.5217	-1.6152	-0.5632	-0.6618	-0.4316	0.0286	
5.319	0.7847	-0.1358	-0.3659	-0.4316	-0.1358	-0.3001	
5.328	0.7519	-0.3330	-0.1358	0.3574	-0.0371	-0.2344	
5.349	0.6861	-0.2344	-0.2673	-0.3659	-1.2535	-0.5631	
5.360	0.7190	-0.0700	-0.1358	-0.0700	0.1601	-0.1686	
5.384	0.8834	-0.2344	-0.4317	-1.6809	0.0286	-0.3330	
5.387	0.7519	-0.2015	-0.3330	0.0286	-0.1686	-0.4974	
5.410	0.8834	-0.2015	-0.1358	-0.2344	-0.0043	-1.9768	
5.419	0.7847	-0.2673	-0.4645	-0.2673	-0.2015	-1.6151	
5.446	0.8176	-0.2673	-0.3659	-0.3001	-0.0700	-0.4316	
5.455	0.8834	-0.2344	-0.2673	-0.3001	-0.1686	-0.5960	
5.478	0.8505	-0.2344	-0.2344	-0.2015	-0.1029	2.0669	
5.482	0.8505	-0.2344	-0.3659	-0.2673	-0.2015	-0.3330	
5.510	0.8505	-0.1358	-0.2015	-0.3659	-0.2015	-0.2344	
5.519	0.8505	-0.2673	-0.5632	-0.3001	-0.2015	-5.7245	
5.541	0.8834	-0.3659	-0.2344	-0.4316	-0.1029	-2.7000	
5.549	0.8505	-0.6289	-0.1686	-0.3659	-0.1029	0.2259	
5.569	0.7847	-0.3330	-0.3002	-0.3988	-0.2673	-0.8261	
5.575	0.7847	-0.2344	-0.3988	-0.3330	-0.2015	-0.2015	
5.604	0.7519	-0.3330	-0.4645	-0.1358	-0.3001	-0.5631	
5.616	1.0149	-0.2015	-0.2673	-0.2673	-0.0371	-0.4316	
5.630	0.8176	-0.2344	-0.1358	-0.3330	-0.0043	-0.3659	
5.637	0.6861	-0.2673	-0.4317	-0.3988	-0.2015	-0.7604	
5.663	1.1792	-0.1358	-0.2015	-0.0700	-0.0371	-0.2344	
5.669	0.8505	0.6861	0.1272	-0.0371	-0.0043	-0.6618	
5.695	1.0149	-0.0043	-0.2673	-0.1029	0.5546	-0.3001	
5.703	0.8176	-0.3002	-0.2673	-0.3988	-0.3001	-0.4645	
5.723	0.8176	-0.2015	-0.4317	-0.3330	-0.1029	-0.4316	
5.732	0.8834	-0.2344	-0.2015	0.0286	-0.2015	-0.3001	
5.756	0.7519	-0.2673	-0.3988	-1.8453	-1.2206	-0.5631	
5.763	0.6861	-0.4317	-0.3659	-0.3659	-0.1686	-0.2015	
5.790	0.8505	-0.1686	-0.2673	-0.3330	-0.1029	-0.3988	
5.800	0.9162	-0.4317	-0.3659	-0.2015	-0.2015	0.0615	
5.818	0.8834	0.3902	-0.2673	-0.2015	0.0286	-0.8919	
5.831	0.7190	-0.2344	-0.3988	-0.3001	-0.1358	-0.4316	
5.847	1.0149	-0.0043	-0.1029	-0.1358	-1.8124	0.0944	
5.857	0.7847	-0.2673	-0.2344	-0.3988	-0.0700	-0.3988	
5.880	0.7847	-0.1686	-0.3002	-0.3330	-0.1686	-0.2015	
5.888	0.7847	-0.3330	-0.8590	-0.3001	-0.2344	-0.3330	
5.911	1.1135	-0.2344	-0.2015	-0.3330	-0.0043	-0.2673	
5.920	0.8176	-0.2673	-0.2015	-0.2673	0.0286	-0.3001	
5.943	0.8505	-0.2344	-0.3659	-0.3988	-0.1358	-0.4316	
5.950	0.9162	0.5875	0.2259	-0.2344	-0.1029	-0.9576	
5.974	0.7847	-0.2015	-0.2344	-0.3659	-0.2015	0.8505	
5.988	1.1135	-0.0700	-0.3002	-0.0043	0.1272	-0.1686	
6.007	0.0944	-0.3659	-0.4317	-0.4645	-0.2673	-0.5303	
6.017	0.7519	-0.3002	-0.4974	-0.3330	-0.8261	-0.5960	
6.036	0.7190	-0.1686	-0.4974	-0.2673	-0.4974	-1.0891	
6.045	0.8505	0.0615	-0.3988	-0.3001	0.0286	0.0944	
6.071	0.7190	-0.2673	-0.4974	-0.4645	-0.2015	-0.4974	
6.082	0.8176	-0.3330	-0.3988	-0.3001	-0.1686	-0.3001	
6.099	0.7519	-0.2673	-0.4317	-0.2344	-0.1686	-0.3659	
6.107	0.8176	-0.1686	-0.4317	-0.1686	-0.1686	-0.4316	
6.136	0.7847	-0.4317	-0.3330	-0.3988	-0.5631	-0.4316	
6.138	0.3902	-0.5632	-0.6618	-0.7604	-0.5303	-0.7933	
6.162	0.9491	0.0286	-0.2015	-0.3330	-0.0700	-0.4645	
6.169	0.8176	-0.3002	0.1930	-0.3330	-0.2344	-0.3988	
6.191	0.7519	-0.2673	-0.3002	-0.3001	-0.1686	-0.2344	
6.205	0.7519	-0.3988	-0.2015	-0.2673	-0.2344	-0.3330	
6.226	0.7847	-0.3002	-0.7933	-0.2344	-0.1358	-0.3330	
6.231	0.7519	-0.1358	-0.2344	-0.2344	-0.2015	-0.3001	
6.260	0.9162	-0.2673	-0.1358	-0.3001	-0.0371	9.0364	
6.268	0.8505	-0.3002	-0.3988	0.4560	-0.1358	-0.5303	
6.287	0.7519	-0.2344	-0.2673	-0.3001	0.1272	-0.4645	
6.295	0.8505	-0.3330	-0.1686	-0.2673	-2.4699	-1.0234	
6.320	0.8505	-0.3330	-0.4317	-0.2673	-0.6618	-0.3988	
6.325	0.9162	-0.2673	-0.2673	-0.1358	-0.0700	-0.9576	
6.349	0.7847	-0.1029	-0.2673	-0.2015	-0.0700	-0.6946	
6.362	0.8176	-0.2673	-0.0371	-0.2344	0.0286	-0.2344	
6.379	0.9491	-0.2015	0.0615	-0.2015	-0.1029	-0.3001	
6.389	1.0149	-0.1358	-0.2015	-0.2344	0.1272	-0.2344	
6.410	1.2121	-0.2344	-0.2015	-0.2673	-0.1686	-0.2673	
6.419	0.7519	-0.3002	0.3902	-0.2673	0.0944	-0.2344	
6.441	0.8505	-0.2344	0.6861	-0.1686	-0.2015	-0.3330	
6.454	0.7847	-0.2344	-0.7604	-0.3988	-0.0371	-0.4645	
6.471	0.7847	-0.3659	-0.3330	-0.3659	-0.5960	-0.1029	
6.482	1.1135	-0.1029	-0.1686	-0.1358	0.0615	-0.2344	
6.511	1.1464	0.3245	-0.0043	-0.0043	0.1601	-0.2673	
6.513	0.8834	-0.0700	0.1601	0.0944	0.3245	-0.0700	
6.537	0.7847	-0.2344	-0.3659	-0.3988	-0.1358	-0.3988	
6.550	1.0149	-0.3002	-0.2344	-0.3988	-0.2344	-0.4316	
6.567	0.7847	-0.2673	-0.0700	-0.2673	-0.0700	-0.3001	
6.581	0.9820	-0.1358	-0.3002	-0.1358	-0.0700	0.0944	
6.599	0.7190	-0.2673	-0.2344	-0.3330	-0.2344	-0.4974	
6.607	0.6861	-0.3988	-0.3330	-0.4316	-0.2015	-0.3659	
6.638	0.8834	-0.2673	-0.4317	-0.3001	-0.1029	-0.3001	
6.654	0.9820	-0.2015	-0.0043	-0.1686	-0.0371	0.2587	
6.679	0.8176	-0.0700	-0.1686	-0.2344	0.0944	-0.3330	
6.686	1.2450	-0.0371	-0.3002	-0.1686	-0.2344	-0.3001	
6.708	0.9162	-0.2673	-0.3330	-0.3330	-0.1029	-0.4974	
6.721	0.7847	-0.3002	-0.4317	-0.2344	-0.2015	-1.6151	
6.739	0.9162	-0.2015	-0.3988	-0.1686	-0.1029	-0.3659	
6.747	0.9162	-0.3002	-0.2344	-0.3001	-0.1029	-0.1029	
6.770	0.6532	-0.3988	-0.3002	-0.4974	-0.2344	4.1709	
6.779	1.0477	-0.1358	-0.0700	0.9820	0.0944	-0.1358	
6.801	0.9491	-0.2344	-0.4317	0.0286	-0.0371	-0.3001	
6.812	1.1464	-0.3659	-0.2015	-0.0700	-0.3001	-0.1686	
6.833	0.6861	-0.2344	-0.3002	-0.2344	-0.2015	-0.3001	
6.841	0.7847	-0.3659	-0.3002	-0.4974	-0.1358	-0.3988	
6.866	0.8176	-0.1686	-0.3659	-0.2673	0.0615	-0.3001	
6.874	0.7519	-0.2015	-0.3330	-0.2673	-0.1029	-0.3330	
6.898	0.7519	-0.3330	-0.1686	-0.3988	-0.2344	-0.4645	
6.905	0.8834	-0.2015	-0.0700	-0.3330	-0.0043	-0.2673	
6.927	0.7519	-0.4645	-0.4317	-0.4316	-0.1358	-0.0371	
6.935	0.8505	-0.2015	-0.3330	-0.3001	-0.2015	-0.3330	
6.956	0.7519	-0.3659	-0.2673	-0.4316	-0.2344	-0.3001	
6.967	0.9491	0.2916	-0.2344	-0.3001	-0.0043	-0.6618	
6.990	0.7847	0.3902	0.3574	-0.3659	-0.2344	-0.3988	
7.000	0.7519	-0.1686	-0.5303	-0.2344	-0.1358	-6.5135	
7.024	0.9820	-0.2673	-0.2673	-0.2015	-0.1358	-0.3001	
7.029	0.7847	-0.3330	-0.3330	-0.2673	-0.2015	-0.3330	
7.050	0.7519	-0.3330	-0.8262	-0.4645	-0.3330	-0.4974	
7.061	0.8505	-0.2015	-0.1029	-0.2673	-0.1358	1.1135	
7.086	0.6861	-0.3330	-0.3002	-0.3659	-0.2344	1.5737	
7.091	0.4560	-1.2864	-0.6618	-0.6946	-0.5960	-0.1029	
7.114	0.8505	-0.2015	-0.3988	-1.2206	-0.4974	-0.4974	
7.122	0.7847	-0.1358	-0.3002	-0.3001	-1.6151	-0.9248	
7.150	0.7847	-1.5494	-0.3659	-0.4974	-0.1686	-0.1029	
7.153	0.8834	-0.2673	-0.3330	-0.2344	-0.0700	-0.4645	
7.178	0.8176	-0.2673	-0.3002	-0.3330	-0.1686	-0.5631	
7.187	1.0149	-0.1686	-0.2673	-0.2673	-0.1029	1.2779	
7.210	0.8505	-0.1686	-0.2673	-0.3330	-0.1029	-0.4645	
7.216	0.8834	-0.3330	-0.3659	-0.3330	-0.1029	-0.4316	
7.238	0.7190	-0.3002	-0.3659	-0.3988	-0.1686	-0.3988	
7.248	0.8834	-0.1358	-0.1686	-0.2673	-4.2123	-0.6289	
7.270	1.0149	-0.0700	-0.4974	-0.2344	-0.1358	1.2779	
7.279	1.0149	0.4560	-0.2673	-0.1686	-0.0371	-0.7933	
7.301	0.8834	-0.0043	-1.4179	-0.1029	0.0615	-0.1686	
7.310	0.9162	0.3902	-0.2673	-0.2344	-0.0371	-1.0234	
7.351	0.7847	0.8176	-0.3988	-0.2673	-0.1686	-1.3193	
7.356	0.8505	-0.2673	-0.3002	-0.3001	-0.1686	-0.1358	
7.378	0.7847	-0.2015	-0.0700	-0.3330	-0.0371	-2.9959	
7.389	0.7190	-0.3330	-0.2015	-0.3988	-0.2344	-0.3330	
7.409	0.7519	-0.2344	-0.2673	-0.3659	-0.2344	-0.9905	
7.422	0.9162	-0.2344	-0.3659	-0.2344	-0.2015	-0.4316	
7.440	0.7847	-0.2673	-0.3002	-0.3001	-0.0700	-0.3330	
7.450	0.9162	-0.0700	-0.9577	-0.2344	-0.1029	-0.2673	
7.472	0.7847	-0.2015	-0.3330	-0.3659	0.4560	-0.0700	
7.486	0.7519	-0.3002	-0.4317	-0.4645	-0.2344	-0.4316	
7.504	0.8834	-0.3330	-0.3988	-0.3001	-0.3001	-0.4316	
7.517	0.7519	-0.3002	-0.4974	0.5546	-0.3001	-0.4974	
7.537	0.8505	-0.2673	-0.1686	-0.2673	-0.1686	-0.2344	
7.544	0.9162	-0.2344	-0.3659	-0.2673	-3.1932	-1.5823	
7.566	1.1464	-0.0371	-0.0700	-0.0043	0.2587	-0.1686	
7.580	0.9820	-0.1686	-0.0700	-0.1029	0.0944	0.1930	
7.600	1.0149	0.9491	0.0286	-0.1358	-0.0700	-1.1220	
7.612	0.8834	-0.2015	-0.2673	-0.1686	-0.0371	-0.2344	
7.628	0.7190	-0.2673	-0.3988	-0.3330	-0.1029	-0.3988	
7.637	0.9162	-0.1358	-0.2344	-0.0700	0.0944	-0.2015	
7.663	0.8176	-0.2015	-0.2344	-0.4316	-0.1029	-0.4974	
7.671	0.8176	-0.3659	-0.5303	-0.3330	-0.1686	-0.0371	
7.691	0.8505	0.2587	-0.1686	0.1930	0.0944	0.0286	
7.704	0.7847	-0.2344	-2.3713	-0.2015	-0.1358	-0.3330	
7.727	0.9162	-0.3002	-0.3330	-0.3988	-0.1029	-0.5960	
7.733	0.7190	-0.3002	-0.3330	-0.1686	-0.2673	-0.3659	
7.756	0.8176	-0.3988	-0.2673	-0.3659	-0.2344	-0.3001	
7.770	0.7847	-0.3330	0.2916	-0.7275	-0.2673	-0.4316	
7.792	0.7847	-0.3002	1.0477	-0.5303	-0.1686	-0.4316	
7.800	0.9491	-0.1686	-0.1358	-0.3001	0.9162	-0.3330	
7.816	0.9162	-0.3330	-0.1358	-0.3001	-0.0371	-0.4316	
7.825	0.7847	-0.3002	-0.3988	-0.3001	-0.1686	-0.2344	
7.864	0.8505	-0.2015	-0.4974	-0.3330	-0.0700	-0.4316	
7.873	0.7847	-0.1358	-0.3330	-0.2344	-0.0700	-0.3330	
7.895	1.6066	-0.2015	-0.2344	-0.1686	-0.0371	-0.2673	
7.905	0.7847	-0.1029	-0.3330	-0.3330	-0.1358	-0.3001	
7.927	0.8176	-0.1686	0.0286	-0.3330	-0.1358	-0.3001	
7.935	0.7847	-0.1029	-0.3002	-0.2015	-0.1358	-0.2673	
7.956	0.7519	-0.3330	-0.2344	-0.3659	-0.0371	-1.6480	
7.966	0.8505	-0.1686	-0.3002	-0.2344	0.0286	-0.4974	
8.015	1.0149	-0.0371	-0.0043	-0.2344	-0.0043	-0.3001	
8.030	0.9162	-0.2673	-0.3002	-0.3330	-0.1358	-0.3330	
8.051	0.3902	-0.3002	-0.3002	-0.3659	-0.2344	-0.5303	
8.059	0.9162	-0.1358	0.6861	-0.2015	-0.0371	-0.2673	
8.082	0.7519	-0.3002	-0.4974	-0.3988	-0.2015	-0.3659	
8.093	0.8505	-0.3659	-0.2344	-0.1686	-0.0043	0.3902	
8.112	0.7519	-0.3002	-0.3659	-0.3330	-0.1358	-0.2673	
8.122	1.0477	-0.1029	-0.3330	-0.0700	-0.9576	-1.1220	
8.144	0.9491	-0.1358	-0.1358	-0.2015	-0.0700	2.3299	
8.155	0.7847	-0.2673	-0.3988	0.6861	0.3902	-0.3988	
8.176	0.8834	0.1601	-0.0043	-0.0371	0.2587	-0.2344	
8.188	0.7519	-0.1358	-0.3002	-0.3659	-0.0700	-0.4316	
8.207	0.7847	-0.1358	-0.2673	-0.8919	-0.3330	-0.3659	
8.216	0.8176	-0.1686	-0.3330	0.1272	-0.2015	-0.2673	
8.239	0.8505	-0.2015	-0.2344	-0.2673	0.0286	-0.2673	
8.247	1.0477	-0.2015	-0.3002	-0.2015	-0.0700	-0.3659	
8.275	0.7847	-0.2344	-0.4974	-0.2673	-0.0700	-0.3330	
8.278	0.8834	-0.2015	-0.2673	-0.3001	-0.5303	-0.1358	
8.301	0.6861	-0.2673	-0.3659	-0.3988	-0.2015	0.8505	
8.311	0.9820	0.0286	-0.5303	-0.1358	0.1601	-0.2015	
8.338	0.7190	-0.3002	-1.0563	-0.4316	-0.2015	-0.4974	
8.341	1.0149	-0.2344	-0.2673	-0.2015	-0.1686	-0.3988	
8.363	0.8505	-0.2673	-0.4317	-0.2673	-0.0700	-0.3001	
8.372	0.8176	-0.2673	-0.3002	-0.2344	-0.1029	-0.3988	
8.401	0.7847	-0.3659	-0.6618	-0.4316	-0.2015	-0.5303	
8.404	0.7519	-0.2344	-0.2344	-0.3988	-0.2673	-0.3988	
8.424	1.1135	-0.0371	-0.0043	-0.8261	-0.6289	-0.2344	
8.435	0.8176	-0.2673	-0.3988	-0.3001	0.3902	-0.5303	
8.462	0.8505	-0.5632	-0.2673	-0.3659	-0.0700	-0.0043	
8.467	0.8176	-0.1358	-0.3002	-0.2015	-0.1029	2.1984	
8.487	0.6861	-0.2673	-3.4890	-0.4316	0.1930	-0.1686	
8.498	1.1464	-0.0043	-0.1029	-0.0043	0.0615	-0.1029	
8.519	0.8176	-0.2673	-0.6947	-0.3001	-0.0371	-0.8261	
8.529	0.9820	-0.2344	-0.0043	-0.1686	-0.1358	-0.2344	
8.550	0.9162	-0.1686	-0.4317	-0.2344	-0.2673	-0.3659	
8.559	0.9491	-0.3002	-0.2673	-0.2673	-0.0371	-0.2344	
8.582	0.9162	-0.1029	-0.4317	-0.1686	-0.0371	-0.3988	
8.595	0.8176	-0.1358	-0.4317	-0.2673	0.0286	-0.2344	
8.612	0.6861	-0.2673	-0.3330	-0.2344	0.0286	-0.3001	
8.622	0.6861	-0.3002	-0.3988	-0.4316	-0.2673	-0.4645	
8.646	0.7847	-0.2344	-0.2344	-0.3330	-0.1358	-0.4316	
8.654	0.7519	-0.3002	-0.3330	-0.2344	-0.1686	-0.2015	
8.677	0.9162	0.0286	-0.3002	-0.2015	-0.0700	-0.8590	
8.685	0.9491	-0.0371	-0.1029	-0.1358	0.0615	3.1517	
8.709	0.8176	-1.0234	-0.3330	-0.3330	-0.1358	-0.2673	
8.717	0.7847	-0.4645	-0.3002	-0.3659	-0.3001	-0.4645	
8.739	0.7519	-0.2344	-0.2344	-0.9248	-0.2344	-0.3988	
8.748	0.8505	-0.3659	-0.2344	-0.3659	-0.2673	-0.3659	
8.768	0.8505	-0.0700	-0.3330	-0.2015	0.1930	-0.2015	
8.778	0.9491	-0.2673	-0.4645	-0.2015	-0.1029	-0.3330	
8.800	0.9491	-0.2344	-0.2673	-0.2673	-0.1029	-5.4287	
8.811	0.8834	-0.2015	-0.2015	0.3245	0.0286	-0.3001	
8.839	0.7519	-0.3002	-0.4645	-0.5303	-0.0700	-0.4316	
8.841	0.7847	-0.3330	-0.2015	-0.1358	0.1930	-0.2015	
8.863	0.9162	-0.2673	-0.3330	-0.3001	-0.1358	-0.3001	
8.873	0.8834	-0.1358	-0.3988	-0.3001	-0.1358	-0.4316	
8.895	0.9162	0.2916	-0.3002	-0.2673	-0.1686	-1.1549	
8.905	0.8834	-0.2015	-0.1358	-0.1358	-0.1029	-0.1358	
8.928	0.5546	-0.5303	-0.4974	-0.6618	-0.5303	-3.3575	
8.934	0.8505	-0.3330	-0.3330	-0.4645	-0.1686	-0.5303	
8.962	0.9491	-0.1358	-0.0043	-0.1358	-0.0043	5.3872	
8.970	0.9820	-0.1358	-0.5632	-0.1686	-0.1686	-0.4316	
8.987	0.8505	-0.2344	-0.4317	-0.7604	-0.1358	-0.3988	
8.997	0.8176	-0.2015	-0.3002	-0.3001	-0.1029	-0.3001	
9.022	0.7190	-0.3002	-0.2673	-0.4316	-0.2015	-0.2673	
9.030	0.9162	-0.1358	-0.3330	-0.1686	-0.0700	-0.2673	
9.050	0.9491	-0.3002	-0.2673	-0.2673	-0.2344	-0.3659	
9.061	0.5875	-0.3002	-0.3330	-0.3001	-0.1029	-0.0700	
9.083	0.7847	-0.9905	-0.6289	-0.2673	-0.2015	0.1930	
9.092	0.6861	-0.9577	-0.3988	-0.2673	-0.2015	-0.4316	
9.113	0.8176	-0.2344	-0.8919	-0.3001	-0.1029	-0.2015	
9.123	0.8176	-0.2673	-0.2015	-0.2673	-0.0700	-0.2344	
9.147	0.8176	-0.3002	-0.1358	-0.0700	0.0944	-0.4645	
9.156	0.8176	-0.3330	-0.2015	-0.2673	-0.1686	-0.2344	
9.177	0.4889	-0.3330	-0.4645	-0.7604	-0.5303	-0.3330	
9.185	0.7847	-0.2344	-0.3002	-0.8590	-0.1029	-0.3001	
9.208	0.8176	-0.3330	0.3902	-0.4316	-0.2015	-0.3988	
9.218	0.8505	-0.3330	-0.2673	-0.2015	-0.1029	-0.5303	
9.238	0.6532	-0.2673	-0.3988	-0.4645	-0.1358	-0.6289	
9.249	0.7847	-0.2673	-0.3002	-0.3330	-0.1358	-0.6289	
9.271	0.6861	-0.3988	-0.3659	-0.4645	-0.2673	-0.1029	
9.280	0.8505	-0.3330	-0.3002	-0.3001	-0.1358	-0.3001	
9.301	0.7847	-0.2673	-0.4645	-0.3001	-0.2344	-0.4974	
9.313	0.8505	-0.4645	-0.2344	-0.3001	-0.0700	-0.1029	
9.337	0.9491	-0.2673	-0.3330	-2.1083	-0.2344	-0.2015	
9.341	0.7847	-0.2673	-0.2015	-0.3330	-0.1029	-0.5631	
9.362	0.7519	-0.2344	-0.2673	-0.2673	-0.0371	-0.3659	
9.372	0.8505	-0.2673	-0.2673	-0.3659	-0.1686	-0.4316	
9.393	0.8505	0.0615	-0.3002	-0.3001	0.3574	-0.5303	
9.404	0.8176	-0.2673	-0.4317	-0.3988	-0.2015	-0.4316	
9.425	0.9162	-0.3330	-0.1029	-0.0371	-0.2015	-0.3330	
9.435	0.8176	-0.1686	-0.3988	-0.2673	-0.2015	-0.3659	
9.456	0.8176	-0.1686	-0.3002	-0.3001	-0.0371	-0.3001	
9.467	0.9162	-0.1029	-0.2344	-0.2673	2.1326	-0.4645	
9.489	0.8176	-0.2015	-0.3002	-0.3001	0.4231	0.4231	
9.500	0.8176	-0.2015	-0.4317	-0.2344	-0.1029	-0.1358	
9.523	0.8505	-0.3002	-0.2344	-0.2344	-0.0700	-0.1358	
9.529	1.1792	-0.0700	-0.1358	0.0286	0.2916	-0.1029	
9.552	0.7190	-0.3988	-0.4645	-0.3330	-0.2344	-6.2505	
9.560	0.7847	-0.2673	0.1601	-0.3001	-0.1686	-0.3988	
9.582	0.6532	-0.2673	-0.4974	-0.4645	-0.1686	-0.5960	
9.591	0.9162	-0.2344	0.0615	0.0286	-0.0371	0.0286	
9.614	0.8505	-0.1358	-0.3002	-0.3001	-0.0371	0.0944	
9.624	0.8505	-0.1029	-0.2673	0.0615	0.0944	-0.3001	
9.645	0.8505	-0.0371	-0.3659	-0.3001	-0.2015	-0.7604	
9.654	0.7847	-0.3330	0.3574	-0.3001	-0.3001	-0.2673	
9.675	0.5546	-0.3330	-0.3002	-0.3988	-0.1358	-0.4316	
9.685	0.6532	-0.3659	-0.4317	-0.1029	-0.3330	-0.4316	
9.707	0.8834	-0.2673	0.3574	-0.3659	-0.0371	-0.2344	
9.716	0.7847	-0.3002	-0.3002	-0.3330	-0.2015	0.3574	
9.738	0.9162	-0.0371	-0.2015	-0.2344	-0.0371	-0.3659	
9.747	0.7190	-0.0371	-0.1358	-0.1686	-0.0700	-0.2344	
9.770	1.0477	-0.1029	-0.3988	-0.3659	-0.0700	-0.4645	
9.780	0.8834	-0.1686	-0.4645	-0.3001	-0.0371	1.6724	
9.799	0.8834	-0.2673	-0.2673	-0.3330	-0.0700	-0.2673	
9.811	0.9820	-0.1029	0.2916	-0.1686	-0.0043	-0.2015	
9.833	0.9162	-0.2015	-0.3330	-0.3001	-0.2673	-0.3001	
9.841	0.8834	-0.3002	-0.3659	-0.2344	-0.2015	-0.3330	
9.863	0.7190	-0.3659	-0.3002	-0.3988	0.1930	-0.3001	
9.873	0.8176	-0.3002	-0.0700	-0.2673	-0.1358	-0.3330	
9.901	0.8176	-0.1686	-0.5960	-0.2673	-2.1083	-0.5631	
9.903	0.8834	-0.1029	-0.3988	-0.1686	-0.0700	-0.4645	
9.929	0.9491	-0.0371	-0.2015	-0.2015	-0.0371	-0.2344	
9.935	0.7519	-0.1686	-0.4317	-0.4974	-0.3001	-0.5303	
9.959	1.4751	-0.2015	-0.3330	-0.2673	-0.3988	-0.3659	
9.970	0.6861	-0.3002	-0.2673	-0.3330	0.4889	-0.4316	
9.989	0.8176	-0.3002	-0.2673	-0.1358	-0.8919	-0.5631	
9.999	0.7847	-0.2673	-0.1358	-0.4645	-0.1358	-0.2673	
10.021	0.6532	-0.4645	-0.7933	-0.5303	-0.3988	-0.2344	
10.030	0.9491	-0.1686	-0.1358	-0.3001	-0.0371	-0.3001	
10.050	0.7519	-0.2673	-0.4645	-0.3001	-0.3330	-0.5303	
10.061	1.8039	0.0286	-0.3330	-0.0700	-0.2015	-0.4645	
10.080	1.0477	-0.1029	-0.1686	-0.1358	-0.0700	-0.2673	
10.090	0.9491	-0.2015	-0.1358	-0.0043	-0.1358	-0.1358	
10.112	1.0149	-0.1686	-0.5303	-0.1686	-0.0700	-0.2344	
10.122	0.9162	-0.1358	-0.2673	-0.2015	0.0286	2.7572	
10.145	0.8176	-0.1358	-0.3002	-0.1686	0.0944	-0.3988	
10.155	0.8505	-0.1029	-0.4317	-0.3001	-0.1029	0.1601	
10.175	0.6532	-0.2673	-0.2673	-0.3659	-0.0700	-0.3330	
10.186	0.7519	-0.2673	-0.3330	-1.4179	-0.2673	-0.4316	
10.209	0.8176	-0.2673	-0.4317	-0.3659	-0.1029	-0.2344	
10.218	0.7519	-0.2344	-0.5632	-0.3659	-0.8261	-0.3330	
10.242	0.9491	-0.0371	-0.3659	-0.2015	-0.1029	-1.7138	
10.251	0.8505	-0.3002	-0.4974	-0.3659	-0.3001	-0.5303	
10.271	0.7847	-0.3330	-0.7604	-0.4316	-0.3001	-0.4645	
10.280	0.8176	0.0286	-0.2673	-0.3659	-0.0371	-0.5960	
10.301	0.7190	-0.2673	-0.3988	-0.2344	-0.1686	-0.2344	
10.309	0.9491	-0.2673	-0.2015	-0.3001	0.7519	-0.8261	
10.331	0.7519	-0.2673	-0.3988	-0.3988	-0.0371	-0.3659	
10.342	0.9162	-0.2673	-0.3988	-0.2015	-0.0371	-0.3330	
10.362	0.8176	-0.3330	-0.2015	-1.6809	-0.2015	-0.1686	
10.373	0.8176	-0.6947	-0.5632	-0.3001	-0.1358	-0.3988	
10.414	0.7519	-0.3002	-0.3330	-0.3001	-0.1029	-0.5303	
10.420	0.7519	0.5546	-0.2344	-0.3659	-0.2015	-0.6289	
10.441	0.9491	-0.3330	-0.1686	-0.3330	0.1930	-0.1029	
10.450	0.9162	-0.1686	-0.3659	-0.2673	-0.1358	-0.2015	
10.470	0.7519	-0.2673	-0.3659	-0.3659	-0.2015	-1.7138	
10.486	0.5217	-0.3659	-0.4645	-0.3001	-0.1686	-0.3659	
10.503	0.9820	0.9820	-0.1029	-0.0700	0.0286	-1.1220	
10.517	0.8834	-0.1358	-0.2344	-0.1029	0.2916	-0.3330	
10.555	0.7847	-0.2673	-0.3659	-0.3330	-0.2015	-1.7466	
10.560	1.2121	-0.0043	-0.2344	-0.1358	0.0615	-0.1686	
10.581	0.8176	-0.2673	-0.3988	-0.3001	-0.1029	-0.3988	
10.591	0.8834	-0.2344	-0.2015	-0.3330	0.0286	-1.0234	
10.613	0.9491	-0.2344	-0.3330	0.5217	0.0286	-0.2015	
10.624	0.9162	-0.3002	-0.3330	-0.0043	0.1272	-0.2344	
10.644	0.7847	-0.3659	-0.2673	-0.4316	-0.8261	-0.3988	
10.655	0.7519	-0.2673	-0.3330	-0.3001	0.3902	-0.0371	
10.684	0.8505	-0.5960	-0.1029	-0.1686	-0.0700	0.7847	
10.705	0.7847	-0.1686	-0.2015	-0.1029	-0.2015	0.1272	
10.726	0.8176	-0.2673	-0.3988	-0.0371	-0.2344	-0.2673	
10.733	0.9491	-0.3002	-0.3659	-0.4316	-0.1029	-0.5303	
10.754	0.7190	0.1601	-0.3988	-0.3659	-0.2015	-1.0234	
10.768	0.7519	-0.2344	-0.4974	-0.9905	-0.2673	-0.4974	
10.784	1.1792	-0.0371	-0.1358	-0.0371	0.1930	-0.3330	
10.800	0.9491	-0.0700	-0.1358	-0.1358	-0.0371	1.6395	
10.827	1.0149	-0.5632	0.1930	-0.0371	0.1601	0.0286	
10.841	0.8834	-0.1358	-0.3002	-0.2673	-0.1029	-0.3988	
10.863	0.8176	-0.2015	-0.3659	-0.6618	-0.0700	-0.3659	
10.873	0.8505	-0.1029	-0.3002	-0.3659	-0.2015	-0.3988	
10.894	0.9162	0.3902	0.0944	-0.0043	0.1930	-0.1029	
10.905	1.0477	-0.1686	-0.1358	-0.0371	0.0286	-0.1686	
10.925	0.8176	-0.2015	-0.4317	-0.3001	-0.0700	-0.0043	
10.935	0.7190	-0.3330	-0.2673	-0.3330	-0.0700	-0.2673	
10.961	1.0149	-0.1686	-1.6152	-0.0700	0.0615	-0.2015	
10.966	0.9491	-0.1686	-0.3659	-0.2344	-0.0700	-0.3659	
10.987	0.7519	-0.3002	-0.4317	0.4560	-0.2015	-0.4645	
10.999	0.9491	-0.1029	-0.2015	-0.2015	-0.0371	-0.3330	
11.042	0.8834	-0.2015	-0.2673	-0.2673	-0.0043	2.6257	
11.049	0.7190	-0.3659	-0.1686	-0.4974	-0.2015	-0.3988	
11.066	0.8505	-0.2344	-0.2344	-0.3001	-0.1029	-0.3659	
11.075	0.2916	-0.2344	-0.1358	-0.3330	0.1272	-0.3659	
11.097	0.8834	-0.2673	-0.3002	-0.2015	-0.0371	-0.2344	
11.107	0.8176	-0.2015	0.1930	0.0944	-0.0700	-0.3330	
11.132	0.7847	-0.2673	-0.3659	-0.3659	-0.1686	-0.3001	
11.142	0.8505	-0.1686	-0.2673	-0.2344	-0.6946	-1.1878	
11.174	0.8505	-0.2344	-0.2344	-0.2673	-0.0043	-0.2344	
11.186	0.8505	-0.2344	-2.2069	-0.3001	-0.1029	-0.4316	
11.205	0.7519	-0.3002	-0.4974	-0.3988	-0.2015	-0.6289	
11.220	0.8505	0.1930	-0.3988	-0.2344	-0.0700	-0.7604	
11.244	0.7519	-0.3330	-0.2344	-0.4316	-0.2344	-0.2673	
11.247	0.8834	-0.3330	-0.2015	-0.3001	-0.9248	-0.9905	
11.276	0.8834	-0.2344	-0.3330	-0.3659	-0.1358	-0.3001	
11.279	0.9162	-0.1686	-0.1686	-0.2344	-0.1686	-0.3330	
11.306	0.8505	-0.4317	-0.4317	-0.3330	-0.2015	-0.3659	
11.312	0.8834	-0.3002	-2.1412	-0.4316	-0.2673	-0.2673	
11.332	0.8505	-0.2673	-0.3659	-0.3330	-0.0043	-0.3988	
11.341	0.9820	-0.2344	-0.4645	-0.2344	-0.1686	-0.2673	
11.370	0.7519	-0.2015	-0.3002	-0.3659	-1.3193	-0.4974	
11.373	0.8176	-0.3002	-0.3330	-0.4316	-0.2344	-0.3659	
11.394	1.0477	-0.1358	-0.1029	-0.0700	0.1601	-0.1686	
11.405	0.8176	-0.2015	-0.3002	-0.1686	-0.0700	-0.3659	
11.425	1.0806	-0.1358	-0.6947	-0.1358	0.0615	-0.2344	
11.435	0.6861	-0.2673	-0.9905	-0.4316	-0.1686	-0.4316	
11.457	0.9491	-0.2015	-0.2673	-0.2673	-0.0371	-0.3001	
11.468	0.7847	-0.2015	-0.3988	-0.2673	-0.0371	3.0531	
11.493	0.8505	-0.3988	-0.3330	-0.2673	-3.4890	-1.4179	
11.499	1.2779	0.0944	-0.1686	-0.0043	-0.9905	-0.2015	
11.520	0.8505	-0.2015	-0.2015	-0.2015	-0.0371	-0.3330	
11.529	0.8834	-0.3002	-0.3330	-0.3001	0.0615	-0.2673	
11.550	0.7190	-0.3002	-0.3659	-0.3330	-0.1029	-0.4316	
11.561	0.9162	-0.1686	-0.7933	-0.2673	-0.0700	-0.3659	
11.581	0.8176	-0.3002	-0.4317	-0.3330	-0.5303	-0.5631	
11.590	0.7847	-0.1686	-0.2015	-0.3001	-0.1029	-0.3659	
11.612	0.9491	-0.2344	-0.9577	-0.3330	-0.1029	-0.3330	
11.622	1.2121	0.1601	1.0477	0.2259	0.1930	-0.1358	
11.645	0.8176	-0.3002	-0.6618	-0.3001	-0.1358	-0.4645	
11.656	0.6204	-0.3002	-0.2673	-0.3659	-0.2344	-0.3001	
11.695	0.8834	-0.1686	-0.3659	-0.2673	-0.0371	-0.3988	
11.705	0.8505	-0.3330	-0.2673	-0.2673	-0.1358	-0.4645	
11.721	0.7847	-0.3988	-0.3002	-0.2673	-0.8261	-0.3001	
11.732	0.9820	-0.1358	-0.4974	-0.2673	-0.0043	-0.1686	
11.758	0.9162	-0.2344	-0.4645	-0.2344	-0.1358	-0.2344	
11.764	0.9162	-0.2673	-0.2344	-0.3330	-0.1358	-0.3330	
11.786	0.8505	-0.3002	-0.3330	-0.3659	-0.2344	-0.4316	
11.794	0.8505	-0.0700	-0.2673	-0.2673	-0.0043	-0.3001	
11.820	0.7519	-0.2344	-0.4645	-0.3659	-0.2015	-0.3988	
11.826	0.5546	-0.2673	-0.2344	-0.3330	-0.0700	-0.3659	
11.848	0.8505	-0.2344	-0.3002	-0.2344	-0.1029	-0.3988	
11.857	0.8505	-0.3002	-0.3988	-0.3659	-0.2344	-0.4645	
11.885	0.9162	-1.1549	-0.3988	-0.3001	-0.1686	0.1601	
11.892	0.8176	-0.3330	-0.2015	-0.4316	-0.0371	-0.3659	
11.910	0.8176	-0.2344	-0.3002	-0.3001	-0.2673	-0.3001	
11.924	1.1135	-0.2015	-0.3659	-0.2344	-0.1358	-0.3330	
11.939	0.5217	-0.4645	-0.2673	-0.3988	-0.0371	-0.1686	
11.950	0.8505	-0.2673	-0.1686	-0.0043	0.0286	-0.3001	
11.976	0.9162	-0.3002	-0.0371	-0.3001	-0.0700	-0.4316	
11.981	0.9820	-0.2015	-0.2344	-0.2344	-0.1029	-0.3659	
12.007	0.9820	-0.1358	-0.2015	-0.0700	0.1930	-0.3001	
12.013	0.9491	-0.1358	-0.5632	-0.3001	-0.0043	-0.3330	
12.035	0.9491	-0.2015	-0.9577	-0.3001	-0.1029	-0.2344	
12.044	0.7847	-0.2344	-1.9110	-0.2015	-0.1029	-0.3330	
12.073	0.8834	-0.1358	-0.2344	-0.3330	-0.1029	-0.2344	
12.076	0.6861	-0.1029	-0.3002	-0.2673	0.0615	-0.1029	
12.097	0.9162	-0.2015	-0.2344	-0.2344	0.0615	-0.2344	
12.112	1.0149	-0.2015	-0.1686	-0.1686	-0.0371	3.6120	
12.131	0.8834	-0.2344	-0.4974	-0.3001	-0.0700	-0.3988	
12.138	0.7519	-0.2673	-0.2673	-0.3988	-0.1686	-0.3001	
12.158	0.8834	-0.1358	-0.0371	-0.2673	0.0286	-0.2673	
12.173	0.9491	-0.1686	-0.3002	-0.1029	-0.0371	-0.2015	
12.210	0.6532	-0.3330	-0.2673	-0.3988	-0.2344	-0.5303	
12.217	0.8834	0.0286	-0.0371	-0.2673	-0.0043	-0.1358	
12.238	1.1464	-0.3002	-0.3002	-0.2673	-0.4645	-0.3988	
12.250	0.7847	-0.3330	-0.3330	-0.3001	-0.2344	-1.1220	
12.274	0.8834	-0.2344	-0.2015	-0.3001	-0.1358	-0.3330	
12.279	0.6861	-0.1686	-0.2673	-0.2344	0.1272	-0.3330	
12.300	1.0149	-0.1358	-0.1029	-0.2344	0.0286	-0.3330	
12.311	0.1272	-0.1358	-0.0043	-0.0043	0.5875	-0.0043	
12.338	0.6861	-0.5960	-0.4645	-0.2673	-0.2673	0.1601	
12.341	0.9162	-0.2673	-0.3002	-0.3659	-0.1686	-0.3001	
12.367	0.8176	-0.3002	-0.4974	-0.3988	-0.2015	-0.3330	
12.372	0.9162	-0.2673	-0.4974	-0.3330	-0.3001	-0.2673	
12.401	0.4560	-0.5632	-0.4645	-1.0234	-0.5631	-0.5303	
12.405	0.8505	-0.2673	-0.2344	-0.3001	-0.1686	3.5462	
12.426	0.7519	-0.2015	-0.2673	-0.7275	-0.0700	-0.2673	
12.437	0.8834	-0.1358	0.2916	-0.3659	-0.1029	-0.4645	
12.472	0.7519	-0.3330	-0.3659	-0.4316	-0.2015	-0.3659	
12.481	1.1135	-0.1029	-0.1358	-0.0700	0.2259	-0.1029	
12.503	0.8176	-0.1029	-0.8919	-0.3001	-0.0371	-0.3988	
12.514	0.8834	-0.1358	-0.2015	-0.4645	0.0286	-0.3001	
12.544	0.8834	-0.3330	-0.3002	-0.3659	-0.1358	-0.2015	
12.545	0.9820	-0.1358	-0.2015	-0.0700	0.0944	-0.2673	
12.560	0.7519	-0.2344	-0.4317	-0.4316	-0.1358	-4.9027	
12.583	0.7519	-0.5303	-0.4974	-0.3988	-0.2015	-0.3001	
12.592	1.0149	-0.1686	-0.2344	-0.2015	-0.0043	-0.3659	
12.616	0.8505	-0.1358	-0.3988	-0.1686	-0.1029	-0.3988	
12.624	0.9820	-0.1686	-0.3659	-0.2673	-0.0700	-0.4974	
12.646	0.8176	-0.2673	-2.4699	-0.5631	-0.1686	-0.2344	
12.655	1.0806	-0.4974	-0.2344	-0.1029	-0.1358	0.0944	
12.699	0.8834	-0.1358	-0.3330	-0.3001	-0.1029	-0.8919	
12.700	1.0806	-0.0700	-0.1029	-0.1358	0.2587	-0.1029	
12.726	0.7847	-0.3002	-0.3002	-0.2673	-0.1029	-0.1686	
12.733	0.7519	-0.3988	-0.2673	-0.4645	-0.2673	-0.3659	
12.758	0.7847	-0.2673	-0.4317	-0.3659	-0.1358	-0.2344	
12.768	0.9820	-0.3002	-0.3002	-0.1686	-0.0043	-0.2344	
12.786	0.7190	-0.3002	1.6395	-0.4974	-0.2015	-0.5303	
12.794	0.8505	-0.2673	-0.3002	0.0944	0.1272	-0.0043	
12.821	0.7847	-0.3988	-0.3002	-0.3659	-1.2206	-0.6618	
12.827	0.8834	-0.2673	-0.2015	-0.2673	-0.0043	-0.3330	
12.849	0.8505	-0.2673	-0.1358	-0.3001	-0.1029	-0.2344	
12.860	0.7847	-0.1686	-0.4317	-0.2015	-0.1029	-0.2015	
12.884	0.7190	-0.3659	-0.5632	-0.3001	-0.2673	-0.2015	
12.887	0.8505	-0.2344	-0.3002	-0.3330	-0.2344	-0.4645	
12.913	0.9162	-0.1686	-0.3659	-0.2673	-0.0700	-0.3330	
12.925	0.8176	-0.2344	-0.3659	-0.3330	-1.2206	-0.4316	
12.942	0.9162	-0.2015	-3.1274	-0.2344	-0.1358	-0.2015	
12.955	0.7847	-0.8919	-0.4645	-0.4316	-0.1029	0.1272	
12.971	0.9491	-0.1686	-0.1358	-0.1686	-0.1029	-0.3659	
12.982	0.8176	-0.2344	-0.2673	-0.3330	-0.0371	-0.3330	
13.017	0.7847	-0.3002	-0.4974	-0.3659	-0.2015	-0.3988	
13.029	0.7519	-0.2015	1.3436	-0.3988	-0.1686	-0.4316	
13.052	0.7519	-0.4317	0.0286	-0.4316	-0.2344	-0.5303	
13.060	0.8834	-0.1358	-0.3002	-0.5631	-0.0700	-0.2673	
13.083	0.7190	-0.3002	-0.4974	-0.3659	-0.1686	-0.4645	
13.090	1.0477	0.0286	-0.2673	-0.1029	-0.0043	-0.2015	
13.113	0.9162	-0.2673	-0.3002	-0.4645	-0.2015	-0.3659	
13.122	1.0149	-0.2015	-0.2344	-0.0371	-0.0700	-0.2673	
13.159	1.1135	-0.0371	-0.1686	-0.0700	-0.0371	-0.2344	
13.169	0.7847	-0.3002	-0.3988	-0.1686	0.1930	-0.4974	
13.191	0.7847	-0.1358	0.1601	-0.2673	-0.1029	-0.3988	
13.206	0.8176	-0.2344	-0.4317	-0.3659	-0.2344	-0.3988	
13.229	0.7519	-0.2015	-1.3522	-0.3001	0.0615	-0.3001	
13.234	0.8176	-0.2344	-0.2015	-0.2015	-0.2015	-0.3330	
13.255	0.7190	-0.2673	-0.3659	-0.3001	-0.1686	-0.3988	
13.264	0.8834	-0.2673	-0.3659	-0.2673	-0.2015	-0.3988	
13.285	0.7847	-0.3002	-0.3988	-0.3988	-0.2673	-0.3330	
13.300	0.9820	-0.0700	-0.3330	-0.1358	0.1930	0.0944	
13.316	0.7519	-0.3330	-0.2673	-0.3001	-0.1358	-0.3659	
13.327	1.1792	-0.0043	-0.3002	0.0944	0.0286	0.0286	
13.354	0.7519	-0.2673	0.0286	-0.3001	-0.2015	-0.4645	
13.357	0.8176	-0.2344	-0.3330	-0.2344	-0.1029	-0.3659	
13.380	0.9491	-0.1029	-0.3002	-0.6289	-0.1029	-0.2344	
13.394	0.9162	-0.2344	1.8039	-0.1358	-0.1358	-0.3330	
13.417	0.8505	-0.2673	-0.4645	-0.2673	-0.3330	-0.2344	
13.424	0.8834	-0.2344	-0.3002	-0.3001	-0.1029	-0.2344	
13.440	0.8834	-0.0043	-0.2015	-0.2015	-3.3904	0.3574	
13.450	0.7847	-0.3330	-0.2344	-0.3330	-0.3001	-0.5631	
13.474	0.8834	-0.1686	-0.3002	-0.2673	-0.0700	-0.2673	
13.486	0.6861	-0.2015	-0.0043	-0.3001	-0.1358	-0.2673	
13.505	1.1135	-0.0700	-0.2673	-0.1358	-0.2344	-0.1358	
13.519	0.7847	-0.2673	-0.6289	-0.3988	-0.2673	-7.2039	
13.542	0.8505	-0.2015	0.0286	-0.3001	-0.0043	-0.3330	
13.545	1.0806	-0.0371	-0.1686	-0.2015	-0.1358	-0.1358	
13.569	0.6861	-0.2673	-0.6289	-0.2673	-0.2673	-2.1083	
13.576	0.2259	-0.2344	-0.3659	-0.2673	0.1930	-0.3001	
13.596	1.0149	-0.2344	-0.3002	-0.3001	0.0944	-0.0043	
13.611	0.5546	-0.1358	-0.2344	-0.2673	0.0944	-0.2673	
13.628	0.8176	-0.3002	-0.2673	-0.3001	0.6861	-0.3988	
13.639	1.1135	-0.0043	-0.2015	-0.2673	-0.0700	-0.3330	
13.673	0.8176	-0.2673	-0.3988	-0.4316	-0.2015	-0.3988	
13.685	0.7190	-0.2015	-0.3659	-0.3001	-0.2015	-0.3659	
13.706	0.1601	-0.3002	-0.4645	-0.4645	-0.2015	-0.3001	
13.717	0.8834	-0.3002	-0.4317	-1.0234	-0.4316	-0.3330	
13.737	0.6532	-0.3659	-0.3988	-0.4974	-0.1358	-0.4316	
13.748	0.8505	-0.1358	-0.2344	-0.2673	-0.0043	-0.3330	
13.770	0.7190	-0.3988	-0.3330	-0.2673	-0.2015	-0.5631	
13.778	0.8834	-0.2344	-0.3002	-0.2673	-0.5631	-0.1686	
13.806	0.6861	-0.3002	-0.3002	-0.4316	-0.3001	-0.4316	
13.809	0.7519	-0.1686	-0.7933	-0.5303	-0.1029	-0.3330	
13.834	0.6861	-0.3659	-0.4974	-0.4316	-0.1358	-0.4974	
13.841	1.1792	-0.0371	-0.0700	0.0286	0.0615	-0.0043	
13.871	1.0477	-0.1029	0.2916	-0.1358	-0.0371	-0.2344	
13.872	0.8834	-0.3002	-0.4317	-0.4645	-0.1029	-0.5631	
13.894	0.6532	-0.1686	-0.3002	-0.2344	-0.0371	-0.2344	
13.905	0.7190	-0.3002	-0.4974	-0.3659	-0.2344	-0.4645	
13.926	0.8834	-0.1686	-0.3330	-0.3001	-0.0700	-1.5494	
13.936	0.6532	-0.3659	-0.3330	0.3902	-0.1358	-0.2673	
13.957	0.7519	-0.2344	-0.3659	-0.3001	-0.1358	-0.4316	
13.966	0.8505	-0.3002	-0.3002	-0.2673	-0.2344	-0.3330	
13.989	0.7190	-0.3659	-0.3330	-0.4316	-0.1358	-0.4316	
14.000	0.9162	-0.3002	-0.2344	-0.3001	-0.2673	-0.3001	
14.017	0.7190	-0.2015	-0.4645	-1.4508	-0.3659	-0.2344	
14.029	0.4231	-0.2344	-0.2015	-0.1358	0.1601	-0.1358	
14.059	0.5875	-0.2673	-0.4645	-0.3988	-0.2673	-0.3330	
14.061	0.8176	-0.2344	-0.3002	-0.3330	-0.1358	-3.8835	
14.081	0.7519	-0.3002	-0.2015	-0.3988	-0.0371	1.0477	
14.092	0.9162	-0.1358	-0.3330	-0.0371	0.4231	-0.2673	
14.130	0.8834	0.4560	-0.3988	-0.2673	-0.1358	-0.9576	
14.143	1.0477	-0.2015	-0.1029	-0.2673	-0.0043	-0.3988	
14.159	0.7847	-0.5960	-0.4974	-0.3988	-0.2344	-0.2015	
14.169	0.8505	-0.1358	-0.2015	-0.1686	-0.1358	3.9079	
14.199	0.7519	-0.1686	-0.3988	-0.3330	-0.2015	-0.3659	
14.200	0.8505	-0.1686	-0.3659	-1.8124	-0.7275	-0.3330	
14.225	0.8505	-0.2673	0.1272	-0.3659	-0.0371	-0.4316	
14.241	0.7519	-0.3330	-0.3659	-0.2673	-0.1358	-0.3988	
14.252	0.9162	-0.3002	-0.3002	-0.3001	-0.2673	-0.3330	
14.267	0.8505	-0.2344	-0.3659	-0.0371	-0.1686	-0.2344	
14.285	0.8505	-0.2015	0.0944	-0.8261	0.0286	-0.0043	
14.294	0.9162	-0.2015	-0.3988	-0.3001	0.0286	0.4231	
14.322	0.7847	-0.2673	-0.4317	-0.4974	-0.1686	-0.4316	
14.327	0.7847	-0.1686	-0.2673	0.2259	0.0286	0.0944	
14.349	0.7519	-0.3002	-0.3988	-0.3988	-0.3330	-0.3659	
14.362	0.9162	-0.0371	-0.0043	-0.2344	-0.0043	-0.5631	
14.380	1.0149	-0.1358	-0.1029	-0.1686	0.0286	-0.2344	
14.388	0.8176	-0.2344	-0.3988	0.5217	-0.1686	-0.3001	
14.411	0.7519	-0.3002	-0.1358	-0.3988	-0.2015	-0.2673	
14.419	1.0477	-0.1686	-0.2673	0.0944	-0.1029	-0.3659	
14.457	0.7519	-0.2015	-0.3002	-0.4316	-0.3001	-0.3330	
14.471	0.8505	-0.5632	-0.3330	-0.3330	-0.3001	-0.1029	
14.487	1.1464	-0.1029	-0.0371	-0.0371	0.0944	0.4889	
14.499	1.1135	-0.0700	-0.1686	-0.1029	-0.0043	-0.2673	
14.519	0.8176	-0.4317	0.6861	-0.4316	-0.3001	-0.5631	
14.529	1.2121	0.0615	-0.2015	-0.3001	0.0944	-0.2344	
14.551	0.7190	-0.1686	-0.1029	-0.3001	0.0286	-0.5303	
14.560	1.0149	-0.0371	-0.0700	-0.0700	0.2587	-0.1686	
14.582	0.8176	-0.3002	-0.3002	-0.2673	-2.2069	-0.5960	
14.592	0.8176	-0.2344	-0.4317	-0.3001	-0.1686	0.0944	
14.614	0.8505	-0.2344	-0.3659	-0.2673	-0.1029	-0.5631	
14.622	0.8176	-0.3659	-0.3330	-0.3659	-0.2344	-0.4645	
14.654	0.8505	-0.2673	-0.4645	-0.3659	-1.2535	-0.0043	
14.670	0.8176	0.4231	-0.3330	-0.3988	-0.2015	-0.6289	
14.693	0.9162	-0.2344	-0.3330	-0.2015	-0.1029	-0.2015	
14.701	0.9162	-0.2015	-0.4645	-0.2344	-0.1029	-0.3988	
14.722	0.8505	-0.3002	-0.4317	-0.3001	-0.2673	-0.4645	
14.733	0.4889	-0.5303	-0.5303	-0.6946	-0.5303	-0.6946	
14.754	1.0149	-0.1029	-0.3659	-0.2673	-0.1358	-0.8261	
14.762	-0.5632	-0.2015	-0.2673	-0.3001	-0.1358	-0.2344	
14.790	0.6861	-0.3330	-0.2673	-0.4316	-0.1358	-0.4645	
14.795	1.0806	-0.1358	0.0286	-0.1358	0.0944	-0.2015	
14.817	0.8176	-0.2344	-0.4974	-0.3001	-0.0700	-0.2673	
14.825	0.9491	-0.3002	-0.2673	-0.3330	-0.2015	-0.3001	
14.853	0.7847	-0.3330	-0.4974	-0.2344	-1.8781	-0.3988	
14.858	0.8834	-0.2015	-0.3659	-0.2344	0.0615	-0.1358	
14.883	1.0149	-0.2015	-0.3659	-0.1358	-0.0700	-0.3659	
14.895	1.4094	-0.0700	-0.0700	-0.1029	-0.1686	-0.3001	
14.909	0.8176	-0.3002	-0.3988	-0.3988	-0.2673	1.4094	
14.924	0.7519	-0.3002	-0.7933	-0.3659	-0.2344	-0.3330	
14.941	0.8505	-0.0371	-0.2015	-0.2015	-0.0043	-0.2344	
14.950	0.8505	-0.2673	-0.6289	-0.0371	0.2916	-0.1686	
14.984	0.7847	-0.2673	-0.5303	-0.4316	-0.2673	-0.2673	
14.997	0.8505	-0.2015	-2.0754	-0.4316	-0.1358	-0.3001	
15.021	1.0806	0.0286	-0.2015	-0.0700	0.0286	2.1984	
15.030	1.0806	-0.2015	-0.2015	-0.3659	0.0944	-0.1686	
15.075	0.8176	-0.3988	-0.4645	-0.2673	-0.2015	-0.4316	
15.079	0.8834	-0.0371	-0.3002	-0.3001	0.0286	-0.4316	
15.099	0.8176	-0.1358	-0.0043	-0.1686	-0.0043	-0.0371	
15.108	1.3436	0.2259	0.0615	-0.0043	0.1601	-0.0700	
15.132	1.0806	0.2259	-0.1029	-0.1029	0.2259	-0.1686	
15.139	0.8505	-0.1358	-0.4645	-0.3330	-0.2673	-0.4316	
15.160	0.9820	-0.1686	-0.3988	-0.3001	0.0286	-0.3659	
15.171	0.7847	-0.1686	-0.3988	-0.3659	0.5546	-0.5631	
15.199	0.7190	-0.3002	-0.3002	-0.4645	-0.2344	-0.3988	
15.200	0.7519	-0.3002	-0.4645	-0.4316	-0.2015	-0.3988	
15.227	0.8834	-0.0371	-0.2344	-0.1686	-0.0700	-0.1358	
15.233	1.2121	0.1272	-0.2015	0.0944	0.1272	-0.6618	
15.265	0.8176	-0.2015	-0.2344	-0.2673	-0.4316	-0.3988	
15.279	0.9162	-0.2015	-0.2344	-0.1358	-0.0371	-0.6618	
15.302	0.8505	-0.0700	-0.2015	-0.2344	-0.0371	-3.5548	
15.311	1.0806	-0.0700	-0.4974	-0.2344	-0.0700	-0.1029	
15.331	0.7519	-0.2673	-0.4317	-0.3988	-0.1029	-0.3330	
15.341	0.5546	-0.5303	-0.5632	-0.6618	-0.4974	-0.6618	
15.364	0.9491	-0.2344	-0.2344	-0.3001	-1.4836	-0.3659	
15.372	1.4422	-0.1686	-0.3988	-0.4316	-0.3330	-0.5631	
15.394	0.8834	-0.5303	0.1272	-0.3001	-0.0700	0.7519	
15.405	1.8367	-0.0371	-0.3988	-0.3659	-0.4645	-0.5303	
15.425	0.9162	-0.2344	-0.2344	-0.3001	-0.1029	-0.2673	
15.435	1.2779	-0.1686	-0.2673	-0.2344	-0.0371	-0.4316	
15.457	0.7519	-0.3002	-1.1220	-0.4645	-0.1686	-0.4316	
15.467	1.1135	-0.0700	-0.3002	-0.1686	-0.1029	-0.2673	
15.487	1.8696	0.1272	-0.3002	-0.2673	-0.3659	-0.3659	
15.498	0.8834	-0.6947	-0.3330	-0.2344	-0.1029	-0.2344	
15.524	0.6861	-0.3988	-0.4645	-0.3659	-0.2015	-0.4316	
15.529	0.8834	-0.2015	-0.7275	-0.3001	-0.0043	-0.2673	
15.549	0.7847	-0.2344	-0.2673	-0.3988	-0.0700	-0.3659	
15.561	0.9491	-0.2344	-0.2344	-0.1686	0.0286	-0.1686	
15.582	0.7847	-0.2344	-0.1686	-0.7604	0.3245	-0.2344	
15.591	1.0477	-0.1029	-0.2344	-0.3001	-0.1029	-0.3988	
15.615	0.8834	-0.2344	-0.2015	-0.3001	-0.1686	-0.3988	
15.623	0.8176	-0.4317	-0.3002	-0.3001	-0.0371	0.0944	
15.645	1.8367	-0.2673	-0.4317	-0.3330	-0.3988	-0.3001	
15.655	0.7847	-0.3002	-0.3330	-0.3001	-0.1686	2.3956	
15.675	0.7519	0.1272	-0.1358	-0.7604	0.0286	-0.3659	
15.687	0.8834	-0.2673	-1.0892	-0.3988	-0.2673	-0.3988	
15.707	0.7519	-0.3002	-0.5632	-0.3659	-0.2344	-0.4974	
15.721	0.9491	-0.0371	1.2779	-0.3330	-0.1686	-0.3330	
15.738	0.6532	-0.3330	-0.2673	-0.4645	-0.2344	2.0997	
15.747	0.8834	-0.2015	-0.2344	-0.1358	-0.0043	0.9820	
15.779	1.1135	-0.3002	-0.0700	-0.2344	-0.1358	-0.3330	
15.794	1.0806	-0.0700	-0.1686	-0.1358	-0.0043	-0.1029	
15.817	0.8834	-0.2673	-0.1358	-0.3659	-0.1358	-0.3001	
15.829	0.8834	-0.2015	-0.2673	-0.2344	-0.0371	-0.3988	
15.849	0.8834	-0.1358	-0.2015	-0.3330	-0.0043	-0.3001	
15.862	0.9820	-0.1029	0.2259	-0.1686	0.0615	-0.1358	
15.882	0.8834	-0.2344	-0.3002	-0.3330	-0.8919	-0.1686	
15.888	0.7519	-0.3002	-0.5632	-2.7658	-0.4316	-0.5631	
15.909	0.9491	-0.1686	-0.1358	-1.5823	-0.3001	-0.2015	
15.920	0.6861	-0.6947	-0.5632	-0.4645	-0.2673	-0.2344	
15.941	0.7847	-0.3659	-0.4317	-0.3330	-0.2673	-0.0371	
15.951	0.8505	-0.2344	-0.3988	-0.3330	-0.1358	-0.4316	
15.983	0.9491	-0.1029	-0.2015	-0.0700	-0.0371	-0.1358	
15.998	0.7847	-0.3659	-0.2673	-0.6618	-0.2344	-0.4316	
16.019	0.7190	-0.3002	-0.7275	-0.3988	-0.2673	-8.4861	
16.028	0.8505	-0.2344	-0.1686	-0.5303	0.1272	-0.2015	
16.073	0.7519	-0.2673	-0.3988	-0.3001	-0.2344	-0.6289	
16.076	0.8834	-0.1686	-0.3988	-0.2015	-0.1358	-0.3001	
16.097	0.7847	-0.2673	-0.5960	-0.3659	-0.0371	-0.3988	
16.107	0.8834	-0.3002	-0.3988	-0.3001	-0.2015	-0.3659	
16.129	0.8505	-0.1686	-0.2015	-0.2015	0.1601	-0.2344	
16.143	0.8834	0.1930	-0.0043	0.0286	0.2259	0.1272	
16.160	0.7190	-0.2344	-0.3330	-0.5631	-0.0700	-0.4974	
16.169	0.8505	-0.3002	-0.2015	-0.3988	-0.1029	3.9736	
16.198	0.7847	-0.3002	-1.5494	-0.3330	-0.1686	-0.3001	
16.201	0.8834	-0.1029	-0.3330	-0.2673	-0.0371	-0.2344	
16.222	0.7847	-0.4974	-0.3330	-0.4974	-0.1686	-0.2015	
16.233	1.0149	-0.1686	-0.3330	-0.2015	-0.1358	-0.3001	
16.275	0.8834	-0.2015	-0.2344	-0.2344	-0.3659	-1.0234	
16.279	0.9491	0.2916	-0.1358	-0.2015	-0.0043	-0.4316	
16.301	0.6861	-0.2344	-0.3988	-0.0371	0.3574	-0.3330	
16.311	0.7847	0.5217	-0.1358	-0.3001	-0.2344	-0.8919	
16.333	0.8834	-0.3002	-0.3330	-2.0425	-1.2535	-0.3330	
16.341	0.7519	-0.3330	-0.4317	-0.4316	-0.3001	-0.5631	
16.363	0.9491	-0.3659	-0.1686	-0.2344	-0.1686	-0.1029	
16.372	0.8834	0.2259	-0.0700	-0.2344	-0.0700	-0.6946	
16.408	0.8505	-0.2344	-0.2673	-0.3659	-0.2015	-0.3988	
16.423	0.8834	-0.3002	-0.3988	-0.1358	-0.1686	-0.3330	
16.440	0.8176	-0.3988	-0.3330	-0.3988	-0.3001	-0.3988	
16.450	0.8505	-0.2673	-0.3330	-0.3001	-0.2673	-0.4316	
16.483	0.9820	-0.1686	-0.0371	-0.1358	-0.0043	-0.1358	
16.497	0.8176	-0.3002	-0.3002	-0.4316	-0.1358	-0.4316	
16.518	0.7847	-0.2344	-0.4974	-0.3330	-0.2015	-0.3001	
16.529	1.0477	-0.2015	0.0944	-0.2344	-0.0371	-0.2344	
16.576	1.0149	-0.0043	-0.2015	-0.1029	0.2259	-0.1686	
16.577	0.8176	-0.2344	-0.3002	-0.3988	-0.1686	-0.2015	
16.592	0.9491	-0.2344	-0.2344	-0.2344	-0.1029	-0.3001	
16.614	0.8176	-0.3002	-0.3659	-0.3988	-0.2344	-0.3988	
16.622	0.7190	-0.2673	-0.2344	-0.3988	-0.1358	-0.3001	
16.653	0.9820	-0.1029	-0.3659	-0.1358	-0.0043	-0.3001	
16.654	0.8505	-0.1358	-0.3988	-0.2673	0.8834	-0.8261	
16.675	0.7519	-0.2015	-0.3330	-0.3330	-0.1358	-0.3988	
16.685	0.0944	-0.1686	-0.2673	-0.1358	-0.0371	-0.1686	
16.707	0.8505	-0.2673	-0.3659	-0.3988	-0.1358	-1.6809	
16.717	0.7519	-0.4317	-0.3659	-0.4974	-0.2344	-0.3001	
16.736	0.8505	-0.3659	-1.4837	-0.3001	-0.2344	-0.4316	
16.749	1.0477	-0.2673	-0.3330	-0.3001	-0.2673	-0.3330	
16.788	1.4422	-0.2344	-0.2344	-0.2344	-0.0371	-0.3001	
16.797	0.8505	-0.3659	-0.3988	-0.2344	-0.1358	-0.3988	
16.815	0.7847	-0.1029	-0.1686	-0.3001	-0.0371	-0.3988	
16.825	0.8834	-0.2673	-1.0234	-0.6289	-0.1358	-0.3001	
16.851	0.7519	-0.2673	-0.4317	-0.4316	-0.2344	-2.3384	
16.858	0.7519	-0.2673	-0.3330	-0.3001	-0.1358	-0.3001	
16.877	0.9162	-0.2015	-1.2207	-0.3001	-0.0043	-0.2344	
16.893	0.8834	-0.2015	-0.1029	-0.3659	0.4231	0.1272	
16.915	0.8834	-0.1686	-0.3330	-0.3001	-0.0371	-0.3330	
16.919	0.4889	-0.1029	-0.2344	-0.1029	-0.0043	-0.3330	
16.942	0.7847	-0.3659	-0.3988	-0.5303	-0.6618	-0.3988	
16.951	0.9491	-0.3659	-0.4645	0.1601	0.0944	-0.2344	
16.988	0.7847	-0.3002	-0.2673	-0.3001	-0.4974	-0.3001	
16.997	0.8176	-0.3002	-0.1686	-0.1029	-0.1029	-0.3001	
17.019	0.9491	-0.2344	-0.2015	-0.2344	-0.1686	-0.4316	
17.029	0.9820	-0.1358	-0.3002	-0.3001	-0.6946	-0.2673	
17.052	0.8176	-0.1686	-0.9248	-0.0043	-0.1358	-0.2015	
17.059	0.9820	-0.0043	-0.3002	-0.0043	0.2587	-0.0700	
17.082	0.8505	-0.2673	-0.2344	-0.3330	-0.2344	-0.2673	
17.090	0.7519	-0.3988	-0.3002	-0.4645	-0.1358	1.9354	
17.118	0.6861	0.0286	-0.1686	-0.2344	-0.0700	-0.2344	
17.124	0.8176	-0.1029	-0.3659	-0.3330	-0.2015	-0.4645	
17.143	0.7519	-0.4317	-0.7275	-0.4645	-0.3330	-0.3988	
17.156	0.8834	-0.2344	-1.2864	-0.2673	-0.1029	-0.3001	
17.178	0.8505	-0.2673	-0.3330	-0.3330	-0.2015	2.3627	
17.186	0.6204	-0.0700	-0.4317	-0.3001	-0.1358	-0.0700	
17.208	0.7190	-0.2015	-0.2015	-0.3659	-0.1029	-0.4316	
17.216	0.7519	-0.2344	-0.2344	-0.3330	-0.1686	-2.8315	
17.240	0.6861	-0.2673	-0.2015	-0.1686	-0.0371	-0.2015	
17.247	0.9162	-0.9577	-0.2673	-0.1686	0.0286	0.9491	
17.268	0.7519	-0.3988	0.2916	-0.3988	-0.2673	-0.4645	
17.278	1.0806	-0.2344	-0.0700	-0.1686	-0.0043	-0.2344	
17.301	0.8834	0.2916	0.0615	-0.3330	-0.0700	-0.5631	
17.312	0.8834	-0.2015	-0.1029	-0.3330	0.1272	0.7847	
17.335	0.8176	-0.3330	-0.5632	-0.2673	-0.1358	-0.4974	
17.342	0.9820	-0.2015	-0.2015	0.6532	0.9820	-0.1358	
17.364	0.8505	-0.4974	-0.4317	-0.3001	-0.1029	-0.1029	
17.374	0.7847	0.0944	-0.0371	-0.1029	-0.6289	-0.3659	
17.393	0.8176	-0.1686	-0.2344	-0.3659	-0.0700	-0.3988	
17.404	1.7381	-0.1358	-0.2344	-0.3659	-0.5960	-0.4316	
17.426	0.7847	-0.2673	-0.2344	-0.2344	-0.0371	-0.2015	
17.435	0.8834	-0.1358	-0.4317	-0.3001	-0.2673	-0.3001	
17.456	1.0149	-0.1686	-0.3002	-0.2015	-0.1029	-0.4316	
17.468	0.7847	-0.3002	-0.1686	-0.3001	-0.1029	-0.3988	
17.499	0.6861	-0.3659	-0.2015	-0.4316	-0.1029	-0.3659	
17.514	0.8505	-0.1029	-0.3002	-0.6618	-0.4974	-0.3988	
17.537	0.7847	-0.3002	-0.1686	-0.3988	-0.1686	-0.5631	
17.546	0.9491	-0.1029	-0.1686	-0.1358	0.0944	6.2749	
17.575	0.8176	-0.2344	-0.3002	-0.2344	-0.2015	-4.1465	
17.592	0.8834	-0.2344	-0.2673	-0.3330	-0.1358	-0.4316	
17.614	0.8505	-0.1686	-0.1686	-0.2673	-0.1029	-2.1411	
17.622	0.4560	-0.3659	-0.3330	-0.2673	0.0944	-0.3001	
17.650	0.8176	-0.2344	-0.3330	-0.2673	-0.1358	-0.3659	
17.655	0.3574	-0.3988	-0.4645	-0.4316	-0.1358	-0.3988	
17.675	0.8176	-0.3330	-0.3002	-0.1686	0.2916	-0.2673	
17.685	0.7190	-0.2673	-0.5632	-0.3330	-0.4316	-0.3988	
17.712	0.9491	-0.2344	-0.3330	-0.3001	-0.1358	-0.4645	
17.716	0.8176	-0.3988	-0.2344	-0.2015	-0.0043	-0.2673	
17.739	0.8505	-0.2015	-0.3988	-0.3330	-0.3659	-0.7275	
17.748	0.7519	-0.1686	-0.2673	-0.3001	-0.0371	-0.3001	
17.769	1.0806	-0.0700	-0.2344	0.1272	-0.0371	-0.4316	
17.779	0.8834	0.1272	-0.2344	-0.3001	-0.0043	-0.6946	
17.803	0.7847	-0.2673	-0.4974	-0.3659	-0.2673	-1.8453	
17.811	0.8505	-0.2015	-0.2344	-0.7604	0.0286	-0.2673	
17.854	0.8505	-0.2673	-0.3002	-1.4508	-0.2344	-0.2344	
17.856	0.8834	-0.1686	-0.3002	-0.2344	-0.1686	-0.2673	
17.878	0.8834	-0.1029	-0.2673	-0.3001	-0.0700	-0.4316	
17.894	0.8176	-0.1686	-0.3002	-0.2673	-0.1358	-0.2344	
17.920	0.8834	-0.1358	-0.3002	-0.3001	0.4560	-0.3330	
17.920	0.7847	-0.3330	-0.3988	-0.3001	-0.1358	-0.4316	
17.934	0.8505	-0.2344	-0.5303	-0.3001	-0.1358	-0.3330	
17.955	0.6532	-0.2344	-0.5303	-0.4316	-0.1358	-0.3988	
17.966	0.9162	-0.1686	-0.1686	-0.1358	0.0615	-0.1358	
17.993	0.8176	-0.3330	-0.3659	-0.3659	-0.1358	-1.8453	
17.997	0.8834	-0.1686	-0.2015	-0.4974	-0.0043	-0.2344	
18.018	0.8176	-0.3330	-0.3330	-1.1220	-0.0700	-0.3988	
18.030	0.9162	0.6861	-0.2344	-0.2344	-0.0371	-1.0563	
18.070	0.7847	-0.2673	-0.5632	-0.2015	-0.3001	-0.4645	
18.081	1.1135	0.4231	0.1601	-0.1029	-0.0371	-1.1549	
18.096	0.9491	-0.1358	-0.1686	-0.2015	-0.6618	-0.4316	
18.111	0.8505	-0.2673	-0.2344	-0.0043	-0.0700	0.0615	
18.130	0.8834	-0.2344	-0.3002	-0.8919	-0.0700	-0.2673	
18.137	0.7847	-0.1358	-0.3988	-0.2344	0.6532	-0.2673	
18.159	0.8505	-0.2015	-0.1686	-0.3001	-1.1549	0.3574	
18.175	0.9491	-0.2015	-0.1686	-0.2015	0.0944	-0.2344	
18.191	0.9820	-0.0371	-0.3002	-0.2015	0.0615	-0.3330	
18.206	0.8505	-0.1686	-0.3002	0.7519	-0.0700	-0.4316	
18.222	0.5546	-0.9248	-0.6289	-0.5960	-0.4974	-0.1686	
18.232	0.8176	-0.2344	1.0477	-0.4974	-0.1029	-0.3659	
18.264	0.9491	-0.6947	-0.2673	-0.2344	-0.2015	0.1601	
18.280	0.8834	-0.3659	-0.1686	-0.3330	-0.0371	0.1930	
18.303	0.8505	-0.3988	-2.6014	-0.3001	-0.1686	-0.4974	
18.312	1.0149	-0.1686	0.4560	-0.2015	0.0615	-0.3988	
18.331	1.0477	-0.1686	-0.1029	-0.1358	-0.1686	-0.2015	
18.346	1.3765	-0.0371	-0.1686	-0.1686	-0.0371	-0.2344	
18.363	0.8834	-0.2015	-0.3330	-0.9576	0.0944	-0.1358	
18.372	0.8834	-0.2673	-0.3002	-0.3988	0.1272	-0.3330	
18.392	0.8176	-0.2344	-0.2673	-0.3001	-0.9576	-0.5960	
18.405	0.7847	-0.5960	-0.3988	-0.2015	-0.0700	-0.3001	
18.426	0.7847	-0.3002	-0.2344	-0.3001	-0.1358	-0.3001	
18.435	0.7190	-0.3002	-0.3330	-0.3659	-0.2015	-0.0700	
18.465	1.0149	-0.1686	-0.3659	-0.2344	-0.0043	-0.3330	
18.467	1.1135	-0.1029	-0.1686	-0.2673	-0.2015	-0.3659	
18.487	0.7847	-0.3002	-0.2015	-0.3988	-0.1029	3.4147	
18.498	0.9162	-0.1029	-0.0700	-0.1686	0.0944	-0.0371	
18.527	0.8176	-0.3330	-0.0700	-0.2673	-0.1358	-0.4645	
18.529	0.8834	-0.2344	-0.1686	-0.0043	-0.1029	-0.2015	
18.552	0.7519	-0.3659	-0.4317	-0.3330	-0.2673	-0.3659	
18.560	0.8176	0.2916	-0.1029	-0.1029	0.1272	-0.3659	
18.586	1.1792	-0.6289	-0.5303	-0.3330	-0.6289	-0.4974	
18.592	0.8505	-0.2015	-0.3988	-0.3659	-0.1686	-0.4974	
18.613	0.9491	-0.1029	-0.2344	-0.0700	0.1930	-0.2015	
18.623	0.7847	-0.0371	-0.3002	-0.3330	-0.2344	-0.4316	
18.650	0.7847	-0.2673	-0.2673	-0.3330	-0.1358	-0.3001	
18.654	0.8834	-0.3002	-0.3988	-0.3988	-0.2673	-0.4645	
18.675	0.7519	-0.2015	-0.3002	-0.3330	-0.1686	-0.2344	
18.687	1.1464	-0.1686	-0.2673	-0.2673	-0.1358	-0.4316	
18.711	0.8834	-0.4645	-0.1686	-0.3330	-0.0700	-0.0043	
18.716	0.7519	-0.3002	-0.3988	-0.4316	-0.5303	-0.2673	
18.738	0.8505	-0.2344	-0.3988	-0.3659	-0.2673	-0.4974	
18.747	0.8505	-0.1358	-0.2344	-0.3988	-0.0700	-0.2015	
18.790	0.7519	-0.2673	-0.4974	-0.3988	-0.1358	-0.4316	
18.794	0.8505	-0.2015	-0.3002	-0.2344	-0.0043	-0.3001	
18.817	1.0149	-0.2344	-0.3002	-0.1686	0.0286	-0.2673	
18.830	0.5546	-0.1686	-0.0700	-0.2344	0.0286	-0.1686	
18.853	0.8176	-0.2344	-0.4317	-0.2673	-0.0700	-2.5685	
18.861	1.0806	-0.1029	-2.5685	-0.2015	0.0615	-0.2015	
18.880	0.9162	-0.2015	-0.6618	-0.3001	-0.3001	-0.3330	
18.889	0.8834	-0.0700	-0.1358	-0.1358	0.0286	-0.1358	
18.916	0.7847	-0.2673	-0.3988	-0.3330	-0.1358	-0.3988	
18.924	0.8505	-0.3002	-0.3002	-0.2673	-0.1358	-0.3659	
18.940	0.8834	-0.2344	-0.1686	-0.2673	-0.0371	0.3245	
18.956	0.7519	-0.3002	-0.6289	-0.3659	-0.3659	-0.5631	
18.983	0.9162	-0.1686	-0.2015	-0.2344	-0.1029	-0.2673	
18.998	0.9491	-0.2015	-0.0700	-0.1686	-0.2015	-0.1686	
19.020	0.6861	-0.2673	-0.5632	-0.6946	-0.3001	-0.4316	
19.030	0.8505	-0.2673	-0.1358	-0.2344	-0.1029	-1.7138	
19.053	1.0149	-0.2015	-0.1358	-0.1686	-0.1686	-0.3001	
19.060	0.6532	-0.3002	-0.3330	-0.2344	-0.1686	-0.3001	
19.081	0.9162	-0.2015	-0.2015	-0.3001	-0.0371	-1.7466	
19.091	0.8176	-0.2673	-0.3659	-0.0700	0.3245	-0.3001	
19.119	0.8176	-0.3002	-0.9905	0.0615	0.1601	-0.1686	
19.122	0.8834	-0.2673	0.8834	-0.3659	-0.2015	-0.4645	
19.142	0.7847	-0.2015	-0.3988	-0.3001	-0.0371	-0.4974	
19.154	0.4231	-0.3659	-0.3330	-0.3659	-0.2673	-0.4316	
19.180	0.8176	0.0286	-0.1029	-0.0700	0.0944	-0.0700	
19.185	0.8834	-0.2015	0.0615	-0.3659	-0.1358	-0.2673	
19.208	0.8176	-0.2015	-0.3659	-0.1358	-0.0371	-0.3001	
19.218	0.7519	-0.3002	-0.4317	-0.3330	-0.2673	-0.4645	
19.243	0.8176	-0.2015	-0.1686	-0.3001	-0.1686	-0.4645	
19.247	0.8176	-0.1686	-0.2673	0.0286	-0.0043	-0.3330	
19.272	1.0149	0.0944	0.7190	-0.0043	0.0615	-0.2344	
19.280	0.8176	-0.2673	-0.4317	-0.3659	-0.1029	1.8039	
19.307	0.8834	-0.3002	-0.3988	-0.3001	-0.2015	-0.1358	
19.311	0.9162	-0.1358	-0.3330	-0.3330	-0.1029	-0.1358	
19.333	0.8176	-0.2344	-0.2673	-0.1686	-0.1029	-0.3659	
19.343	0.9491	-0.0043	-0.1686	-0.1686	0.0944	-0.2015	
19.370	0.8176	-0.2673	-0.2673	-0.2673	-0.2344	-0.4316	
19.375	0.9162	-0.2015	0.0615	-0.0700	-0.3001	-0.4316	
19.396	2.2970	0.1272	-0.2015	-0.0700	-0.1358	-0.2344	
19.404	-0.3988	-0.0371	-0.3988	-0.2344	0.2587	-0.2015	
19.430	0.8834	-0.1029	-0.3659	-0.2673	-0.0700	-5.0670	
19.435	0.9162	-0.2344	-0.3002	-0.2344	-0.1358	-0.3001	
19.458	0.8834	-0.3002	-0.4645	-0.2344	-0.2015	-1.3193	
19.466	0.8176	-0.2673	-0.2344	-0.3001	-0.1029	0.0615	
19.494	0.9820	-0.2015	0.0286	-0.2673	0.0286	-0.3988	
19.497	1.1135	-0.0700	-0.0371	-0.3988	0.0944	-0.1358	
19.519	0.7190	-0.3002	-0.2673	-0.3330	-0.2673	4.2366	
19.528	0.9820	-0.2673	-0.1686	-0.0700	0.0944	-0.2673	
19.551	0.7190	-0.3330	-0.4317	-0.7275	-0.2344	-0.5631	
19.562	0.9820	-0.1686	0.0286	-0.3001	0.0944	-0.4316	
19.585	0.8505	-0.1029	-0.3988	-0.2344	-0.2015	-0.5631	
19.592	0.8834	-0.2015	-0.3002	-0.3330	-0.1029	-0.4316	
19.613	0.7519	-0.2344	-0.3002	-0.3001	-0.1686	-0.2344	
19.624	0.7847	-0.2344	-0.3002	-0.3988	-0.1358	-0.7933	
19.642	0.8834	-0.3002	-0.2673	-0.3330	-0.1686	-0.3330	
19.654	0.9820	-0.1686	-0.3988	-0.3659	-0.2015	-0.3001	
19.682	0.8176	-0.2673	-0.6947	-0.5303	-0.1029	-0.2673	
19.685	0.9491	-0.0371	-0.2344	0.0286	0.1272	-0.2015	
19.708	1.0149	-0.0700	-0.3002	-0.1029	0.0944	-0.2673	
19.715	0.9162	-0.2673	-0.1686	-0.3001	-0.0043	-0.5303	
19.744	0.7519	-0.2015	-0.4317	-0.2015	-0.1686	-0.1358	
19.748	1.2121	-0.0043	0.0286	0.0615	0.1601	0.2916	
19.769	0.7847	-0.3002	-0.3988	-0.4645	-0.2344	-0.4974	
19.778	1.3765	0.1930	0.2259	0.2916	0.3574	0.0286	
19.799	0.8505	-0.3330	-0.2673	-0.3330	-0.0371	-0.0700	
19.812	0.8176	0.1272	-0.2344	-0.3001	0.0286	-0.4974	
19.830	0.9491	-0.2015	-0.4645	-0.2344	-0.1358	2.7572	
19.845	0.8505	-0.1358	-0.1029	-0.3001	-0.1029	-0.2015	
19.869	0.7190	-0.3659	-0.4317	-0.2673	-0.3001	-0.3988	
19.872	0.8505	-0.2344	-0.3988	-0.3330	-0.0371	0.8505	
19.894	1.0149	-0.2344	-0.2673	-0.3001	-0.1686	-0.3988	
19.905	0.7519	-0.3002	-2.2727	-0.4645	-0.0371	-0.2344	
19.936	0.9491	-0.0371	-0.1358	-0.2344	0.5546	-0.4645	
19.955	0.8834	-0.0043	-0.3659	-0.3001	-0.2015	-0.4645	
19.971	0.7519	-0.3988	-0.3002	-0.0371	-0.2673	-0.4316	
19.982	0.9491	-0.2344	-0.3002	-0.2344	-0.1358	-0.3001	
20.009	0.7847	-0.3330	-0.3988	-0.4316	-1.0234	-0.3001	
20.012	0.8176	-0.0700	0.1601	-0.2015	0.0286	-0.2344	
20.035	0.8176	-0.2673	-0.5303	-0.3330	-0.3001	-0.7275	
20.049	1.0149	-0.1358	-0.3002	-0.2015	-0.0043	-1.5165	
20.070	0.8176	-0.2015	-0.3659	-0.3330	-0.3001	-0.6618	
20.075	0.8834	-0.3002	-0.3002	-0.3330	-0.1686	-0.2673	
20.096	0.9162	-0.1358	-0.3330	-0.2673	1.9354	-0.3001	
20.107	0.7847	-0.3002	-0.4645	0.0944	-0.0371	-0.1358	
20.134	0.7847	-0.2344	-0.2673	-0.2344	-0.0371	-0.2673	
20.139	0.7190	-0.3002	-0.3988	-0.4974	-0.3330	-0.5303	
20.159	0.7847	-0.3330	-0.3659	-0.6289	-0.1686	-0.4316	
20.174	0.7847	-0.3330	-0.4317	-0.4316	-0.3001	-0.3988	
20.193	0.9162	-0.0700	-0.3330	-0.2344	0.0286	-0.4316	
20.201	0.9491	-0.1686	-0.2344	-0.3001	-0.1358	-0.2673	
20.221	0.6861	-0.3330	-0.3988	-0.3988	0.6861	-0.2015	
20.233	0.9491	-0.1686	-0.2015	-0.2344	-0.0371	-0.4645	
20.253	0.7519	-0.6289	-0.4974	-0.3988	-0.3001	-0.1358	
20.264	0.8505	0.5546	-0.3330	-0.3001	-0.1358	-1.2535	
20.285	0.7519	-0.2344	-0.3988	-0.3988	-0.2015	-0.5960	
20.294	0.8505	-0.3002	0.5217	-0.3330	-0.1686	-0.2673	
20.325	0.8834	-0.3330	-0.3330	-0.3988	-0.2673	-0.3330	
20.331	0.9162	-0.1686	-0.2673	-0.2344	-0.1029	-0.2344	
20.348	0.8834	-0.2344	-2.0097	-0.3988	-0.1358	-0.3330	
20.360	0.8834	-0.2344	-0.2673	-0.3001	-0.0371	-0.3330	
20.385	0.8176	-0.2344	-0.5632	-0.1686	-0.2673	-0.3001	
20.389	0.7519	-0.3659	-0.3988	-0.3988	-0.2015	-0.6946	
20.411	0.8834	-0.2673	-0.1686	-0.3330	1.2450	-0.0700	
20.424	0.9162	-0.2673	-0.2015	-0.2344	-0.0700	-0.2015	
20.444	1.1792	-0.0371	-0.1029	0.2916	0.1930	-0.0700	
20.455	0.7190	-0.3330	-0.3659	-0.3659	-0.2015	-0.4974	
20.472	0.7519	-0.3330	-1.2207	-0.4974	-0.3001	-0.5631	
20.482	1.0477	0.1601	-0.2015	-0.1686	0.0286	-0.0371	
20.513	0.8834	-0.1686	-0.3659	-0.3988	-0.0700	-0.2344	
20.516	0.7847	-0.2673	-0.3330	-0.3659	0.0286	-0.2673	
20.534	1.0149	-0.2344	-0.4317	-0.3330	-0.2015	-0.4645	
20.546	1.0149	0.0286	-0.1029	-0.1358	0.0286	-0.2015	
20.589	1.7052	-0.3988	-0.3988	-0.3988	-0.5303	-0.3988	
20.594	0.8176	-0.1686	-0.3002	-0.2344	-0.1686	-0.2673	
20.614	1.5080	-0.2015	-0.1686	-0.3001	-0.2344	-0.3659	
20.622	0.7847	-0.1686	-0.1358	-0.1029	0.1601	-0.1686	
20.654	0.7190	-0.2015	-0.3659	-0.2015	-0.0371	-0.4316	
20.671	0.8505	-0.3002	-0.4317	-0.2344	-0.2015	-0.5303	
20.691	0.8176	-0.1358	-0.2344	-0.3659	-0.1686	-0.3988	
20.700	0.8505	-0.2673	-0.4317	-0.2673	0.3902	0.0286	
20.733	0.8834	-0.1686	-0.2015	-0.3330	-0.0043	-0.3330	
20.754	0.7519	-0.3330	1.6724	-0.2015	-0.2344	-0.5631	
20.765	1.0149	-0.1029	-0.1686	-0.1686	0.0944	-0.2344	
20.797	0.8834	-0.3002	-0.2673	-0.3659	-0.1029	-0.2344	
20.812	0.9162	-0.4317	-0.2673	-0.2344	0.0286	-0.5631	
20.833	0.8834	-0.1686	-0.3330	-0.9576	-0.5631	-0.4316	
20.843	0.8505	-0.2015	-0.1029	-0.1358	-0.0700	-0.2344	
20.870	0.3245	-0.3002	-0.5303	-0.3988	0.0615	-0.3001	
20.874	0.7190	-0.2344	-0.3330	-0.3988	-0.2344	1.5737	
20.895	0.9820	-0.0043	-0.3002	-0.5303	0.1601	-0.0043	
20.904	0.8505	-0.3002	-0.3988	-0.2015	-0.2015	-0.4316	
20.930	0.7190	-0.1686	-0.3988	-0.2673	-0.0700	-0.3001	
20.936	0.6532	-0.2673	-0.7275	-0.3659	-0.2344	-0.4316	
20.957	0.8176	-0.2673	-0.3988	-0.3330	-0.1358	-1.5823	
20.966	1.0477	0.0286	-0.2015	-0.1358	0.0615	-0.3659	
21.010	0.9820	-0.0700	-0.2673	-0.1358	-0.0043	-0.3001	
21.012	1.3436	-0.3330	-0.0371	-0.2344	-0.3001	-0.3988	
21.036	1.0149	-0.2015	-0.2673	-0.2673	0.0615	-0.6289	
21.046	0.9162	-0.0700	0.1272	-0.1358	0.0615	-0.1029	
21.067	0.7519	-0.2673	-0.2344	-0.3330	-0.1029	-0.3330	
21.077	0.8505	-0.2673	-0.1686	-0.3659	-0.1029	-0.6946	
21.098	0.7847	-0.3330	-0.1358	-0.3330	-0.1358	-0.2015	
21.109	0.8834	-0.3002	-0.2673	-0.3001	-0.0371	-6.1848	
21.137	1.1135	-0.2344	-0.3002	-0.1358	-0.1029	-1.9439	
21.140	0.7847	-0.3659	-0.2344	-0.1358	-0.1029	-0.2673	
21.159	0.9162	-0.1358	-0.3659	-0.2673	-0.0371	-0.3330	
21.171	0.9491	0.1930	1.4751	-0.0043	-0.0043	-0.0700	
21.192	0.7519	-0.3002	-0.3002	-0.3659	-0.2344	-6.3163	
21.200	0.8505	0.0286	0.0615	-0.2344	-0.1029	-0.3988	
21.226	0.7847	-0.2344	-0.3659	-0.3001	-0.1029	-0.3330	
21.233	0.8834	-0.1686	-0.2344	-0.3001	-0.0700	0.2259	
21.265	0.8176	-0.1686	-0.3330	-0.3001	-0.1686	-0.3001	
21.280	0.8176	-0.3330	-0.3002	-0.4316	-0.2015	-0.2673	
21.300	0.8176	-0.3002	-0.1358	-1.5494	-0.3988	-0.2344	
21.312	0.8834	-0.3002	-0.1358	-0.2015	-0.1029	-0.6618	
21.332	0.9491	-0.2344	-0.3330	-0.1686	-0.1029	-0.3001	
21.342	0.7519	-0.3002	-0.2015	-0.3001	-0.2015	-0.3659	
21.364	1.0149	-0.2673	-0.1029	-0.2015	-0.1686	-0.1358	
21.373	0.8176	-0.3002	-1.0234	-0.3001	-0.1029	-0.4645	
21.413	1.0477	0.0615	-0.2673	-0.1358	0.1601	-0.4974	
21.420	0.7190	0.0286	-0.3659	-0.3659	-0.2344	-0.6946	
21.442	0.6861	-0.2673	-0.4317	-1.7466	-0.5960	-0.5631	
21.451	0.7190	-0.3988	-0.3988	-1.0563	-0.4316	-0.4316	
21.477	0.8834	-0.3002	-0.2673	-0.3330	-0.1686	-2.7986	
21.482	1.0477	0.2587	-0.1358	-0.1686	0.0615	-0.2344	
21.503	0.7190	-0.3988	-0.3659	-0.8261	-0.1029	-0.4974	
21.515	0.8505	-0.2344	-0.0043	-0.3330	-0.1686	0.2587	
21.541	0.7190	-0.3988	-0.4317	-0.3330	-0.2673	-0.4974	
21.551	0.9162	-0.2015	-0.3659	-0.2344	-0.4316	-1.3521	
21.567	0.9491	0.0286	-0.3002	-0.1029	-0.2673	-0.3001	
21.581	1.0477	-0.1029	-0.0371	-0.3988	0.1272	-0.2015	
21.601	0.8834	-0.2344	-0.3659	-0.3330	-0.1686	-0.3001	
21.607	0.8834	-0.2673	-0.3002	-0.1029	-0.1029	-0.5303	
21.629	0.6861	-0.2344	-0.3330	-0.3330	-0.1358	0.9491	
21.644	1.0149	-0.1686	-0.0700	-0.2015	-0.0371	-0.3001	
21.670	0.7190	-0.3002	-0.3330	-1.3193	-0.2015	-0.4974	
21.686	0.7519	-0.3330	-0.4317	-0.3330	0.4889	-0.1358	
21.708	0.7190	-0.3002	-0.3988	-0.3988	-0.3001	-0.3659	
21.717	0.7847	-0.1686	-0.3659	-0.3001	-0.0700	-0.4974	
21.737	0.6532	-0.3330	-0.3002	-1.0563	-0.1686	-0.3988	
21.748	1.1464	0.0615	0.0286	-0.0043	0.2259	-0.0700	
21.769	0.8834	-0.3988	-0.2344	-0.4316	0.4889	-0.3988	
21.780	1.1464	0.1272	-0.1029	0.1601	0.4560	0.0944	
21.806	0.7847	-0.3002	-0.3988	0.7847	-0.2673	-0.3659	
21.811	0.8834	-0.1686	-0.2015	-0.2015	-0.0371	-0.2015	
21.832	0.7519	-0.3659	-0.4317	-0.2673	0.0615	-0.4316	
21.841	0.6861	-0.2344	-0.3659	-0.3330	-0.2015	-0.4974	
21.870	1.0806	-0.0700	-0.6289	-0.2015	-0.0043	-0.2673	
21.873	0.8834	-0.2015	-0.3330	-0.2344	-0.1686	1.3436	
21.893	0.7519	-0.2673	-0.1686	-0.3330	0.0286	-0.3659	
21.905	-0.3002	-0.3988	-0.5303	-0.4316	0.0286	-0.4316	
21.927	0.7847	-0.2015	-0.2344	-0.3001	-0.2344	-0.3330	
21.934	1.0149	-0.2015	-0.2015	-0.2344	-2.4699	-0.9905	
21.956	0.6204	-0.2015	-0.3002	-0.3988	-0.2344	-0.3988	
21.966	0.8176	-0.2673	0.5217	-0.2673	-0.0700	-0.3001	
22.000	0.8176	-0.2015	-0.3988	-0.2673	-0.1686	-0.4645	
22.017	0.7847	-0.3002	-0.4645	-0.3001	-0.1358	-0.4316	
22.034	0.8834	-0.2344	-0.3988	0.0286	0.0286	-0.2673	
22.045	1.0149	0.1601	-0.2673	-0.1686	0.0286	-0.7604	
22.067	0.9162	-0.0700	-0.1029	-0.0700	0.0286	-0.3001	
22.075	0.7847	-0.2015	-0.5960	-0.3659	-0.1029	-0.3988	
22.095	0.8505	-0.2344	-0.2344	-0.3330	-0.1358	-0.3988	
22.111	0.7847	-0.1686	-0.3330	-0.1686	-0.1358	-0.1358	
22.128	0.6861	-0.2015	-0.3988	-0.3330	-0.2344	-0.4316	
22.142	0.7190	-0.2344	-0.2673	-0.3001	-0.1686	-0.3001	
22.160	0.7519	0.2259	0.0286	-0.1029	0.2587	-0.1686	
22.168	0.7847	-0.2673	-0.4974	-0.3659	-0.9576	-0.6289	
22.194	0.8176	-0.2015	-0.4317	-0.2015	-0.1686	-0.1358	
22.206	0.6861	-0.3002	-0.0043	-0.1686	-0.0371	-0.2344	
22.221	0.7519	-0.2015	-0.5303	-0.3001	-0.3659	-0.5303	
22.232	0.8505	-0.3002	-0.2344	-0.2344	-0.1358	0.0944	
22.257	0.7519	-0.3002	-0.4974	-0.3330	-0.1686	-0.3659	
22.263	0.8505	-0.1358	-0.3002	-0.2015	-0.0043	-0.2673	
22.285	0.7190	-0.3330	-0.3330	-0.3988	0.0615	-0.3001	
22.299	1.1792	-0.1358	-0.2015	-0.1029	-0.1358	-0.3001	
22.319	0.6861	-0.3002	-0.7604	-0.4645	-0.1358	-0.5303	
22.330	0.9491	-0.1029	-0.2344	-0.1358	0.0944	-0.2344	
22.346	0.9162	-0.1686	0.1272	-0.1358	0.0286	-0.2344	
22.358	0.6532	-0.3002	-0.4317	-0.3988	-0.4974	-0.6946	
22.381	0.8505	-0.3002	-0.2673	-0.3001	-0.0371	0.0615	
22.396	0.7847	-0.2015	-0.2673	-0.2344	-0.0700	-0.4316	
22.413	0.9162	-0.2673	-0.2015	-0.1686	-0.1029	4.0065	
22.426	0.6861	-0.3002	-0.3988	-0.4316	-0.3001	-0.4974	
22.448	0.8176	-0.1358	-0.3002	-0.2344	-0.0371	-0.3988	
22.451	0.8834	-0.2344	-0.2344	-0.3001	-0.8261	-0.3988	
22.473	0.7519	-0.3988	0.5217	-0.4645	-0.3001	-0.4974	
22.489	0.7190	-0.2673	-0.3988	-0.3659	-0.2673	-0.0371	
22.514	1.1135	-0.1686	-0.3330	-0.2673	-0.1029	-0.1686	
22.530	0.9491	-0.1686	0.6204	-0.2344	-0.1358	-0.2673	
22.550	1.0477	-0.1358	-0.1686	-0.0371	-0.0371	-0.2015	
22.560	0.7847	-0.0700	-0.3002	-0.1358	0.1272	-0.2673	
22.589	0.7190	-0.2344	-0.3988	-0.3001	0.7847	-0.3988	
22.592	0.8505	-0.2015	-0.3002	-0.3330	-0.1358	-0.3330	
22.613	0.8834	-0.3002	-0.1686	-2.7000	-0.2015	-0.2344	
22.624	0.7847	-0.2015	-0.4317	-0.3001	-0.1029	-0.3988	
22.652	0.7190	-0.3330	-0.4317	-0.3659	-0.2673	-0.2015	
22.654	0.6204	-0.3002	-0.5303	-0.3330	-2.5685	-0.4645	
22.677	0.7847	-0.5303	-0.3659	-0.3001	-0.2015	-0.0371	
22.684	0.7190	-0.2673	-0.3659	-0.2673	-0.0043	-0.3988	
22.712	0.9162	-0.1358	-0.9905	-0.3001	-0.1029	-0.2344	
22.716	0.7190	-0.3330	-0.5632	-0.3001	-0.2015	-0.5631	
22.739	0.6532	-0.3330	-0.2344	-0.4645	-0.2015	7.0639	
22.749	1.2779	0.1272	0.0944	-0.0043	-0.1029	-0.0371	
22.779	0.8505	-0.3002	-0.2673	-0.4316	-0.0371	-7.0396	
22.779	0.5217	-0.2015	-0.2344	-0.4316	-0.1029	-0.4974	
22.796	0.9820	-0.1358	-0.0700	-0.1686	0.0286	0.2259	
22.817	1.5737	0.2587	-0.1358	-0.1358	-0.1029	-0.1686	
22.825	0.6861	0.1601	0.6532	0.1272	0.1272	-0.1029	
22.857	0.7190	-0.3988	-0.3002	-0.7275	-0.3330	-0.5631	
22.873	0.8505	-0.3002	-0.2673	-0.3330	-0.2015	1.0477	
22.895	0.6861	-0.3002	-0.3330	-0.3001	-0.1358	-0.2344	
22.905	0.7190	-0.3002	-0.3330	-0.3330	-0.0700	-0.3659	
22.934	0.4560	-0.5632	-0.6618	-0.5631	-0.5631	-0.5960	
22.936	0.8505	-0.1358	-0.3659	-0.1358	-0.0043	-0.2344	
22.959	0.6861	-0.3659	-0.4645	-0.4645	-0.2673	-0.6618	
22.966	0.8176	-0.1686	-0.1686	-0.3659	-0.1029	-0.1686	
