% Time	SBX	SBY	SBZ	FRX	FRY	FRZ	FLX	FLY	FLZ	WRX	WRY	WRZ	WLX	WLY	WLZ	HDX	HDY	HDZ	HRX	HRY	HRZ	HRLX	HLY	HLZ	SpdCom	ax	ay	az	gx	gy	gz	mx	my	mz	Angle
0.033	-0.0231	0.0823	2.0973	0.2141	-0.6719	2.1806	-0.3292	-0.6384	2.1096	0.2961	0.1815	1.9762	-0.3951	0.1654	1.9337	-0.0421	0.8469	2.1773	0.0544	0.0840	2.0614	-0.0998	0.0778	2.0601	0.000	
0.067	-0.0227	0.0823	2.0962	0.2141	-0.6719	2.1804	-0.3290	-0.6380	2.1092	0.2963	0.1817	1.9758	-0.3960	0.1648	1.9329	-0.0420	0.8471	2.1757	0.0548	0.0839	2.0603	-0.0995	0.0778	2.0590	0.000	
0.100	-0.0225	0.0822	2.0956	0.2141	-0.6720	2.1804	-0.3289	-0.6379	2.1091	0.2965	0.1815	1.9759	-0.3974	0.1649	1.9325	-0.0419	0.8468	2.1749	0.0550	0.0839	2.0597	-0.0992	0.0778	2.0583	0.000	
0.133	-0.0224	0.0822	2.0953	0.2141	-0.6720	2.1804	-0.3289	-0.6380	2.1091	0.2965	0.1813	1.9759	-0.3973	0.1649	1.9327	-0.0414	0.8469	2.1729	0.0552	0.0838	2.0594	-0.0992	0.0778	2.0580	0.000	
0.167	-0.0223	0.0821	2.0950	0.2142	-0.6720	2.1803	-0.3289	-0.6379	2.1090	0.2965	0.1816	1.9754	-0.3969	0.1645	1.9328	-0.0412	0.8463	2.1714	0.0552	0.0836	2.0591	-0.0991	0.0777	2.0577	0.000	
0.200	-0.0221	0.0821	2.0945	0.2141	-0.6720	2.1802	-0.3287	-0.6376	2.1087	0.2963	0.1815	1.9753	-0.3970	0.1642	1.9327	-0.0412	0.8458	2.1696	0.0554	0.0836	2.0586	-0.0989	0.0777	2.0572	0.000	
0.233	-0.0220	0.0821	2.0943	0.2142	-0.6720	2.1802	-0.3287	-0.6376	2.1087	0.2964	0.1810	1.9750	-0.3970	0.1642	1.9327	-0.0411	0.8456	2.1685	0.0555	0.0835	2.0585	-0.0988	0.0778	2.0570	0.000	
0.267	-0.0219	0.0819	2.0941	0.2141	-0.6719	2.1801	-0.3287	-0.6377	2.1087	0.2968	0.1809	1.9749	-0.3966	0.1639	1.9325	-0.0407	0.8448	2.1674	0.0557	0.0834	2.0582	-0.0986	0.0776	2.0568	0.000	
0.300	-0.0217	0.0817	2.0939	0.2141	-0.6720	2.1798	-0.3286	-0.6376	2.1085	0.2970	0.1810	1.9746	-0.3970	0.1637	1.9322	-0.0405	0.8445	2.1660	0.0558	0.0832	2.0580	-0.0985	0.0775	2.0567	0.000	
0.333	-0.0217	0.0817	2.0939	0.2142	-0.6719	2.1796	-0.3290	-0.6386	2.1084	0.2972	0.1811	1.9744	-0.3973	0.1638	1.9319	-0.0404	0.8445	2.1657	0.0558	0.0832	2.0580	-0.0985	0.0774	2.0567	0.000	
0.367	-0.0217	0.0817	2.0939	0.2141	-0.6720	2.1793	-0.3290	-0.6384	2.1084	0.2977	0.1812	1.9743	-0.3968	0.1635	1.9319	-0.0401	0.8444	2.1650	0.0559	0.0831	2.0580	-0.0985	0.0773	2.0567	0.000	
0.400	-0.0216	0.0814	2.0940	0.2141	-0.6719	2.1793	-0.3289	-0.6382	2.1085	0.2974	0.1807	1.9741	-0.3969	0.1635	1.9316	-0.0401	0.8442	2.1648	0.0560	0.0829	2.0581	-0.0984	0.0771	2.0568	0.000	
0.433	-0.0216	0.0814	2.0940	0.2142	-0.6719	2.1793	-0.3289	-0.6382	2.1085	0.2973	0.1809	1.9743	-0.3966	0.1632	1.9316	-0.0400	0.8441	2.1646	0.0560	0.0828	2.0581	-0.0985	0.0771	2.0568	0.000	
0.467	-0.0217	0.0813	2.0942	0.2142	-0.6719	2.1793	-0.3289	-0.6383	2.1086	0.2969	0.1812	1.9742	-0.3967	0.1630	1.9315	-0.0399	0.8439	2.1644	0.0560	0.0827	2.0583	-0.0985	0.0770	2.0570	0.000	
0.500	-0.0217	0.0812	2.0943	0.2142	-0.6719	2.1793	-0.3289	-0.6384	2.1085	0.2972	0.1806	1.9740	-0.3965	0.1626	1.9316	-0.0399	0.8437	2.1644	0.0560	0.0826	2.0584	-0.0985	0.0769	2.0571	0.000	
0.533	-0.0216	0.0810	2.0947	0.2142	-0.6720	2.1793	-0.3290	-0.6387	2.1086	0.2984	0.1810	1.9743	-0.3958	0.1630	1.9318	-0.0399	0.8434	2.1644	0.0560	0.0825	2.0589	-0.0985	0.0768	2.0575	0.000	
0.600	-0.0218	0.0805	2.0959	0.2143	-0.6724	2.1796	-0.3289	-0.6386	2.1088	0.2987	0.1810	1.9739	-0.3957	0.1627	1.9319	-0.0399	0.8424	2.1639	0.0560	0.0818	2.0602	-0.0987	0.0764	2.0584	0.000	
0.633	-0.0219	0.0803	2.0964	0.2143	-0.6726	2.1797	-0.3288	-0.6384	2.1088	0.2986	0.1806	1.9742	-0.3947	0.1641	1.9332	-0.0399	0.8422	2.1634	0.0558	0.0815	2.0609	-0.0989	0.0763	2.0588	0.000	
0.667	-0.0219	0.0802	2.0970	0.2142	-0.6726	2.1797	-0.3287	-0.6383	2.1088	0.2992	0.1802	1.9742	-0.3944	0.1636	1.9335	-0.0399	0.8421	2.1628	0.0558	0.0814	2.0613	-0.0989	0.0761	2.0598	0.000	
0.700	-0.0219	0.0802	2.0983	0.2143	-0.6726	2.1799	-0.3287	-0.6381	2.1089	0.2995	0.1801	1.9744	-0.3944	0.1633	1.9335	-0.0402	0.8419	2.1621	0.0559	0.0815	2.0625	-0.0988	0.0760	2.0610	0.000	
0.733	-0.0220	0.0801	2.0993	0.2143	-0.6726	2.1799	-0.3287	-0.6381	2.1089	0.2994	0.1800	1.9744	-0.3941	0.1633	1.9338	-0.0403	0.8416	2.1618	0.0558	0.0814	2.0635	-0.0990	0.0759	2.0621	0.000	
0.767	-0.0219	0.0799	2.1005	0.2143	-0.6726	2.1799	-0.3290	-0.6388	2.1093	0.2993	0.1797	1.9744	-0.3920	0.1635	1.9344	-0.0404	0.8414	2.1612	0.0559	0.0812	2.0650	-0.0990	0.0758	2.0629	0.000	
0.800	-0.0220	0.0794	2.1013	0.2143	-0.6728	2.1801	-0.3289	-0.6388	2.1093	0.2992	0.1791	1.9741	-0.3930	0.1629	1.9340	-0.0405	0.8407	2.1604	0.0560	0.0806	2.0661	-0.0991	0.0755	2.0636	0.000	
0.833	-0.0220	0.0790	2.1024	0.2143	-0.6727	2.1801	-0.3288	-0.6386	2.1093	0.2992	0.1789	1.9741	-0.3932	0.1630	1.9341	-0.0404	0.8402	2.1575	0.0560	0.0801	2.0672	-0.0991	0.0751	2.0645	0.000	
0.867	-0.0221	0.0789	2.1039	0.2143	-0.6727	2.1801	-0.3288	-0.6387	2.1094	0.2995	0.1790	1.9744	-0.3934	0.1627	1.9340	-0.0402	0.8403	2.1570	0.0559	0.0799	2.0692	-0.0993	0.0750	2.0656	0.000	
0.900	-0.0222	0.0786	2.1057	0.2143	-0.6728	2.1802	-0.3292	-0.6400	2.1098	0.2994	0.1790	1.9745	-0.3940	0.1628	1.9339	-0.0402	0.8398	2.1556	0.0558	0.0797	2.0709	-0.0994	0.0746	2.0674	0.000	
0.933	-0.0224	0.0783	2.1071	0.2142	-0.6729	2.1803	-0.3291	-0.6395	2.1098	0.3004	0.1787	1.9751	-0.3946	0.1632	1.9336	-0.0404	0.8397	2.1547	0.0556	0.0794	2.0723	-0.0997	0.0745	2.0688	0.000	
0.967	-0.0228	0.0783	2.1083	0.2140	-0.6732	2.1803	-0.3293	-0.6403	2.1098	0.3006	0.1786	1.9752	-0.3945	0.1633	1.9339	-0.0403	0.8396	2.1531	0.0553	0.0793	2.0736	-0.1001	0.0746	2.0700	0.000	
1.000	-0.0230	0.0778	2.1096	0.2139	-0.6732	2.1803	-0.3293	-0.6403	2.1098	0.3012	0.1786	1.9758	-0.3949	0.1631	1.9340	-0.0403	0.8390	2.1521	0.0552	0.0788	2.0749	-0.1004	0.0742	2.0712	0.000	
1.033	-0.0233	0.0776	2.1106	0.2138	-0.6732	2.1804	-0.3293	-0.6405	2.1099	0.3010	0.1787	1.9762	-0.3952	0.1631	1.9337	-0.0401	0.8388	2.1507	0.0549	0.0785	2.0765	-0.1006	0.0741	2.0718	0.000	
1.067	-0.0236	0.0775	2.1121	0.2135	-0.6726	2.1806	-0.3297	-0.6416	2.1102	0.3011	0.1787	1.9764	-0.3955	0.1632	1.9335	-0.0404	0.8387	2.1495	0.0547	0.0783	2.0778	-0.1010	0.0740	2.0734	0.000	
1.100	-0.0237	0.0773	2.1137	0.2134	-0.6727	2.1809	-0.3299	-0.6415	2.1105	0.3006	0.1789	1.9765	-0.3958	0.1632	1.9336	-0.0402	0.8387	2.1486	0.0545	0.0781	2.0796	-0.1011	0.0739	2.0748	0.000	
1.133	-0.0239	0.0773	2.1144	0.2133	-0.6726	2.1809	-0.3299	-0.6414	2.1105	0.2997	0.1787	1.9769	-0.3961	0.1635	1.9339	-0.0401	0.8385	2.1477	0.0543	0.0780	2.0804	-0.1013	0.0739	2.0754	0.000	
1.167	-0.0244	0.0775	2.1156	0.2132	-0.6724	2.1810	-0.3299	-0.6414	2.1105	0.2998	0.1782	1.9773	-0.3964	0.1638	1.9342	-0.0404	0.8385	2.1472	0.0538	0.0783	2.0819	-0.1017	0.0740	2.0762	0.000	
1.200	-0.0248	0.0774	2.1170	0.2130	-0.6722	2.1813	-0.3301	-0.6417	2.1106	0.3000	0.1786	1.9781	-0.3969	0.1639	1.9343	-0.0401	0.8384	2.1459	0.0532	0.0782	2.0837	-0.1021	0.0739	2.0774	0.000	
1.233	-0.0251	0.0777	2.1182	0.2129	-0.6721	2.1815	-0.3302	-0.6417	2.1107	0.3005	0.1790	1.9789	-0.3943	0.1627	1.9350	-0.0402	0.8381	2.1443	0.0530	0.0787	2.0850	-0.1024	0.0741	2.0783	0.000	
1.267	-0.0254	0.0779	2.1195	0.2129	-0.6721	2.1816	-0.3302	-0.6417	2.1107	0.3004	0.1795	1.9796	-0.3948	0.1631	1.9350	-0.0400	0.8382	2.1435	0.0528	0.0788	2.0861	-0.1027	0.0744	2.0799	0.000	
1.300	-0.0257	0.0781	2.1202	0.2129	-0.6719	2.1816	-0.3303	-0.6419	2.1113	0.3012	0.1797	1.9804	-0.3941	0.1634	1.9355	-0.0400	0.8384	2.1431	0.0525	0.0791	2.0868	-0.1029	0.0745	2.0807	0.000	
1.333	-0.0260	0.0786	2.1211	0.2128	-0.6718	2.1818	-0.3306	-0.6421	2.1115	0.3013	0.1801	1.9810	-0.3928	0.1634	1.9364	-0.0399	0.8385	2.1418	0.0522	0.0796	2.0875	-0.1033	0.0748	2.0816	0.000	
1.367	-0.0262	0.0786	2.1221	0.2128	-0.6719	2.1822	-0.3308	-0.6421	2.1117	0.3015	0.1803	1.9814	-0.3924	0.1633	1.9365	-0.0397	0.8385	2.1413	0.0521	0.0795	2.0888	-0.1036	0.0749	2.0824	0.000	
1.400	-0.0264	0.0787	2.1229	0.2128	-0.6718	2.1823	-0.3308	-0.6419	2.1118	0.3017	0.1803	1.9823	-0.3937	0.1637	1.9362	-0.0392	0.8387	2.1405	0.0519	0.0795	2.0897	-0.1038	0.0750	2.0830	0.000	
1.433	-0.0267	0.0790	2.1236	0.2127	-0.6719	2.1824	-0.3310	-0.6424	2.1120	0.3019	0.1805	1.9827	-0.3926	0.1645	1.9369	-0.0391	0.8387	2.1400	0.0516	0.0800	2.0908	-0.1040	0.0753	2.0835	0.000	
1.467	-0.0269	0.0789	2.1242	0.2127	-0.6719	2.1825	-0.3311	-0.6424	2.1120	0.3018	0.1805	1.9828	-0.3922	0.1646	1.9369	-0.0387	0.8386	2.1389	0.0514	0.0798	2.0914	-0.1043	0.0753	2.0840	0.000	
1.533	-0.0275	0.0792	2.1250	0.2127	-0.6719	2.1827	-0.3316	-0.6432	2.1123	0.3019	0.1805	1.9834	-0.3922	0.1650	1.9371	-0.0383	0.8387	2.1381	0.0509	0.0801	2.0922	-0.1049	0.0756	2.0848	0.000	
1.567	-0.0277	0.0792	2.1252	0.2125	-0.6722	2.1828	-0.3316	-0.6432	2.1122	0.3014	0.1805	1.9833	-0.3928	0.1648	1.9370	-0.0381	0.8387	2.1373	0.0507	0.0802	2.0925	-0.1050	0.0756	2.0849	0.000	
1.600	-0.0278	0.0792	2.1256	0.2125	-0.6723	2.1829	-0.3316	-0.6432	2.1123	0.3015	0.1805	1.9834	-0.3934	0.1650	1.9370	-0.0382	0.8386	2.1374	0.0506	0.0802	2.0929	-0.1052	0.0755	2.0853	0.000	
1.633	-0.0278	0.0793	2.1260	0.2123	-0.6719	2.1833	-0.3316	-0.6432	2.1124	0.3012	0.1803	1.9836	-0.3935	0.1651	1.9371	-0.0381	0.8384	2.1373	0.0505	0.0803	2.0931	-0.1052	0.0756	2.0856	0.000	
1.667	-0.0279	0.0793	2.1262	0.2123	-0.6720	2.1835	-0.3320	-0.6436	2.1125	0.3016	0.1802	1.9839	-0.3936	0.1652	1.9366	-0.0381	0.8385	2.1374	0.0505	0.0802	2.0934	-0.1053	0.0756	2.0858	0.000	
1.700	-0.0281	0.0794	2.1265	0.2123	-0.6720	2.1836	-0.3321	-0.6437	2.1126	0.3017	0.1802	1.9840	-0.3945	0.1660	1.9364	-0.0382	0.8385	2.1373	0.0503	0.0803	2.0938	-0.1055	0.0757	2.0860	0.000	
1.733	-0.0281	0.0793	2.1267	0.2123	-0.6720	2.1836	-0.3322	-0.6439	2.1128	0.3019	0.1801	1.9841	-0.3958	0.1664	1.9365	-0.0382	0.8385	2.1372	0.0503	0.0803	2.0939	-0.1055	0.0756	2.0862	0.000	
1.800	-0.0282	0.0794	2.1270	0.2122	-0.6716	2.1835	-0.3322	-0.6437	2.1128	0.3023	0.1801	1.9842	-0.3949	0.1664	1.9367	-0.0383	0.8384	2.1371	0.0502	0.0804	2.0942	-0.1056	0.0756	2.0864	0.000	
1.833	-0.0282	0.0796	2.1275	0.2122	-0.6722	2.1842	-0.3323	-0.6438	2.1128	0.3023	0.1802	1.9843	-0.3955	0.1668	1.9370	-0.0383	0.8387	2.1376	0.0501	0.0807	2.0948	-0.1056	0.0758	2.0867	0.000	
1.867	-0.0283	0.0798	2.1278	0.2122	-0.6717	2.1844	-0.3323	-0.6438	2.1129	0.3022	0.1804	1.9841	-0.3931	0.1670	1.9372	-0.0383	0.8388	2.1376	0.0500	0.0809	2.0950	-0.1057	0.0759	2.0870	0.000	
1.900	-0.0283	0.0798	2.1279	0.2122	-0.6718	2.1845	-0.3323	-0.6438	2.1129	0.3024	0.1807	1.9843	-0.3921	0.1669	1.9374	-0.0384	0.8388	2.1377	0.0500	0.0810	2.0952	-0.1057	0.0759	2.0871	0.000	
1.933	-0.0284	0.0799	2.1280	0.2122	-0.6717	2.1845	-0.3326	-0.6442	2.1130	0.3026	0.1808	1.9843	-0.3915	0.1667	1.9376	-0.0384	0.8388	2.1378	0.0499	0.0810	2.0953	-0.1058	0.0760	2.0871	0.000	
1.967	-0.0284	0.0799	2.1282	0.2122	-0.6717	2.1846	-0.3326	-0.6442	2.1131	0.3027	0.1808	1.9845	-0.3907	0.1667	1.9377	-0.0388	0.8390	2.1386	0.0499	0.0810	2.0954	-0.1058	0.0760	2.0872	0.000	
2.000	-0.0285	0.0799	2.1283	0.2123	-0.6718	2.1847	-0.3326	-0.6443	2.1133	0.3025	0.1810	1.9842	-0.3903	0.1665	1.9378	-0.0389	0.8390	2.1390	0.0498	0.0811	2.0957	-0.1058	0.0760	2.0873	0.000	
2.033	-0.0285	0.0800	2.1285	0.2122	-0.6715	2.1849	-0.3327	-0.6443	2.1133	0.3023	0.1805	1.9838	-0.3894	0.1666	1.9383	-0.0390	0.8390	2.1395	0.0498	0.0812	2.0958	-0.1059	0.0760	2.0874	0.000	
2.067	-0.0286	0.0799	2.1286	0.2121	-0.6716	2.1849	-0.3327	-0.6444	2.1135	0.3026	0.1801	1.9839	-0.3891	0.1668	1.9384	-0.0391	0.8391	2.1400	0.0497	0.0810	2.0958	-0.1059	0.0760	2.0875	0.000	
2.100	-0.0286	0.0799	2.1287	0.2121	-0.6714	2.1851	-0.3327	-0.6444	2.1136	0.3027	0.1801	1.9838	-0.3893	0.1668	1.9386	-0.0393	0.8391	2.1407	0.0497	0.0810	2.0959	-0.1060	0.0760	2.0876	0.000	
2.133	-0.0286	0.0799	2.1287	0.2121	-0.6714	2.1851	-0.3327	-0.6445	2.1136	0.3030	0.1801	1.9837	-0.3898	0.1666	1.9386	-0.0393	0.8392	2.1412	0.0497	0.0810	2.0960	-0.1060	0.0760	2.0876	0.000	
2.167	-0.0286	0.0799	2.1288	0.2122	-0.6714	2.1852	-0.3328	-0.6445	2.1136	0.3027	0.1799	1.9839	-0.3896	0.1667	1.9387	-0.0393	0.8392	2.1416	0.0497	0.0810	2.0961	-0.1060	0.0760	2.0877	0.000	
2.200	-0.0286	0.0799	2.1289	0.2122	-0.6715	2.1852	-0.3328	-0.6445	2.1136	0.3024	0.1799	1.9835	-0.3882	0.1660	1.9391	-0.0394	0.8392	2.1418	0.0497	0.0810	2.0961	-0.1060	0.0760	2.0878	0.000	
2.233	-0.0287	0.0799	2.1289	0.2122	-0.6716	2.1852	-0.3328	-0.6446	2.1136	0.3025	0.1796	1.9833	-0.3898	0.1659	1.9388	-0.0394	0.8391	2.1419	0.0497	0.0810	2.0961	-0.1060	0.0760	2.0878	0.000	
2.267	-0.0286	0.0800	2.1291	0.2122	-0.6715	2.1852	-0.3328	-0.6446	2.1137	0.3027	0.1791	1.9830	-0.3909	0.1656	1.9388	-0.0396	0.8392	2.1422	0.0497	0.0811	2.0962	-0.1059	0.0760	2.0880	0.000	
2.300	-0.0286	0.0799	2.1292	0.2122	-0.6717	2.1852	-0.3329	-0.6448	2.1136	0.3027	0.1789	1.9828	-0.3916	0.1653	1.9386	-0.0396	0.8392	2.1428	0.0497	0.0810	2.0963	-0.1059	0.0760	2.0881	0.000	
2.333	-0.0286	0.0799	2.1292	0.2122	-0.6716	2.1853	-0.3329	-0.6450	2.1136	0.3028	0.1788	1.9827	-0.3921	0.1652	1.9384	-0.0397	0.8392	2.1429	0.0497	0.0809	2.0963	-0.1059	0.0760	2.0881	0.000	
2.367	-0.0286	0.0799	2.1293	0.2122	-0.6716	2.1853	-0.3329	-0.6451	2.1137	0.3028	0.1788	1.9827	-0.3930	0.1651	1.9382	-0.0396	0.8390	2.1432	0.0497	0.0809	2.0963	-0.1060	0.0760	2.0882	0.000	
2.400	-0.0287	0.0799	2.1294	0.2122	-0.6716	2.1853	-0.3330	-0.6452	2.1137	0.3028	0.1786	1.9828	-0.3916	0.1650	1.9384	-0.0397	0.8391	2.1432	0.0497	0.0810	2.0964	-0.1060	0.0760	2.0883	0.000	
2.433	-0.0286	0.0799	2.1294	0.2122	-0.6716	2.1853	-0.3329	-0.6448	2.1138	0.3027	0.1786	1.9827	-0.3901	0.1643	1.9383	-0.0398	0.8391	2.1433	0.0497	0.0809	2.0964	-0.1060	0.0759	2.0883	0.000	
2.467	-0.0287	0.0799	2.1294	0.2122	-0.6716	2.1853	-0.3329	-0.6449	2.1137	0.3026	0.1786	1.9827	-0.3911	0.1640	1.9381	-0.0398	0.8392	2.1434	0.0496	0.0810	2.0963	-0.1060	0.0759	2.0884	0.000	
2.500	-0.0287	0.0799	2.1294	0.2122	-0.6717	2.1853	-0.3330	-0.6451	2.1137	0.3024	0.1786	1.9826	-0.3916	0.1638	1.9379	-0.0399	0.8392	2.1435	0.0496	0.0809	2.0961	-0.1060	0.0759	2.0884	0.000	
2.533	-0.0288	0.0799	2.1293	0.2122	-0.6717	2.1853	-0.3331	-0.6449	2.1137	0.3020	0.1785	1.9822	-0.3922	0.1635	1.9377	-0.0399	0.8392	2.1435	0.0495	0.0810	2.0960	-0.1061	0.0760	2.0884	0.000	
2.567	-0.0288	0.0799	2.1294	0.2125	-0.6720	2.1853	-0.3328	-0.6445	2.1138	0.3020	0.1787	1.9821	-0.3912	0.1629	1.9379	-0.0401	0.8393	2.1438	0.0495	0.0810	2.0960	-0.1061	0.0760	2.0884	0.000	
2.600	-0.0288	0.0799	2.1294	0.2126	-0.6720	2.1853	-0.3329	-0.6445	2.1138	0.3020	0.1786	1.9822	-0.3919	0.1632	1.9379	-0.0401	0.8395	2.1438	0.0494	0.0810	2.0960	-0.1062	0.0760	2.0885	0.000	
2.633	-0.0289	0.0800	2.1294	0.2125	-0.6720	2.1853	-0.3329	-0.6445	2.1138	0.3020	0.1786	1.9821	-0.3929	0.1628	1.9376	-0.0402	0.8396	2.1439	0.0494	0.0811	2.0959	-0.1062	0.0760	2.0885	0.000	
2.667	-0.0289	0.0800	2.1294	0.2126	-0.6720	2.1853	-0.3330	-0.6451	2.1139	0.3018	0.1783	1.9823	-0.3926	0.1622	1.9380	-0.0402	0.8396	2.1438	0.0494	0.0811	2.0959	-0.1062	0.0760	2.0886	0.000	
2.700	-0.0289	0.0800	2.1295	0.2127	-0.6720	2.1852	-0.3330	-0.6451	2.1139	0.3005	0.1782	1.9818	-0.3912	0.1615	1.9384	-0.0403	0.8397	2.1440	0.0494	0.0811	2.0959	-0.1062	0.0759	2.0886	0.000	
2.733	-0.0289	0.0799	2.1294	0.2128	-0.6720	2.1851	-0.3329	-0.6451	2.1139	0.3004	0.1781	1.9813	-0.3919	0.1613	1.9383	-0.0404	0.8397	2.1440	0.0494	0.0812	2.0957	-0.1062	0.0759	2.0886	0.000	
2.767	-0.0289	0.0799	2.1294	0.2127	-0.6720	2.1851	-0.3330	-0.6450	2.1138	0.2999	0.1780	1.9809	-0.3924	0.1610	1.9380	-0.0404	0.8396	2.1441	0.0494	0.0811	2.0957	-0.1062	0.0758	2.0886	0.000	
2.800	-0.0288	0.0799	2.1294	0.2127	-0.6720	2.1851	-0.3330	-0.6451	2.1138	0.2995	0.1779	1.9805	-0.3940	0.1601	1.9374	-0.0404	0.8398	2.1441	0.0495	0.0811	2.0957	-0.1062	0.0758	2.0886	0.000	
2.833	-0.0288	0.0799	2.1294	0.2127	-0.6720	2.1851	-0.3330	-0.6451	2.1138	0.2997	0.1777	1.9805	-0.3913	0.1599	1.9383	-0.0405	0.8398	2.1441	0.0495	0.0811	2.0955	-0.1062	0.0758	2.0886	0.000	
2.867	-0.0288	0.0798	2.1294	0.2127	-0.6721	2.1852	-0.3330	-0.6451	2.1139	0.2998	0.1778	1.9804	-0.3920	0.1594	1.9380	-0.0406	0.8398	2.1440	0.0495	0.0811	2.0954	-0.1061	0.0757	2.0887	0.000	
2.900	-0.0289	0.0798	2.1293	0.2128	-0.6721	2.1852	-0.3329	-0.6446	2.1139	0.2999	0.1777	1.9804	-0.3923	0.1592	1.9379	-0.0406	0.8398	2.1440	0.0495	0.0811	2.0951	-0.1062	0.0757	2.0887	0.000	
2.933	-0.0288	0.0797	2.1292	0.2127	-0.6721	2.1853	-0.3329	-0.6446	2.1140	0.2995	0.1775	1.9802	-0.3927	0.1588	1.9377	-0.0406	0.8397	2.1439	0.0495	0.0810	2.0949	-0.1062	0.0756	2.0887	0.000	
2.967	-0.0288	0.0797	2.1291	0.2127	-0.6723	2.1851	-0.3329	-0.6446	2.1139	0.2998	0.1770	1.9797	-0.3931	0.1588	1.9375	-0.0407	0.8396	2.1433	0.0495	0.0810	2.0946	-0.1062	0.0756	2.0887	0.000	
3.000	-0.0288	0.0798	2.1290	0.2127	-0.6723	2.1850	-0.3328	-0.6444	2.1138	0.3000	0.1770	1.9799	-0.3934	0.1587	1.9375	-0.0407	0.8396	2.1428	0.0495	0.0812	2.0946	-0.1061	0.0757	2.0886	0.000	
3.033	-0.0288	0.0799	2.1290	0.2127	-0.6723	2.1850	-0.3328	-0.6445	2.1139	0.3000	0.1770	1.9798	-0.3936	0.1587	1.9375	-0.0407	0.8396	2.1428	0.0495	0.0813	2.0946	-0.1061	0.0757	2.0886	0.000	
3.100	-0.0288	0.0800	2.1290	0.2125	-0.6720	2.1850	-0.3328	-0.6446	2.1139	0.3001	0.1773	1.9799	-0.3915	0.1591	1.9376	-0.0407	0.8395	2.1429	0.0495	0.0814	2.0946	-0.1061	0.0758	2.0885	0.000	
3.167	-0.0288	0.0800	2.1290	0.2125	-0.6721	2.1852	-0.3328	-0.6446	2.1140	0.2997	0.1777	1.9797	-0.3921	0.1594	1.9372	-0.0407	0.8395	2.1428	0.0495	0.0815	2.0945	-0.1061	0.0758	2.0885	0.000	
3.200	-0.0288	0.0802	2.1290	0.2125	-0.6721	2.1852	-0.3328	-0.6445	2.1140	0.2991	0.1782	1.9795	-0.3904	0.1593	1.9375	-0.0407	0.8396	2.1426	0.0496	0.0817	2.0945	-0.1061	0.0759	2.0885	0.000	
3.267	-0.0288	0.0803	2.1288	0.2125	-0.6720	2.1849	-0.3330	-0.6448	2.1137	0.2990	0.1782	1.9791	-0.3923	0.1588	1.9371	-0.0407	0.8396	2.1423	0.0495	0.0820	2.0942	-0.1060	0.0759	2.0885	0.000	
3.300	-0.0288	0.0803	2.1289	0.2124	-0.6718	2.1851	-0.3329	-0.6446	2.1136	0.2991	0.1783	1.9792	-0.3925	0.1589	1.9370	-0.0407	0.8396	2.1424	0.0495	0.0820	2.0942	-0.1060	0.0759	2.0885	0.000	
3.367	-0.0287	0.0805	2.1289	0.2125	-0.6717	2.1851	-0.3330	-0.6448	2.1139	0.2993	0.1782	1.9795	-0.3929	0.1587	1.9368	-0.0407	0.8397	2.1423	0.0495	0.0822	2.0942	-0.1060	0.0760	2.0886	0.000	
3.400	-0.0287	0.0804	2.1288	0.2125	-0.6718	2.1852	-0.3330	-0.6448	2.1138	0.2988	0.1782	1.9796	-0.3930	0.1588	1.9367	-0.0407	0.8397	2.1423	0.0496	0.0822	2.0941	-0.1060	0.0760	2.0885	0.000	
3.467	-0.0287	0.0805	2.1287	0.2126	-0.6717	2.1853	-0.3328	-0.6443	2.1137	0.2986	0.1780	1.9797	-0.3930	0.1589	1.9365	-0.0406	0.8398	2.1423	0.0496	0.0823	2.0940	-0.1059	0.0761	2.0884	0.000	
3.500	-0.0287	0.0805	2.1286	0.2125	-0.6717	2.1854	-0.3325	-0.6437	2.1136	0.2990	0.1781	1.9794	-0.3931	0.1587	1.9365	-0.0406	0.8397	2.1420	0.0496	0.0823	2.0938	-0.1059	0.0760	2.0884	0.000	
3.567	-0.0287	0.0805	2.1286	0.2126	-0.6716	2.1853	-0.3325	-0.6440	2.1136	0.2994	0.1781	1.9795	-0.3937	0.1585	1.9366	-0.0405	0.8396	2.1419	0.0496	0.0822	2.0938	-0.1059	0.0760	2.0884	0.000	
3.600	-0.0287	0.0805	2.1286	0.2126	-0.6712	2.1855	-0.3326	-0.6441	2.1137	0.2992	0.1780	1.9798	-0.3940	0.1586	1.9365	-0.0405	0.8396	2.1420	0.0496	0.0823	2.0938	-0.1060	0.0760	2.0884	0.000	
3.667	-0.0287	0.0805	2.1286	0.2125	-0.6712	2.1856	-0.3326	-0.6441	2.1137	0.2995	0.1776	1.9804	-0.3939	0.1579	1.9371	-0.0405	0.8395	2.1419	0.0496	0.0823	2.0938	-0.1060	0.0760	2.0884	0.000	
3.700	-0.0287	0.0805	2.1286	0.2126	-0.6713	2.1856	-0.3326	-0.6441	2.1137	0.2995	0.1776	1.9804	-0.3944	0.1580	1.9371	-0.0406	0.8395	2.1418	0.0496	0.0823	2.0938	-0.1059	0.0760	2.0885	0.000	
3.767	-0.0287	0.0803	2.1284	0.2125	-0.6711	2.1855	-0.3326	-0.6442	2.1136	0.2994	0.1774	1.9801	-0.3945	0.1579	1.9366	-0.0405	0.8393	2.1416	0.0496	0.0821	2.0935	-0.1060	0.0757	2.0883	0.000	
3.800	-0.0287	0.0803	2.1284	0.2125	-0.6713	2.1856	-0.3326	-0.6442	2.1137	0.2994	0.1774	1.9801	-0.3945	0.1579	1.9366	-0.0405	0.8393	2.1416	0.0496	0.0821	2.0935	-0.1060	0.0757	2.0882	0.000	
3.867	-0.0286	0.0803	2.1283	0.2126	-0.6716	2.1856	-0.3325	-0.6444	2.1136	0.2996	0.1776	1.9800	-0.3918	0.1574	1.9371	-0.0405	0.8392	2.1413	0.0497	0.0821	2.0935	-0.1060	0.0757	2.0880	0.000	
3.900	-0.0287	0.0802	2.1282	0.2126	-0.6715	2.1856	-0.3325	-0.6443	2.1136	0.2995	0.1767	1.9795	-0.3924	0.1578	1.9371	-0.0406	0.8391	2.1413	0.0497	0.0820	2.0935	-0.1060	0.0757	2.0880	0.000	
3.967	-0.0286	0.0802	2.1282	0.2125	-0.6716	2.1856	-0.3326	-0.6445	2.1136	0.2992	0.1769	1.9794	-0.3939	0.1589	1.9364	-0.0406	0.8392	2.1408	0.0497	0.0818	2.0933	-0.1060	0.0757	2.0880	0.000	
4.000	-0.0287	0.0801	2.1281	0.2125	-0.6716	2.1856	-0.3326	-0.6444	2.1136	0.2982	0.1766	1.9793	-0.3943	0.1593	1.9361	-0.0405	0.8393	2.1407	0.0497	0.0818	2.0932	-0.1060	0.0756	2.0879	0.000	
4.067	-0.0286	0.0801	2.1281	0.2124	-0.6716	2.1856	-0.3326	-0.6448	2.1135	0.2992	0.1764	1.9801	-0.3946	0.1597	1.9353	-0.0404	0.8393	2.1396	0.0498	0.0817	2.0933	-0.1059	0.0757	2.0878	0.000	
4.100	-0.0286	0.0801	2.1280	0.2124	-0.6716	2.1856	-0.3327	-0.6449	2.1135	0.2992	0.1764	1.9800	-0.3951	0.1599	1.9351	-0.0404	0.8394	2.1395	0.0498	0.0817	2.0932	-0.1059	0.0757	2.0877	0.000	
4.167	-0.0286	0.0802	2.1279	0.2123	-0.6715	2.1855	-0.3326	-0.6449	2.1135	0.2994	0.1767	1.9799	-0.3955	0.1603	1.9346	-0.0404	0.8394	2.1392	0.0498	0.0817	2.0931	-0.1059	0.0757	2.0876	0.000	
4.200	-0.0286	0.0802	2.1279	0.2123	-0.6715	2.1854	-0.3327	-0.6449	2.1135	0.2989	0.1769	1.9798	-0.3960	0.1608	1.9348	-0.0405	0.8394	2.1390	0.0498	0.0817	2.0931	-0.1059	0.0757	2.0876	0.000	
4.267	-0.0285	0.0799	2.1279	0.2124	-0.6715	2.1854	-0.3328	-0.6451	2.1136	0.2991	0.1772	1.9793	-0.3962	0.1611	1.9343	-0.0406	0.8393	2.1388	0.0499	0.0812	2.0932	-0.1059	0.0756	2.0875	0.000	
4.300	-0.0286	0.0798	2.1278	0.2124	-0.6715	2.1854	-0.3328	-0.6451	2.1136	0.2993	0.1774	1.9791	-0.3963	0.1612	1.9342	-0.0406	0.8393	2.1387	0.0498	0.0810	2.0931	-0.1060	0.0756	2.0875	0.000	
4.367	-0.0286	0.0797	2.1276	0.2124	-0.6716	2.1854	-0.3328	-0.6451	2.1135	0.2995	0.1777	1.9793	-0.3966	0.1613	1.9338	-0.0406	0.8392	2.1385	0.0498	0.0809	2.0930	-0.1060	0.0755	2.0873	0.000	
4.400	-0.0286	0.0796	2.1276	0.2124	-0.6716	2.1854	-0.3328	-0.6451	2.1136	0.2998	0.1778	1.9793	-0.3966	0.1613	1.9339	-0.0406	0.8392	2.1383	0.0498	0.0808	2.0929	-0.1059	0.0755	2.0873	0.000	
4.467	-0.0286	0.0796	2.1275	0.2123	-0.6714	2.1856	-0.3328	-0.6451	2.1136	0.2999	0.1780	1.9788	-0.3969	0.1614	1.9339	-0.0406	0.8391	2.1384	0.0498	0.0806	2.0927	-0.1060	0.0755	2.0872	0.000	
4.500	-0.0286	0.0795	2.1275	0.2123	-0.6714	2.1856	-0.3327	-0.6450	2.1135	0.3001	0.1781	1.9788	-0.3971	0.1614	1.9338	-0.0407	0.8392	2.1382	0.0498	0.0806	2.0927	-0.1060	0.0755	2.0872	0.000	
4.567	-0.0286	0.0795	2.1275	0.2122	-0.6705	2.1853	-0.3326	-0.6450	2.1136	0.3007	0.1780	1.9789	-0.3974	0.1613	1.9337	-0.0408	0.8391	2.1382	0.0498	0.0806	2.0927	-0.1059	0.0755	2.0871	0.000	
4.633	-0.0287	0.0794	2.1273	0.2122	-0.6708	2.1853	-0.3326	-0.6449	2.1135	0.3005	0.1780	1.9789	-0.3974	0.1613	1.9338	-0.0409	0.8392	2.1382	0.0497	0.0805	2.0925	-0.1060	0.0754	2.0870	0.000	
4.700	-0.0287	0.0794	2.1272	0.2122	-0.6709	2.1853	-0.3328	-0.6452	2.1136	0.3001	0.1779	1.9785	-0.3951	0.1607	1.9338	-0.0411	0.8392	2.1381	0.0497	0.0804	2.0925	-0.1061	0.0754	2.0869	0.000	
4.767	-0.0288	0.0793	2.1272	0.2121	-0.6710	2.1853	-0.3328	-0.6447	2.1136	0.3007	0.1773	1.9783	-0.3957	0.1611	1.9339	-0.0413	0.8392	2.1379	0.0496	0.0803	2.0926	-0.1061	0.0754	2.0868	0.000	
4.800	-0.0289	0.0793	2.1272	0.2121	-0.6710	2.1853	-0.3329	-0.6451	2.1137	0.3004	0.1773	1.9779	-0.3957	0.1612	1.9339	-0.0413	0.8392	2.1379	0.0495	0.0802	2.0925	-0.1062	0.0754	2.0867	0.000	
4.867	-0.0289	0.0793	2.1272	0.2122	-0.6710	2.1853	-0.3326	-0.6450	2.1136	0.3009	0.1777	1.9779	-0.3959	0.1612	1.9335	-0.0413	0.8392	2.1380	0.0495	0.0802	2.0926	-0.1063	0.0754	2.0866	0.000	
4.900	-0.0288	0.0792	2.1272	0.2122	-0.6711	2.1853	-0.3328	-0.6452	2.1137	0.3007	0.1775	1.9776	-0.3961	0.1610	1.9334	-0.0413	0.8392	2.1380	0.0496	0.0801	2.0925	-0.1062	0.0754	2.0866	0.000	
4.967	-0.0289	0.0792	2.1272	0.2122	-0.6710	2.1853	-0.3328	-0.6453	2.1138	0.3012	0.1774	1.9778	-0.3961	0.1609	1.9334	-0.0415	0.8393	2.1382	0.0495	0.0801	2.0925	-0.1063	0.0754	2.0867	0.000	
5.000	-0.0289	0.0792	2.1272	0.2123	-0.6711	2.1854	-0.3327	-0.6452	2.1138	0.3013	0.1773	1.9777	-0.3964	0.1611	1.9333	-0.0416	0.8393	2.1382	0.0495	0.0801	2.0925	-0.1063	0.0754	2.0867	0.000	
5.067	-0.0289	0.0791	2.1270	0.2122	-0.6711	2.1854	-0.3327	-0.6451	2.1137	0.3014	0.1778	1.9779	-0.3963	0.1609	1.9332	-0.0415	0.8393	2.1384	0.0495	0.0798	2.0923	-0.1063	0.0753	2.0866	0.000	
5.100	-0.0289	0.0790	2.1270	0.2121	-0.6715	2.1855	-0.3328	-0.6451	2.1138	0.3008	0.1778	1.9777	-0.3964	0.1612	1.9333	-0.0416	0.8392	2.1385	0.0495	0.0798	2.0923	-0.1063	0.0752	2.0866	0.000	
5.167	-0.0289	0.0789	2.1269	0.2121	-0.6714	2.1855	-0.3328	-0.6451	2.1138	0.3011	0.1777	1.9779	-0.3966	0.1611	1.9330	-0.0415	0.8392	2.1385	0.0496	0.0796	2.0922	-0.1063	0.0752	2.0865	0.000	
5.200	-0.0289	0.0789	2.1269	0.2122	-0.6718	2.1853	-0.3328	-0.6451	2.1138	0.3007	0.1774	1.9785	-0.3968	0.1612	1.9329	-0.0416	0.8392	2.1385	0.0496	0.0796	2.0923	-0.1063	0.0752	2.0865	0.000	
5.267	-0.0289	0.0788	2.1270	0.2122	-0.6717	2.1853	-0.3328	-0.6451	2.1138	0.3007	0.1771	1.9783	-0.3959	0.1607	1.9329	-0.0417	0.8393	2.1389	0.0496	0.0795	2.0922	-0.1063	0.0752	2.0865	0.000	
5.333	-0.0288	0.0786	2.1269	0.2122	-0.6716	2.1854	-0.3325	-0.6449	2.1137	0.3010	0.1770	1.9784	-0.3960	0.1608	1.9327	-0.0417	0.8392	2.1391	0.0496	0.0792	2.0922	-0.1061	0.0750	2.0864	0.000	
5.367	-0.0287	0.0785	2.1268	0.2122	-0.6717	2.1853	-0.3325	-0.6449	2.1137	0.3013	0.1770	1.9786	-0.3961	0.1607	1.9326	-0.0417	0.8392	2.1391	0.0496	0.0792	2.0921	-0.1061	0.0749	2.0864	0.000	
5.433	-0.0287	0.0785	2.1268	0.2122	-0.6718	2.1853	-0.3326	-0.6448	2.1139	0.3003	0.1767	1.9785	-0.3961	0.1608	1.9328	-0.0419	0.8393	2.1396	0.0496	0.0791	2.0921	-0.1061	0.0749	2.0864	0.000	
5.500	-0.0287	0.0784	2.1268	0.2122	-0.6718	2.1852	-0.3326	-0.6449	2.1139	0.2998	0.1762	1.9782	-0.3968	0.1608	1.9327	-0.0419	0.8392	2.1397	0.0496	0.0790	2.0920	-0.1061	0.0749	2.0864	0.000	
5.567	-0.0287	0.0783	2.1267	0.2122	-0.6715	2.1852	-0.3327	-0.6449	2.1139	0.2995	0.1763	1.9783	-0.3950	0.1594	1.9329	-0.0419	0.8395	2.1398	0.0497	0.0789	2.0920	-0.1060	0.0748	2.0862	0.000	
5.633	-0.0287	0.0782	2.1267	0.2122	-0.6714	2.1851	-0.3328	-0.6450	2.1139	0.2995	0.1765	1.9783	-0.3946	0.1590	1.9330	-0.0418	0.8395	2.1400	0.0496	0.0788	2.0919	-0.1060	0.0748	2.0862	0.000	
5.700	-0.0287	0.0781	2.1266	0.2124	-0.6717	2.1851	-0.3327	-0.6449	2.1139	0.3000	0.1767	1.9783	-0.3947	0.1591	1.9330	-0.0417	0.8396	2.1400	0.0496	0.0787	2.0919	-0.1060	0.0747	2.0861	0.000	
5.733	-0.0287	0.0782	2.1266	0.2123	-0.6717	2.1851	-0.3328	-0.6449	2.1139	0.2997	0.1765	1.9779	-0.3948	0.1592	1.9331	-0.0417	0.8396	2.1400	0.0496	0.0787	2.0919	-0.1060	0.0747	2.0861	0.000	
5.800	-0.0286	0.0780	2.1264	0.2124	-0.6717	2.1851	-0.3329	-0.6450	2.1138	0.3000	0.1767	1.9776	-0.3956	0.1600	1.9328	-0.0417	0.8394	2.1400	0.0497	0.0785	2.0916	-0.1059	0.0745	2.0860	0.000	
5.833	-0.0286	0.0779	2.1265	0.2121	-0.6715	2.1853	-0.3329	-0.6450	2.1139	0.2994	0.1768	1.9774	-0.3954	0.1599	1.9330	-0.0417	0.8394	2.1402	0.0497	0.0785	2.0917	-0.1059	0.0745	2.0861	0.000	
5.900	-0.0286	0.0780	2.1264	0.2120	-0.6714	2.1852	-0.3329	-0.6450	2.1138	0.2996	0.1768	1.9775	-0.3956	0.1599	1.9329	-0.0418	0.8394	2.1403	0.0497	0.0786	2.0915	-0.1059	0.0745	2.0860	0.000	
5.967	-0.0286	0.0779	2.1263	0.2119	-0.6716	2.1852	-0.3326	-0.6450	2.1136	0.2999	0.1768	1.9778	-0.3958	0.1600	1.9330	-0.0417	0.8394	2.1405	0.0497	0.0786	2.0914	-0.1059	0.0744	2.0859	0.000	
6.033	-0.0286	0.0779	2.1263	0.2119	-0.6715	2.1851	-0.3326	-0.6449	2.1136	0.2992	0.1768	1.9773	-0.3963	0.1603	1.9329	-0.0419	0.8394	2.1411	0.0497	0.0785	2.0914	-0.1059	0.0744	2.0858	0.000	
6.100	-0.0285	0.0778	2.1263	0.2120	-0.6716	2.1852	-0.3326	-0.6450	2.1137	0.2993	0.1762	1.9772	-0.3961	0.1600	1.9333	-0.0419	0.8394	2.1413	0.0498	0.0785	2.0914	-0.1059	0.0743	2.0858	0.000	
6.133	-0.0286	0.0777	2.1262	0.2120	-0.6715	2.1852	-0.3325	-0.6449	2.1137	0.2994	0.1763	1.9772	-0.3961	0.1601	1.9333	-0.0419	0.8393	2.1413	0.0498	0.0783	2.0914	-0.1059	0.0742	2.0857	0.000	
6.200	-0.0286	0.0776	2.1262	0.2120	-0.6715	2.1851	-0.3325	-0.6449	2.1136	0.2994	0.1766	1.9769	-0.3961	0.1603	1.9331	-0.0418	0.8394	2.1416	0.0498	0.0782	2.0913	-0.1059	0.0741	2.0856	0.000	
6.233	-0.0286	0.0776	2.1261	0.2121	-0.6718	2.1851	-0.3325	-0.6449	2.1136	0.2997	0.1765	1.9770	-0.3962	0.1604	1.9331	-0.0418	0.8394	2.1416	0.0498	0.0781	2.0913	-0.1059	0.0741	2.0856	0.000	
6.300	-0.0285	0.0775	2.1261	0.2122	-0.6718	2.1850	-0.3326	-0.6449	2.1137	0.2995	0.1766	1.9767	-0.3960	0.1603	1.9329	-0.0417	0.8394	2.1416	0.0498	0.0781	2.0912	-0.1059	0.0741	2.0855	0.000	
6.333	-0.0285	0.0775	2.1261	0.2122	-0.6717	2.1850	-0.3326	-0.6449	2.1137	0.2997	0.1766	1.9768	-0.3960	0.1604	1.9329	-0.0418	0.8395	2.1418	0.0498	0.0781	2.0912	-0.1059	0.0741	2.0856	0.000	
6.400	-0.0285	0.0775	2.1260	0.2124	-0.6720	2.1850	-0.3325	-0.6449	2.1137	0.2995	0.1763	1.9771	-0.3968	0.1609	1.9324	-0.0418	0.8395	2.1419	0.0498	0.0781	2.0912	-0.1058	0.0741	2.0855	0.000	
6.467	-0.0285	0.0775	2.1260	0.2125	-0.6722	2.1849	-0.3325	-0.6446	2.1137	0.2990	0.1764	1.9771	-0.3963	0.1605	1.9323	-0.0417	0.8395	2.1419	0.0498	0.0780	2.0911	-0.1058	0.0741	2.0855	0.000	
6.533	-0.0285	0.0775	2.1260	0.2124	-0.6722	2.1849	-0.3326	-0.6446	2.1137	0.2991	0.1766	1.9773	-0.3957	0.1598	1.9328	-0.0418	0.8395	2.1420	0.0498	0.0781	2.0912	-0.1058	0.0742	2.0854	0.000	
6.600	-0.0285	0.0775	2.1260	0.2122	-0.6718	2.1850	-0.3326	-0.6446	2.1137	0.2994	0.1765	1.9773	-0.3961	0.1601	1.9324	-0.0417	0.8395	2.1418	0.0499	0.0781	2.0912	-0.1058	0.0742	2.0854	0.000	
6.633	-0.0285	0.0775	2.1260	0.2121	-0.6717	2.1850	-0.3326	-0.6446	2.1136	0.2994	0.1766	1.9774	-0.3960	0.1598	1.9326	-0.0417	0.8395	2.1417	0.0499	0.0781	2.0912	-0.1058	0.0742	2.0854	0.000	
6.700	-0.0285	0.0776	2.1260	0.2121	-0.6716	2.1850	-0.3325	-0.6445	2.1136	0.2997	0.1766	1.9775	-0.3963	0.1601	1.9322	-0.0415	0.8397	2.1409	0.0499	0.0781	2.0912	-0.1058	0.0742	2.0854	0.000	
6.767	-0.0285	0.0776	2.1260	0.2121	-0.6715	2.1850	-0.3327	-0.6448	2.1137	0.2998	0.1765	1.9777	-0.3968	0.1603	1.9321	-0.0415	0.8399	2.1408	0.0498	0.0781	2.0912	-0.1058	0.0743	2.0855	0.000	
6.833	-0.0285	0.0776	2.1261	0.2121	-0.6715	2.1852	-0.3328	-0.6448	2.1137	0.2998	0.1761	1.9786	-0.3971	0.1610	1.9313	-0.0414	0.8398	2.1402	0.0498	0.0781	2.0912	-0.1058	0.0743	2.0855	0.000	
6.900	-0.0284	0.0776	2.1260	0.2121	-0.6715	2.1852	-0.3328	-0.6449	2.1138	0.2992	0.1758	1.9784	-0.3969	0.1608	1.9313	-0.0414	0.8398	2.1398	0.0499	0.0782	2.0912	-0.1057	0.0743	2.0855	0.000	
6.967	-0.0284	0.0777	2.1260	0.2122	-0.6718	2.1852	-0.3329	-0.6449	2.1137	0.2993	0.1759	1.9785	-0.3970	0.1609	1.9312	-0.0413	0.8397	2.1393	0.0499	0.0782	2.0912	-0.1057	0.0744	2.0854	0.000	
7.033	-0.0284	0.0777	2.1260	0.2124	-0.6721	2.1851	-0.3328	-0.6448	2.1138	0.2989	0.1757	1.9784	-0.3970	0.1610	1.9312	-0.0413	0.8397	2.1392	0.0499	0.0782	2.0912	-0.1056	0.0744	2.0854	0.000	
7.100	-0.0284	0.0777	2.1261	0.2125	-0.6723	2.1852	-0.3328	-0.6447	2.1139	0.2986	0.1756	1.9786	-0.3950	0.1598	1.9316	-0.0415	0.8397	2.1393	0.0498	0.0783	2.0914	-0.1056	0.0744	2.0855	0.000	
7.133	-0.0284	0.0778	2.1262	0.2126	-0.6724	2.1853	-0.3327	-0.6446	2.1139	0.2986	0.1757	1.9785	-0.3954	0.1604	1.9313	-0.0420	0.8395	2.1395	0.0498	0.0785	2.0915	-0.1057	0.0744	2.0856	0.000	
7.200	-0.0285	0.0777	2.1263	0.2125	-0.6724	2.1852	-0.3324	-0.6439	2.1137	0.2980	0.1762	1.9789	-0.3956	0.1603	1.9307	-0.0428	0.8399	2.1425	0.0498	0.0784	2.0917	-0.1057	0.0744	2.0856	0.000	
7.233	-0.0286	0.0778	2.1269	0.2125	-0.6724	2.1852	-0.3323	-0.6438	2.1137	0.2975	0.1768	1.9788	-0.3910	0.1589	1.9307	-0.0434	0.8396	2.1443	0.0496	0.0785	2.0923	-0.1058	0.0744	2.0862	0.000	
7.267	-0.0287	0.0778	2.1275	0.2125	-0.6725	2.1852	-0.3324	-0.6438	2.1137	0.2973	0.1767	1.9795	-0.3889	0.1587	1.9308	-0.0435	0.8393	2.1460	0.0495	0.0784	2.0928	-0.1060	0.0744	2.0869	0.000	
7.300	-0.0291	0.0777	2.1284	0.2125	-0.6725	2.1853	-0.3324	-0.6438	2.1137	0.2970	0.1772	1.9793	-0.3870	0.1590	1.9299	-0.0445	0.8379	2.1506	0.0493	0.0783	2.0935	-0.1064	0.0743	2.0881	0.000	
7.333	-0.0294	0.0774	2.1295	0.2125	-0.6725	2.1852	-0.3324	-0.6437	2.1137	0.2975	0.1778	1.9790	-0.3845	0.1593	1.9295	-0.0453	0.8376	2.1546	0.0488	0.0781	2.0946	-0.1066	0.0741	2.0891	0.000	
7.367	-0.0297	0.0770	2.1314	0.2124	-0.6726	2.1855	-0.3324	-0.6437	2.1137	0.2979	0.1777	1.9791	-0.3867	0.1602	1.9284	-0.0458	0.8353	2.1601	0.0485	0.0776	2.0969	-0.1069	0.0736	2.0907	0.000	
7.400	-0.0299	0.0765	2.1339	0.2125	-0.6728	2.1859	-0.3322	-0.6433	2.1140	0.2986	0.1785	1.9782	-0.3871	0.1603	1.9288	-0.0471	0.8342	2.1690	0.0482	0.0770	2.0998	-0.1071	0.0733	2.0929	0.000	
7.433	-0.0303	0.0760	2.1359	0.2126	-0.6727	2.1861	-0.3322	-0.6432	2.1142	0.2982	0.1792	1.9775	-0.3870	0.1609	1.9270	-0.0489	0.8325	2.1746	0.0477	0.0764	2.1023	-0.1073	0.0729	2.0944	0.000	
7.467	-0.0307	0.0748	2.1385	0.2126	-0.6726	2.1862	-0.3322	-0.6430	2.1144	0.2996	0.1807	1.9761	-0.3863	0.1634	1.9260	-0.0504	0.8312	2.1823	0.0471	0.0753	2.1048	-0.1075	0.0717	2.0970	0.000	
7.500	-0.0312	0.0729	2.1414	0.2125	-0.6725	2.1862	-0.3322	-0.6430	2.1145	0.3007	0.1827	1.9760	-0.3883	0.1635	1.9236	-0.0533	0.8289	2.1907	0.0465	0.0734	2.1076	-0.1078	0.0699	2.0999	0.000	
7.533	-0.0319	0.0708	2.1469	0.2119	-0.6707	2.1868	-0.3324	-0.6432	2.1147	0.3011	0.1839	1.9751	-0.3938	0.1690	1.9176	-0.0553	0.8266	2.1972	0.0457	0.0714	2.1130	-0.1084	0.0676	2.1054	0.000	
7.567	-0.0324	0.0688	2.1503	0.2120	-0.6708	2.1870	-0.3324	-0.6435	2.1151	0.3012	0.1873	1.9750	-0.3955	0.1701	1.9170	-0.0580	0.8247	2.2062	0.0452	0.0698	2.1163	-0.1088	0.0654	2.1090	0.000	
7.600	-0.0328	0.0651	2.1555	0.2118	-0.6711	2.1874	-0.3325	-0.6436	2.1154	0.3007	0.1890	1.9771	-0.3965	0.1710	1.9184	-0.0615	0.8226	2.2132	0.0447	0.0658	2.1223	-0.1091	0.0621	2.1135	0.000	
7.633	-0.0337	0.0615	2.1604	0.2118	-0.6711	2.1877	-0.3325	-0.6436	2.1156	0.2989	0.1922	1.9763	-0.3377	0.2428	1.9805	-0.0642	0.8198	2.2179	0.0436	0.0619	2.1286	-0.1099	0.0589	2.1172	0.000	
7.700	-0.0339	0.0550	2.1712	0.2117	-0.6707	2.1883	-0.3325	-0.6437	2.1163	0.2554	0.2482	2.0310	-0.3645	0.1898	1.9375	-0.0748	0.8111	2.2343	0.0433	0.0567	2.1391	-0.1099	0.0514	2.1281	0.000	
7.733	-0.0340	0.0526	2.1759	0.2116	-0.6705	2.1888	-0.3325	-0.6436	2.1164	0.2552	0.2481	2.0338	-0.3489	0.2457	1.9853	-0.0819	0.8044	2.2451	0.0433	0.0545	2.1437	-0.1102	0.0488	2.1328	0.000	
7.767	-0.0340	0.0490	2.1817	0.2114	-0.6703	2.1902	-0.3326	-0.6437	2.1168	0.2575	0.2486	2.0379	-0.3493	0.2438	1.9886	-0.0872	0.7999	2.2536	0.0433	0.0518	2.1496	-0.1101	0.0444	2.1386	0.000	
7.800	-0.0345	0.0458	2.1873	0.2114	-0.6702	2.1907	-0.3328	-0.6435	2.1175	0.2829	0.2036	2.0015	-0.3499	0.2430	1.9914	-0.0938	0.7931	2.2679	0.0430	0.0490	2.1554	-0.1108	0.0409	2.1440	0.000	
7.833	-0.0353	0.0429	2.1924	0.2115	-0.6698	2.1912	-0.3329	-0.6439	2.1178	0.2787	0.2125	2.0119	-0.3497	0.2409	1.9945	-0.0998	0.7898	2.2770	0.0423	0.0463	2.1611	-0.1117	0.0380	2.1484	0.000	
7.867	-0.0365	0.0412	2.1972	0.2115	-0.6695	2.1920	-0.3330	-0.6436	2.1184	0.2834	0.2135	2.0139	-0.3459	0.2358	1.9973	-0.1053	0.7867	2.2872	0.0417	0.0456	2.1638	-0.1135	0.0352	2.1558	0.000	
7.900	-0.0381	0.0391	2.2032	0.2113	-0.6694	2.1925	-0.3332	-0.6429	2.1198	0.2861	0.2144	2.0170	-0.3488	0.2351	2.0016	-0.1113	0.7834	2.2973	0.0406	0.0438	2.1688	-0.1156	0.0330	2.1624	0.000	
7.933	-0.0399	0.0374	2.2087	0.2114	-0.6694	2.1929	-0.3336	-0.6432	2.1208	0.2857	0.2179	2.0229	-0.3449	0.2307	2.0041	-0.1163	0.7821	2.3066	0.0391	0.0426	2.1733	-0.1175	0.0308	2.1690	0.000	
8.000	-0.0402	0.0352	2.2176	0.2115	-0.6691	2.1935	-0.3339	-0.6434	2.1226	0.2785	0.2267	2.0376	-0.3433	0.2277	2.0097	-0.1256	0.7799	2.3214	0.0389	0.0415	2.1783	-0.1180	0.0274	2.1822	0.000	
8.033	-0.0404	0.0345	2.2224	0.2120	-0.6689	2.1942	-0.3336	-0.6429	2.1240	0.2779	0.2269	2.0405	-0.3428	0.2246	2.0151	-0.1324	0.7783	2.3317	0.0388	0.0415	2.1812	-0.1182	0.0259	2.1890	0.000	
8.067	-0.0391	0.0338	2.2275	0.2123	-0.6689	2.1943	-0.3334	-0.6428	2.1244	0.2787	0.2255	2.0404	-0.3400	0.2181	2.0205	-0.1342	0.7780	2.3356	0.0397	0.0415	2.1842	-0.1166	0.0244	2.1961	0.000	
8.100	-0.0384	0.0340	2.2319	0.2127	-0.6689	2.1944	-0.3331	-0.6427	2.1257	0.2796	0.2223	2.0425	-0.3811	0.2014	1.9787	-0.1377	0.7777	2.3411	0.0401	0.0424	2.1873	-0.1155	0.0238	2.2017	0.000	
8.133	-0.0371	0.0330	2.2356	0.2129	-0.6690	2.1944	-0.3328	-0.6428	2.1267	0.2804	0.2211	2.0434	-0.3416	0.2176	2.0306	-0.1411	0.7779	2.3471	0.0410	0.0421	2.1894	-0.1140	0.0222	2.2071	0.000	
8.167	-0.0369	0.0327	2.2379	0.2133	-0.6688	2.1941	-0.3326	-0.6428	2.1274	0.2812	0.2194	2.0427	-0.3430	0.2182	2.0332	-0.1452	0.7778	2.3509	0.0413	0.0422	2.1904	-0.1139	0.0213	2.2109	0.000	
8.200	-0.0364	0.0326	2.2401	0.2139	-0.6695	2.1940	-0.3325	-0.6432	2.1284	0.2813	0.2188	2.0438	-0.3468	0.2155	2.0394	-0.1497	0.7772	2.3577	0.0416	0.0425	2.1910	-0.1133	0.0204	2.2153	0.000	
8.233	-0.0369	0.0327	2.2417	0.2142	-0.6695	2.1937	-0.3326	-0.6436	2.1288	0.2801	0.2199	2.0466	-0.3464	0.2155	2.0404	-0.1538	0.7759	2.3622	0.0414	0.0429	2.1915	-0.1141	0.0203	2.2181	0.000	
8.267	-0.0373	0.0324	2.2428	0.2145	-0.6694	2.1933	-0.3326	-0.6437	2.1295	0.2801	0.2193	2.0462	-0.3462	0.2155	2.0410	-0.1571	0.7748	2.3654	0.0413	0.0430	2.1917	-0.1148	0.0193	2.2207	0.000	
8.300	-0.0376	0.0321	2.2436	0.2150	-0.6700	2.1924	-0.3328	-0.6444	2.1302	0.2798	0.2201	2.0480	-0.3461	0.2156	2.0410	-0.1603	0.7741	2.3719	0.0411	0.0430	2.1917	-0.1150	0.0185	2.2225	0.000	
8.333	-0.0383	0.0315	2.2442	0.2151	-0.6701	2.1918	-0.3328	-0.6451	2.1311	0.2797	0.2200	2.0478	-0.3452	0.2143	2.0415	-0.1628	0.7740	2.3743	0.0406	0.0430	2.1916	-0.1159	0.0173	2.2238	0.000	
8.367	-0.0399	0.0305	2.2452	0.2153	-0.6700	2.1910	-0.3328	-0.6454	2.1317	0.2793	0.2208	2.0478	-0.3446	0.2144	2.0413	-0.1678	0.7733	2.3805	0.0397	0.0427	2.1919	-0.1179	0.0158	2.2253	0.000	
8.400	-0.0406	0.0293	2.2455	0.2153	-0.6707	2.1897	-0.3330	-0.6464	2.1324	0.2790	0.2205	2.0482	-0.3443	0.2143	2.0411	-0.1710	0.7723	2.3833	0.0391	0.0422	2.1916	-0.1187	0.0142	2.2258	0.000	
8.433	-0.0415	0.0274	2.2464	0.2154	-0.6711	2.1888	-0.3332	-0.6470	2.1338	0.2789	0.2203	2.0482	-0.3440	0.2140	2.0411	-0.1759	0.7707	2.3903	0.0382	0.0414	2.1917	-0.1195	0.0113	2.2275	0.000	
8.467	-0.0429	0.0260	2.2469	0.2152	-0.6713	2.1877	-0.3333	-0.6471	2.1340	0.2786	0.2204	2.0477	-0.3437	0.2133	2.0410	-0.1787	0.7695	2.3936	0.0373	0.0404	2.1916	-0.1213	0.0098	2.2283	0.000	
8.500	-0.0441	0.0248	2.2472	0.2141	-0.6718	2.1854	-0.3335	-0.6471	2.1343	0.2788	0.2206	2.0462	-0.3436	0.2134	2.0407	-0.1845	0.7670	2.3981	0.0364	0.0397	2.1914	-0.1229	0.0084	2.2291	0.000	
8.533	-0.0450	0.0245	2.2478	0.2132	-0.6723	2.1839	-0.3337	-0.6474	2.1348	0.2784	0.2216	2.0449	-0.3436	0.2133	2.0409	-0.1877	0.7663	2.4013	0.0355	0.0395	2.1917	-0.1238	0.0081	2.2297	0.000	
8.567	-0.0456	0.0244	2.2485	0.2124	-0.6729	2.1823	-0.3340	-0.6470	2.1359	0.2778	0.2231	2.0451	-0.3436	0.2131	2.0412	-0.1957	0.7629	2.4071	0.0348	0.0394	2.1922	-0.1243	0.0081	2.2305	0.000	
8.600	-0.0462	0.0240	2.2489	0.2115	-0.6728	2.1811	-0.3372	-0.6526	2.1360	0.2785	0.2242	2.0431	-0.3436	0.2132	2.0412	-0.2004	0.7596	2.4098	0.0343	0.0390	2.1925	-0.1248	0.0076	2.2308	0.000	
8.633	-0.0465	0.0237	2.2499	0.2110	-0.6727	2.1804	-0.3384	-0.6570	2.1373	0.2785	0.2255	2.0413	-0.3440	0.2127	2.0420	-0.2036	0.7577	2.4122	0.0339	0.0388	2.1934	-0.1250	0.0074	2.2317	0.000	
8.667	-0.0466	0.0230	2.2502	0.2107	-0.6728	2.1798	-0.3391	-0.6588	2.1379	0.2785	0.2258	2.0389	-0.3442	0.2127	2.0422	-0.2102	0.7524	2.4175	0.0337	0.0383	2.1940	-0.1251	0.0064	2.2315	0.000	
8.700	-0.0465	0.0224	2.2504	0.2104	-0.6728	2.1796	-0.3400	-0.6613	2.1384	0.2794	0.2236	2.0366	-0.3443	0.2127	2.0423	-0.2130	0.7509	2.4192	0.0340	0.0378	2.1950	-0.1251	0.0056	2.2312	0.000	
8.733	-0.0461	0.0215	2.2509	0.2101	-0.6733	2.1791	-0.3406	-0.6632	2.1391	0.2792	0.2240	2.0314	-0.3443	0.2129	2.0429	-0.2164	0.7492	2.4208	0.0344	0.0374	2.1952	-0.1249	0.0042	2.2318	0.000	
8.767	-0.0457	0.0209	2.2509	0.2101	-0.6733	2.1788	-0.3408	-0.6640	2.1390	0.2790	0.2236	2.0252	-0.3713	0.1985	1.9842	-0.2236	0.7494	2.4247	0.0347	0.0372	2.1951	-0.1244	0.0030	2.2319	0.000	
8.800	-0.0454	0.0199	2.2511	0.2100	-0.6733	2.1786	-0.3412	-0.6651	2.1389	0.2793	0.2234	2.0220	-0.3713	0.1980	1.9852	-0.2297	0.7466	2.4284	0.0349	0.0368	2.1951	-0.1241	0.0017	2.2324	0.000	
8.833	-0.0454	0.0197	2.2513	0.2099	-0.6734	2.1784	-0.3414	-0.6651	2.1389	0.2788	0.2235	2.0200	-0.3453	0.2121	2.0440	-0.2324	0.7456	2.4296	0.0349	0.0368	2.1949	-0.1243	0.0008	2.2336	0.000	
8.867	-0.0455	0.0197	2.2513	0.2098	-0.6738	2.1778	-0.3417	-0.6652	2.1390	0.2806	0.2226	2.0160	-0.3452	0.2120	2.0441	-0.2368	0.7422	2.4302	0.0349	0.0368	2.1949	-0.1243	0.0008	2.2336	0.000	
8.900	-0.0456	0.0189	2.2515	0.2096	-0.6740	2.1774	-0.3420	-0.6654	2.1391	0.2807	0.2229	2.0141	-0.3453	0.2121	2.0442	-0.2391	0.7409	2.4315	0.0349	0.0363	2.1945	-0.1247	-0.0003	2.2344	0.000	
8.933	-0.0458	0.0187	2.2515	0.2089	-0.6738	2.1769	-0.3423	-0.6654	2.1392	0.2804	0.2236	2.0118	-0.3478	0.2150	2.0441	-0.2426	0.7384	2.4315	0.0348	0.0363	2.1943	-0.1250	-0.0011	2.2349	0.000	
8.967	-0.0459	0.0182	2.2516	0.2083	-0.6737	2.1765	-0.3425	-0.6657	2.1395	0.2808	0.2241	2.0102	-0.3486	0.2163	2.0440	-0.2584	0.7184	2.4394	0.0347	0.0361	2.1940	-0.1252	-0.0018	2.2353	0.000	
9.000	-0.0461	0.0180	2.2516	0.2079	-0.6741	2.1758	-0.3428	-0.6658	2.1395	0.2811	0.2256	2.0084	-0.3491	0.2169	2.0440	-0.2641	0.7218	2.4397	0.0345	0.0360	2.1938	-0.1253	-0.0021	2.2353	0.000	
9.033	-0.0461	0.0179	2.2516	0.2074	-0.6745	2.1756	-0.3430	-0.6662	2.1396	0.2824	0.2277	2.0046	-0.3481	0.2122	2.0457	-0.2661	0.7218	2.4402	0.0342	0.0362	2.1932	-0.1252	-0.0024	2.2356	0.000	
9.067	-0.0463	0.0171	2.2516	0.2070	-0.6744	2.1754	-0.3435	-0.6664	2.1399	0.2837	0.2303	2.0013	-0.3479	0.2118	2.0461	-0.2690	0.7195	2.4405	0.0340	0.0357	2.1927	-0.1253	-0.0036	2.2363	0.000	
9.100	-0.0465	0.0170	2.2517	0.2067	-0.6742	2.1750	-0.3437	-0.6668	2.1399	0.2847	0.2318	1.9985	-0.3474	0.2102	2.0465	-0.2688	0.7215	2.4389	0.0338	0.0358	2.1926	-0.1255	-0.0037	2.2364	0.000	
9.133	-0.0466	0.0166	2.2517	0.2066	-0.6743	2.1750	-0.3439	-0.6671	2.1403	0.2863	0.2336	1.9941	-0.3473	0.2102	2.0465	-0.2682	0.7227	2.4379	0.0337	0.0355	2.1921	-0.1255	-0.0046	2.2370	0.000	
9.167	-0.0469	0.0159	2.2519	0.2064	-0.6747	2.1748	-0.3443	-0.6675	2.1405	0.2865	0.2358	1.9919	-0.3470	0.2099	2.0466	-0.2730	0.7167	2.4403	0.0333	0.0351	2.1918	-0.1256	-0.0054	2.2376	0.000	
9.200	-0.0469	0.0155	2.2519	0.2063	-0.6750	2.1749	-0.3450	-0.6678	2.1405	0.2869	0.2395	1.9875	-0.3467	0.2093	2.0468	-0.2750	0.7142	2.4407	0.0332	0.0350	2.1917	-0.1255	-0.0059	2.2377	0.000	
9.233	-0.0471	0.0154	2.2520	0.2062	-0.6749	2.1747	-0.3449	-0.6679	2.1405	0.2879	0.2389	1.9852	-0.3466	0.2079	2.0472	-0.2755	0.7140	2.4412	0.0329	0.0350	2.1918	-0.1256	-0.0059	2.2377	0.000	
9.267	-0.0473	0.0151	2.2524	0.2061	-0.6751	2.1746	-0.3450	-0.6681	2.1406	0.2877	0.2405	1.9833	-0.3467	0.2074	2.0475	-0.2762	0.7144	2.4404	0.0326	0.0346	2.1930	-0.1257	-0.0060	2.2377	0.000	
9.300	-0.0476	0.0147	2.2526	0.2060	-0.6750	2.1745	-0.3453	-0.6683	2.1409	0.2879	0.2406	1.9823	-0.3466	0.2074	2.0476	-0.2762	0.7146	2.4403	0.0324	0.0344	2.1927	-0.1262	-0.0068	2.2389	0.000	
9.333	-0.0477	0.0146	2.2529	0.2061	-0.6750	2.1745	-0.3453	-0.6683	2.1410	0.2878	0.2403	1.9822	-0.3467	0.2076	2.0477	-0.2764	0.7144	2.4405	0.0321	0.0344	2.1929	-0.1262	-0.0068	2.2390	0.000	
9.367	-0.0481	0.0146	2.2533	0.2060	-0.6750	2.1745	-0.3453	-0.6684	2.1410	0.2868	0.2385	1.9834	-0.3467	0.2080	2.0477	-0.2772	0.7131	2.4414	0.0318	0.0343	2.1934	-0.1265	-0.0068	2.2391	0.000	
9.400	-0.0481	0.0145	2.2533	0.2060	-0.6749	2.1744	-0.3454	-0.6685	2.1411	0.2846	0.2352	1.9858	-0.3467	0.2075	2.0480	-0.2760	0.7152	2.4406	0.0317	0.0342	2.1934	-0.1266	-0.0068	2.2389	0.000	
9.433	-0.0490	0.0141	2.2539	0.2058	-0.6749	2.1745	-0.3455	-0.6690	2.1417	0.2815	0.2353	1.9896	-0.3468	0.2073	2.0481	-0.2772	0.7137	2.4413	0.0311	0.0340	2.1935	-0.1276	-0.0071	2.2401	0.000	
9.467	-0.0500	0.0134	2.2546	0.2057	-0.6749	2.1745	-0.3461	-0.6689	2.1426	0.2773	0.2320	1.9952	-0.3468	0.2076	2.0481	-0.2780	0.7129	2.4417	0.0302	0.0333	2.1932	-0.1287	-0.0078	2.2423	0.000	
9.500	-0.0499	0.0134	2.2548	0.2057	-0.6749	2.1746	-0.3469	-0.6689	2.1431	0.2719	0.2231	2.0035	-0.3468	0.2075	2.0484	-0.2780	0.7129	2.4423	0.0302	0.0332	2.1937	-0.1287	-0.0078	2.2422	0.000	
9.533	-0.0502	0.0129	2.2554	0.2057	-0.6751	2.1746	-0.3475	-0.6690	2.1437	0.2690	0.2190	2.0078	-0.3468	0.2077	2.0484	-0.2774	0.7139	2.4423	0.0300	0.0330	2.1940	-0.1290	-0.0083	2.2429	0.000	
9.600	-0.0505	0.0127	2.2559	0.2056	-0.6755	2.1747	-0.3483	-0.6691	2.1446	0.2638	0.2144	2.0162	-0.3508	0.2154	2.0474	-0.2762	0.7159	2.4406	0.0298	0.0329	2.1943	-0.1293	-0.0084	2.2436	0.000	
9.633	-0.0507	0.0127	2.2564	0.2057	-0.6751	2.1746	-0.3484	-0.6692	2.1449	0.2618	0.2141	2.0190	-0.3492	0.2117	2.0484	-0.2765	0.7154	2.4409	0.0294	0.0328	2.1950	-0.1294	-0.0083	2.2437	0.000	
9.700	-0.0514	0.0121	2.2578	0.2058	-0.6758	2.1747	-0.3490	-0.6692	2.1456	0.2607	0.2111	2.0205	-0.3486	0.2088	2.0493	-0.2759	0.7162	2.4411	0.0290	0.0324	2.1955	-0.1301	-0.0090	2.2457	0.000	
9.733	-0.0514	0.0121	2.2590	0.2058	-0.6758	2.1747	-0.3491	-0.6694	2.1458	0.2603	0.2108	2.0209	-0.3480	0.2151	2.0468	-0.2730	0.7201	2.4391	0.0290	0.0323	2.1984	-0.1301	-0.0089	2.2458	0.000	
9.800	-0.0518	0.0119	2.2610	0.2057	-0.6758	2.1747	-0.3494	-0.6700	2.1460	0.2589	0.2112	2.0220	-0.3501	0.2148	2.0478	-0.2764	0.7217	2.4403	0.0285	0.0320	2.2010	-0.1304	-0.0090	2.2468	0.000	
9.833	-0.0520	0.0116	2.2616	0.2057	-0.6756	2.1747	-0.3496	-0.6700	2.1462	0.2588	0.2110	2.0220	-0.3486	0.2110	2.0488	-0.2770	0.7202	2.4409	0.0285	0.0319	2.2011	-0.1307	-0.0093	2.2479	0.000	
9.867	-0.0526	0.0109	2.2626	0.2057	-0.6757	2.1748	-0.3499	-0.6701	2.1465	0.2584	0.2106	2.0227	-0.3484	0.2108	2.0490	-0.2759	0.7230	2.4403	0.0278	0.0313	2.2018	-0.1312	-0.0100	2.2490	0.000	
9.900	-0.0535	0.0113	2.2637	0.2058	-0.6754	2.1749	-0.3502	-0.6702	2.1469	0.2582	0.2108	2.0230	-0.3508	0.2148	2.0485	-0.2776	0.7229	2.4411	0.0264	0.0315	2.2037	-0.1317	-0.0096	2.2494	0.000	
9.967	-0.0538	0.0107	2.2646	0.2058	-0.6757	2.1751	-0.3504	-0.6706	2.1473	0.2568	0.2127	2.0245	-0.3494	0.2111	2.0496	-0.2766	0.7255	2.4409	0.0262	0.0312	2.2041	-0.1320	-0.0103	2.2505	0.000	
10.033	-0.0539	0.0102	2.2651	0.2059	-0.6758	2.1751	-0.3505	-0.6710	2.1474	0.2559	0.2136	2.0253	-0.3507	0.2143	2.0490	-0.2777	0.7245	2.4421	0.0262	0.0309	2.2043	-0.1322	-0.0109	2.2513	0.000	
10.067	-0.0537	0.0100	2.2656	0.2057	-0.6758	2.1753	-0.3506	-0.6716	2.1477	0.2559	0.2133	2.0257	-0.3494	0.2121	2.0495	-0.2776	0.7248	2.4431	0.0265	0.0307	2.2049	-0.1320	-0.0111	2.2516	0.000	
10.100	-0.0538	0.0097	2.2662	0.2056	-0.6759	2.1754	-0.3507	-0.6717	2.1478	0.2558	0.2129	2.0258	-0.3489	0.2106	2.0498	-0.2782	0.7245	2.4448	0.0264	0.0305	2.2054	-0.1321	-0.0114	2.2521	0.000	
10.133	-0.0538	0.0097	2.2664	0.2056	-0.6759	2.1754	-0.3508	-0.6718	2.1479	0.2553	0.2130	2.0265	-0.3497	0.2117	2.0498	-0.2765	0.7258	2.4448	0.0263	0.0305	2.2055	-0.1321	-0.0114	2.2524	0.000	
10.167	-0.0538	0.0096	2.2665	0.2056	-0.6758	2.1753	-0.3508	-0.6718	2.1480	0.2554	0.2127	2.0264	-0.3488	0.2094	2.0503	-0.2747	0.7274	2.4447	0.0264	0.0304	2.2055	-0.1321	-0.0116	2.2525	0.000	
10.200	-0.0536	0.0094	2.2666	0.2056	-0.6760	2.1755	-0.3509	-0.6719	2.1481	0.2554	0.2128	2.0261	-0.3486	0.2093	2.0504	-0.2741	0.7273	2.4455	0.0265	0.0304	2.2056	-0.1318	-0.0120	2.2528	0.000	
10.233	-0.0536	0.0094	2.2666	0.2056	-0.6762	2.1755	-0.3509	-0.6719	2.1481	0.2554	0.2126	2.0261	-0.3496	0.2120	2.0499	-0.2743	0.7278	2.4461	0.0265	0.0304	2.2055	-0.1317	-0.0120	2.2528	0.000	
10.300	-0.0536	0.0091	2.2670	0.2056	-0.6763	2.1755	-0.3510	-0.6722	2.1483	0.2557	0.2124	2.0261	-0.3484	0.2091	2.0504	-0.2743	0.7278	2.4465	0.0264	0.0302	2.2056	-0.1317	-0.0125	2.2538	0.000	
10.333	-0.0536	0.0091	2.2670	0.2055	-0.6767	2.1757	-0.3511	-0.6720	2.1484	0.2552	0.2128	2.0268	-0.3483	0.2088	2.0505	-0.2742	0.7280	2.4468	0.0263	0.0303	2.2053	-0.1317	-0.0124	2.2540	0.000	
10.400	-0.0536	0.0089	2.2669	0.2055	-0.6769	2.1757	-0.3512	-0.6724	2.1482	0.2550	0.2130	2.0272	-0.3480	0.2085	2.0506	-0.2739	0.7278	2.4468	0.0264	0.0301	2.2051	-0.1317	-0.0127	2.2539	0.000	
10.433	-0.0536	0.0088	2.2668	0.2056	-0.6768	2.1757	-0.3513	-0.6726	2.1482	0.2546	0.2134	2.0277	-0.3477	0.2092	2.0503	-0.2733	0.7282	2.4468	0.0263	0.0299	2.2049	-0.1317	-0.0127	2.2539	0.000	
10.467	-0.0536	0.0088	2.2668	0.2056	-0.6768	2.1757	-0.3515	-0.6726	2.1482	0.2549	0.2129	2.0273	-0.3477	0.2092	2.0504	-0.2755	0.7266	2.4478	0.0263	0.0299	2.2049	-0.1317	-0.0127	2.2538	0.000	
10.500	-0.0538	0.0086	2.2668	0.2056	-0.6769	2.1758	-0.3516	-0.6726	2.1483	0.2546	0.2131	2.0275	-0.3475	0.2087	2.0505	-0.2750	0.7269	2.4481	0.0261	0.0297	2.2047	-0.1318	-0.0129	2.2538	0.000	
10.533	-0.0536	0.0089	2.2667	0.2056	-0.6769	2.1758	-0.3516	-0.6726	2.1483	0.2544	0.2132	2.0277	-0.3474	0.2089	2.0504	-0.2693	0.7316	2.4449	0.0262	0.0300	2.2049	-0.1314	-0.0124	2.2531	0.000	
10.567	-0.0535	0.0091	2.2661	0.2055	-0.6769	2.1757	-0.3515	-0.6727	2.1483	0.2543	0.2131	2.0277	-0.3473	0.2089	2.0503	-0.2696	0.7288	2.4467	0.0262	0.0301	2.2049	-0.1313	-0.0119	2.2513	0.000	
10.633	-0.0537	0.0091	2.2653	0.2051	-0.6769	2.1752	-0.3516	-0.6727	2.1484	0.2544	0.2123	2.0272	-0.3473	0.2084	2.0505	-0.2687	0.7285	2.4457	0.0261	0.0298	2.2037	-0.1315	-0.0117	2.2506	0.000	
10.667	-0.0537	0.0091	2.2651	0.2050	-0.6769	2.1752	-0.3516	-0.6728	2.1484	0.2548	0.2118	2.0266	-0.3472	0.2086	2.0505	-0.2729	0.7267	2.4464	0.0260	0.0299	2.2031	-0.1315	-0.0118	2.2506	0.000	
10.733	-0.0539	0.0093	2.2646	0.2049	-0.6771	2.1754	-0.3518	-0.6726	2.1487	0.2551	0.2111	2.0261	-0.3480	0.2096	2.0504	-0.2707	0.7275	2.4461	0.0258	0.0301	2.2021	-0.1319	-0.0117	2.2507	0.000	
10.767	-0.0542	0.0091	2.2644	0.2049	-0.6771	2.1754	-0.3518	-0.6727	2.1488	0.2548	0.2112	2.0264	-0.3478	0.2085	2.0507	-0.2680	0.7298	2.4451	0.0257	0.0297	2.2018	-0.1324	-0.0117	2.2506	0.000	
10.800	-0.0543	0.0092	2.2636	0.2045	-0.6767	2.1752	-0.3518	-0.6727	2.1487	0.2550	0.2105	2.0259	-0.3486	0.2119	2.0499	-0.2673	0.7292	2.4449	0.0256	0.0298	2.2012	-0.1324	-0.0116	2.2499	0.000	
10.833	-0.0544	0.0093	2.2634	0.2045	-0.6767	2.1751	-0.3519	-0.6727	2.1488	0.2551	0.2096	2.0253	-0.3478	0.2117	2.0498	-0.2701	0.7262	2.4462	0.0255	0.0299	2.2002	-0.1325	-0.0116	2.2500	0.000	
10.867	-0.0545	0.0091	2.2629	0.2045	-0.6766	2.1751	-0.3519	-0.6728	2.1487	0.2552	0.2094	2.0251	-0.3474	0.2099	2.0503	-0.2693	0.7268	2.4456	0.0253	0.0296	2.1990	-0.1325	-0.0117	2.2499	0.000	
10.900	-0.0544	0.0091	2.2624	0.2045	-0.6766	2.1750	-0.3519	-0.6730	2.1487	0.2550	0.2092	2.0248	-0.3480	0.2112	2.0501	-0.2695	0.7267	2.4457	0.0254	0.0296	2.1986	-0.1324	-0.0117	2.2497	0.000	
10.933	-0.0545	0.0087	2.2619	0.2045	-0.6766	2.1748	-0.3520	-0.6730	2.1486	0.2551	0.2085	2.0241	-0.3470	0.2104	2.0499	-0.2693	0.7279	2.4456	0.0253	0.0295	2.1985	-0.1325	-0.0123	2.2487	0.000	
11.000	-0.0547	0.0087	2.2615	0.2045	-0.6763	2.1742	-0.3520	-0.6731	2.1487	0.2550	0.2081	2.0240	-0.3480	0.2123	2.0494	-0.2694	0.7256	2.4468	0.0251	0.0294	2.1981	-0.1328	-0.0122	2.2482	0.000	
11.067	-0.0550	0.0087	2.2613	0.2044	-0.6761	2.1741	-0.3520	-0.6733	2.1489	0.2550	0.2080	2.0239	-0.3472	0.2120	2.0492	-0.2677	0.7272	2.4435	0.0250	0.0294	2.1979	-0.1332	-0.0122	2.2482	0.000	
11.133	-0.0550	0.0088	2.2611	0.2044	-0.6755	2.1738	-0.3521	-0.6733	2.1489	0.2547	0.2081	2.0240	-0.3477	0.2133	2.0488	-0.2677	0.7265	2.4434	0.0249	0.0294	2.1976	-0.1332	-0.0121	2.2481	0.000	
11.167	-0.0549	0.0089	2.2608	0.2044	-0.6755	2.1738	-0.3521	-0.6736	2.1486	0.2545	0.2082	2.0239	-0.3484	0.2133	2.0489	-0.2660	0.7281	2.4421	0.0250	0.0294	2.1976	-0.1329	-0.0120	2.2476	0.000	
11.200	-0.0549	0.0089	2.2608	0.2045	-0.6756	2.1739	-0.3522	-0.6737	2.1487	0.2539	0.2087	2.0249	-0.3476	0.2128	2.0489	-0.2655	0.7286	2.4421	0.0250	0.0294	2.1975	-0.1329	-0.0119	2.2477	0.000	
11.267	-0.0549	0.0089	2.2608	0.2044	-0.6758	2.1739	-0.3524	-0.6738	2.1487	0.2538	0.2086	2.0250	-0.3473	0.2091	2.0501	-0.2648	0.7294	2.4415	0.0250	0.0294	2.1972	-0.1329	-0.0120	2.2479	0.000	
11.300	-0.0548	0.0089	2.2608	0.2044	-0.6758	2.1739	-0.3524	-0.6738	2.1487	0.2537	0.2085	2.0250	-0.3470	0.2080	2.0504	-0.2692	0.7247	2.4449	0.0250	0.0295	2.1975	-0.1329	-0.0117	2.2476	0.000	
11.333	-0.0549	0.0089	2.2608	0.2044	-0.6758	2.1739	-0.3525	-0.6737	2.1489	0.2536	0.2085	2.0251	-0.3486	0.2127	2.0494	-0.2695	0.7241	2.4453	0.0250	0.0294	2.1975	-0.1329	-0.0118	2.2476	0.000	
11.367	-0.0550	0.0089	2.2608	0.2045	-0.6758	2.1739	-0.3525	-0.6737	2.1491	0.2535	0.2087	2.0252	-0.3472	0.2098	2.0499	-0.2704	0.7247	2.4458	0.0249	0.0294	2.1974	-0.1332	-0.0119	2.2478	0.000	
11.400	-0.0551	0.0089	2.2609	0.2045	-0.6759	2.1740	-0.3526	-0.6740	2.1490	0.2531	0.2093	2.0256	-0.3478	0.2105	2.0499	-0.2690	0.7259	2.4454	0.0248	0.0294	2.1979	-0.1334	-0.0119	2.2479	0.000	
11.433	-0.0550	0.0091	2.2612	0.2045	-0.6759	2.1740	-0.3526	-0.6741	2.1491	0.2532	0.2090	2.0255	-0.3471	0.2103	2.0498	-0.2678	0.7269	2.4446	0.0249	0.0296	2.1991	-0.1332	-0.0116	2.2478	0.000	
11.467	-0.0551	0.0090	2.2612	0.2043	-0.6755	2.1740	-0.3527	-0.6744	2.1490	0.2528	0.2096	2.0260	-0.3468	0.2102	2.0496	-0.2664	0.7307	2.4410	0.0249	0.0295	2.1991	-0.1332	-0.0117	2.2479	0.000	
11.500	-0.0554	0.0084	2.2612	0.2043	-0.6756	2.1739	-0.3527	-0.6743	2.1489	0.2524	0.2100	2.0263	-0.3479	0.2123	2.0493	-0.2650	0.7317	2.4397	0.0247	0.0291	2.1990	-0.1337	-0.0124	2.2481	0.000	
11.533	-0.0555	0.0084	2.2611	0.2042	-0.6753	2.1739	-0.3527	-0.6743	2.1487	0.2526	0.2096	2.0260	-0.3470	0.2093	2.0500	-0.2653	0.7321	2.4408	0.0245	0.0291	2.1989	-0.1338	-0.0125	2.2479	0.000	
11.567	-0.0555	0.0083	2.2611	0.2043	-0.6753	2.1739	-0.3524	-0.6741	2.1485	0.2526	0.2093	2.0259	-0.3477	0.2108	2.0496	-0.2638	0.7330	2.4398	0.0246	0.0291	2.1987	-0.1337	-0.0126	2.2480	0.000	
11.600	-0.0554	0.0085	2.2612	0.2044	-0.6754	2.1742	-0.3521	-0.6735	2.1486	0.2521	0.2096	2.0264	-0.3484	0.2122	2.0493	-0.2636	0.7328	2.4399	0.0247	0.0292	2.1993	-0.1337	-0.0124	2.2480	0.000	
11.633	-0.0553	0.0088	2.2613	0.2044	-0.6753	2.1742	-0.3519	-0.6734	2.1482	0.2524	0.2092	2.0260	-0.3486	0.2127	2.0492	-0.2620	0.7331	2.4395	0.0248	0.0294	2.1993	-0.1337	-0.0121	2.2479	0.000	
11.667	-0.0553	0.0088	2.2613	0.2047	-0.6747	2.1744	-0.3515	-0.6729	2.1481	0.2515	0.2108	2.0275	-0.3506	0.2164	2.0484	-0.2601	0.7341	2.4391	0.0249	0.0294	2.1993	-0.1336	-0.0119	2.2480	0.000	
11.700	-0.0551	0.0093	2.2614	0.2048	-0.6745	2.1746	-0.3509	-0.6726	2.1476	0.2515	0.2111	2.0280	-0.3506	0.2162	2.0492	-0.2576	0.7358	2.4385	0.0251	0.0299	2.1994	-0.1334	-0.0114	2.2481	0.000	
11.733	-0.0546	0.0111	2.2616	0.2051	-0.6743	2.1752	-0.3503	-0.6719	2.1471	0.2514	0.2119	2.0292	-0.3484	0.2105	2.0513	-0.2526	0.7393	2.4353	0.0254	0.0314	2.2001	-0.1328	-0.0093	2.2478	0.000	
11.767	-0.0544	0.0119	2.2615	0.2052	-0.6741	2.1756	-0.3487	-0.6707	2.1460	0.2507	0.2151	2.0320	-0.3479	0.2098	2.0526	-0.2483	0.7420	2.4319	0.0256	0.0319	2.2000	-0.1325	-0.0081	2.2477	0.000	
11.800	-0.0541	0.0126	2.2617	0.2058	-0.6737	2.1761	-0.3482	-0.6698	2.1450	0.2515	0.2173	2.0340	-0.3478	0.2092	2.0535	-0.2412	0.7460	2.4273	0.0259	0.0321	2.2000	-0.1321	-0.0070	2.2482	0.000	
11.833	-0.0540	0.0147	2.2622	0.2063	-0.6734	2.1773	-0.3474	-0.6692	2.1443	0.2537	0.2195	2.0386	-0.3484	0.2098	2.0539	-0.2352	0.7496	2.4232	0.0251	0.0336	2.2011	-0.1311	-0.0037	2.2478	0.000	
11.867	-0.0542	0.0169	2.2624	0.2075	-0.6724	2.1790	-0.3462	-0.6690	2.1436	0.2535	0.2238	2.0467	-0.3490	0.2085	2.0552	-0.2267	0.7512	2.4174	0.0246	0.0349	2.2018	-0.1308	-0.0006	2.2474	0.000	
11.900	-0.0538	0.0174	2.2622	0.2087	-0.6720	2.1802	-0.3422	-0.6631	2.1415	0.2554	0.2227	2.0469	-0.3482	0.2086	2.0581	-0.2241	0.7525	2.4123	0.0248	0.0352	2.2020	-0.1300	0.0001	2.2467	0.000	
11.933	-0.0527	0.0180	2.2621	0.2098	-0.6715	2.1821	-0.3421	-0.6636	2.1412	0.2567	0.2222	2.0518	-0.3482	0.2092	2.0596	-0.2171	0.7559	2.4071	0.0257	0.0357	2.2024	-0.1288	0.0008	2.2458	0.000	
11.967	-0.0514	0.0194	2.2618	0.2107	-0.6710	2.1834	-0.3404	-0.6581	2.1408	0.2586	0.2215	2.0558	-0.3459	0.2111	2.0578	-0.2073	0.7599	2.4003	0.0268	0.0365	2.2032	-0.1271	0.0027	2.2442	0.000	
12.000	-0.0511	0.0205	2.2619	0.2116	-0.6709	2.1848	-0.3393	-0.6551	2.1407	0.2612	0.2212	2.0601	-0.3462	0.2118	2.0579	-0.1956	0.7627	2.3935	0.0272	0.0372	2.2044	-0.1268	0.0048	2.2430	0.000	
12.033	-0.0505	0.0232	2.2616	0.2122	-0.6697	2.1860	-0.3381	-0.6539	2.1398	0.2609	0.2232	2.0640	-0.3755	0.1826	2.0079	-0.1842	0.7674	2.3865	0.0277	0.0387	2.2051	-0.1265	0.0085	2.2416	0.000	
12.067	-0.0498	0.0244	2.2615	0.2127	-0.6680	2.1882	-0.3373	-0.6528	2.1396	0.2614	0.2249	2.0671	-0.3465	0.2136	2.0566	-0.1748	0.7713	2.3821	0.0285	0.0394	2.2059	-0.1259	0.0103	2.2405	0.000	
12.100	-0.0487	0.0261	2.2610	0.2135	-0.6660	2.1904	-0.3366	-0.6508	2.1389	0.2639	0.2236	2.0660	-0.3467	0.2158	2.0564	-0.1667	0.7762	2.3763	0.0296	0.0403	2.2065	-0.1249	0.0130	2.2386	0.000	
12.133	-0.0472	0.0297	2.2608	0.2138	-0.6653	2.1915	-0.3360	-0.6500	2.1385	0.2653	0.2227	2.0663	-0.3460	0.2151	2.0561	-0.1586	0.7810	2.3720	0.0311	0.0425	2.2082	-0.1234	0.0179	2.2366	0.000	
12.200	-0.0451	0.0346	2.2600	0.2144	-0.6651	2.1934	-0.3349	-0.6474	2.1368	0.2685	0.2138	2.0611	-0.3477	0.2199	2.0534	-0.1422	0.7920	2.3627	0.0332	0.0457	2.2093	-0.1216	0.0236	2.2340	0.000	
12.233	-0.0447	0.0365	2.2596	0.2147	-0.6653	2.1941	-0.3348	-0.6473	2.1363	0.2679	0.2126	2.0616	-0.3491	0.2208	2.0516	-0.1334	0.7969	2.3581	0.0336	0.0467	2.2098	-0.1213	0.0266	2.2323	0.000	
12.267	-0.0444	0.0379	2.2587	0.2150	-0.6652	2.1947	-0.3348	-0.6475	2.1351	0.2629	0.2060	2.0637	-0.3566	0.2355	2.0452	-0.1242	0.8026	2.3536	0.0338	0.0472	2.2100	-0.1211	0.0291	2.2299	0.000	
12.300	-0.0442	0.0398	2.2571	0.2151	-0.6651	2.1951	-0.3349	-0.6476	2.1342	0.2634	0.2053	2.0627	-0.3871	0.2178	2.0217	-0.1162	0.8055	2.3490	0.0340	0.0477	2.2098	-0.1210	0.0320	2.2266	0.000	
12.333	-0.0444	0.0419	2.2547	0.2151	-0.6651	2.1954	-0.3352	-0.6478	2.1330	0.2649	0.2032	2.0595	-0.3462	0.2264	2.0443	-0.1094	0.8077	2.3462	0.0339	0.0483	2.2094	-0.1215	0.0353	2.2220	0.000	
12.400	-0.0442	0.0451	2.2502	0.2149	-0.6652	2.1959	-0.3354	-0.6479	2.1310	0.2687	0.2030	2.0514	-0.3773	0.1906	2.0009	-0.0927	0.8131	2.3394	0.0341	0.0494	2.2083	-0.1213	0.0400	2.2148	0.000	
12.433	-0.0447	0.0469	2.2464	0.2148	-0.6653	2.1965	-0.3355	-0.6479	2.1302	0.2708	0.2008	2.0476	-0.3747	0.1940	2.0022	-0.0851	0.8159	2.3359	0.0339	0.0501	2.2066	-0.1220	0.0426	2.2095	0.000	
12.467	-0.0452	0.0478	2.2428	0.2149	-0.6653	2.1966	-0.3356	-0.6481	2.1290	0.2722	0.1996	2.0447	-0.3738	0.1934	2.0011	-0.0781	0.8179	2.3315	0.0335	0.0504	2.2045	-0.1226	0.0441	2.2048	0.000	
12.500	-0.0453	0.0491	2.2399	0.2146	-0.6651	2.1971	-0.3355	-0.6480	2.1282	0.2736	0.1981	2.0414	-0.3767	0.1842	1.9950	-0.0704	0.8188	2.3277	0.0335	0.0513	2.2024	-0.1226	0.0457	2.2015	0.000	
12.533	-0.0451	0.0508	2.2359	0.2145	-0.6651	2.1972	-0.3355	-0.6477	2.1275	0.2753	0.1968	2.0392	-0.3769	0.1797	1.9916	-0.0659	0.8208	2.3235	0.0336	0.0526	2.1988	-0.1223	0.0475	2.1974	0.000	
12.567	-0.0445	0.0519	2.2322	0.2146	-0.6649	2.1973	-0.3356	-0.6476	2.1265	0.2769	0.1934	2.0363	-0.3774	0.1756	1.9894	-0.0600	0.8219	2.3196	0.0341	0.0536	2.1953	-0.1216	0.0486	2.1937	0.000	
12.600	-0.0437	0.0533	2.2285	0.2145	-0.6646	2.1975	-0.3355	-0.6473	2.1262	0.2774	0.1918	2.0345	-0.3768	0.1741	1.9882	-0.0545	0.8233	2.3153	0.0347	0.0549	2.1916	-0.1206	0.0500	2.1900	0.000	
12.633	-0.0426	0.0552	2.2239	0.2145	-0.6646	2.1974	-0.3353	-0.6470	2.1255	0.2793	0.1884	2.0324	-0.3810	0.1717	1.9860	-0.0497	0.8242	2.3115	0.0358	0.0567	2.1865	-0.1195	0.0518	2.1859	0.000	
12.700	-0.0403	0.0572	2.2157	0.2145	-0.6646	2.1974	-0.3352	-0.6469	2.1248	0.2815	0.1831	2.0297	-0.3890	0.1718	1.9803	-0.0442	0.8256	2.3048	0.0375	0.0581	2.1789	-0.1168	0.0545	2.1772	0.000	
12.733	-0.0397	0.0582	2.2126	0.2145	-0.6648	2.1973	-0.3352	-0.6469	2.1245	0.2834	0.1813	2.0292	-0.3842	0.1717	1.9821	-0.0415	0.8260	2.3018	0.0380	0.0589	2.1753	-0.1160	0.0555	2.1745	0.000	
12.767	-0.0396	0.0586	2.2092	0.2145	-0.6649	2.1972	-0.3350	-0.6467	2.1241	0.2845	0.1810	2.0267	-0.3840	0.1724	1.9810	-0.0378	0.8265	2.2967	0.0380	0.0592	2.1711	-0.1159	0.0559	2.1718	0.000	
12.800	-0.0385	0.0597	2.2054	0.2144	-0.6648	2.1971	-0.3349	-0.6466	2.1238	0.2847	0.1806	2.0257	-0.3823	0.1720	1.9819	-0.0366	0.8268	2.2935	0.0389	0.0603	2.1670	-0.1146	0.0570	2.1684	0.000	
12.833	-0.0389	0.0606	2.2022	0.2145	-0.6648	2.1968	-0.3348	-0.6463	2.1232	0.2856	0.1798	2.0244	-0.3811	0.1715	1.9823	-0.0360	0.8276	2.2916	0.0384	0.0610	2.1631	-0.1148	0.0581	2.1658	0.000	
12.867	-0.0382	0.0610	2.2000	0.2145	-0.6647	2.1961	-0.3346	-0.6460	2.1227	0.2858	0.1801	2.0243	-0.3840	0.1711	1.9810	-0.0352	0.8285	2.2906	0.0390	0.0615	2.1607	-0.1142	0.0585	2.1640	0.000	
12.933	-0.0378	0.0616	2.1966	0.2145	-0.6649	2.1952	-0.3344	-0.6459	2.1218	0.2864	0.1793	2.0231	-0.3851	0.1707	1.9798	-0.0333	0.8290	2.2873	0.0394	0.0619	2.1570	-0.1138	0.0591	2.1608	0.000	
12.967	-0.0376	0.0619	2.1956	0.2146	-0.6650	2.1952	-0.3350	-0.6471	2.1213	0.2862	0.1790	2.0231	-0.3878	0.1705	1.9779	-0.0332	0.8294	2.2869	0.0396	0.0622	2.1560	-0.1137	0.0594	2.1599	0.000	
13.033	-0.0373	0.0625	2.1938	0.2148	-0.6652	2.1947	-0.3351	-0.6470	2.1206	0.2853	0.1783	2.0225	-0.3889	0.1692	1.9776	-0.0331	0.8299	2.2848	0.0400	0.0628	2.1544	-0.1133	0.0601	2.1577	0.000	
13.067	-0.0373	0.0628	2.1932	0.2149	-0.6653	2.1946	-0.3351	-0.6470	2.1205	0.2847	0.1782	2.0228	-0.3886	0.1682	1.9778	-0.0332	0.8303	2.2836	0.0400	0.0631	2.1538	-0.1133	0.0604	2.1572	0.000	
13.100	-0.0374	0.0630	2.1929	0.2150	-0.6655	2.1944	-0.3355	-0.6475	2.1203	0.2849	0.1784	2.0221	-0.3888	0.1677	1.9773	-0.0334	0.8308	2.2813	0.0399	0.0633	2.1534	-0.1134	0.0605	2.1570	0.000	
13.133	-0.0374	0.0632	2.1928	0.2151	-0.6656	2.1941	-0.3357	-0.6477	2.1200	0.2851	0.1785	2.0220	-0.3843	0.1657	1.9800	-0.0340	0.8306	2.2782	0.0399	0.0633	2.1534	-0.1135	0.0609	2.1564	0.000	
13.200	-0.0377	0.0636	2.1924	0.2150	-0.6656	2.1941	-0.3358	-0.6477	2.1199	0.2851	0.1790	2.0222	-0.3836	0.1638	1.9796	-0.0343	0.8313	2.2747	0.0398	0.0637	2.1537	-0.1139	0.0617	2.1551	0.000	
13.233	-0.0380	0.0640	2.1922	0.2150	-0.6656	2.1941	-0.3359	-0.6474	2.1199	0.2848	0.1790	2.0219	-0.3814	0.1626	1.9810	-0.0343	0.8316	2.2736	0.0395	0.0640	2.1539	-0.1143	0.0623	2.1544	0.000	
13.267	-0.0383	0.0643	2.1920	0.2149	-0.6658	2.1939	-0.3360	-0.6473	2.1199	0.2854	0.1786	2.0218	-0.3833	0.1620	1.9796	-0.0352	0.8322	2.2720	0.0393	0.0642	2.1540	-0.1147	0.0628	2.1537	0.000	
13.300	-0.0385	0.0645	2.1918	0.2148	-0.6659	2.1939	-0.3360	-0.6472	2.1196	0.2859	0.1787	2.0222	-0.3811	0.1615	1.9812	-0.0356	0.8325	2.2688	0.0391	0.0642	2.1541	-0.1151	0.0631	2.1532	0.000	
13.333	-0.0389	0.0648	2.1919	0.2147	-0.6661	2.1940	-0.3361	-0.6473	2.1196	0.2864	0.1789	2.0225	-0.3788	0.1616	1.9830	-0.0357	0.8327	2.2666	0.0388	0.0645	2.1545	-0.1156	0.0635	2.1529	0.000	
13.400	-0.0398	0.0651	2.1916	0.2144	-0.6659	2.1938	-0.3364	-0.6475	2.1194	0.2871	0.1796	2.0214	-0.3774	0.1623	1.9823	-0.0361	0.8322	2.2624	0.0378	0.0645	2.1549	-0.1166	0.0641	2.1520	0.000	
13.433	-0.0400	0.0654	2.1916	0.2144	-0.6660	2.1939	-0.3365	-0.6476	2.1193	0.2875	0.1794	2.0214	-0.3765	0.1623	1.9826	-0.0360	0.8320	2.2601	0.0376	0.0647	2.1552	-0.1167	0.0644	2.1519	0.000	
13.467	-0.0401	0.0655	2.1916	0.2143	-0.6659	2.1939	-0.3366	-0.6476	2.1193	0.2873	0.1790	2.0210	-0.3761	0.1622	1.9827	-0.0360	0.8317	2.2580	0.0374	0.0648	2.1555	-0.1169	0.0645	2.1517	0.000	
13.500	-0.0403	0.0655	2.1917	0.2142	-0.6659	2.1940	-0.3366	-0.6476	2.1193	0.2876	0.1785	2.0214	-0.3764	0.1638	1.9812	-0.0361	0.8316	2.2555	0.0372	0.0648	2.1560	-0.1170	0.0646	2.1516	0.000	
13.533	-0.0403	0.0655	2.1919	0.2141	-0.6660	2.1940	-0.3366	-0.6477	2.1193	0.2876	0.1785	2.0215	-0.3761	0.1635	1.9814	-0.0356	0.8311	2.2537	0.0372	0.0648	2.1564	-0.1170	0.0646	2.1517	0.000	
13.567	-0.0405	0.0657	2.1920	0.2141	-0.6659	2.1941	-0.3366	-0.6477	2.1193	0.2883	0.1777	2.0214	-0.3753	0.1638	1.9805	-0.0343	0.8309	2.2512	0.0370	0.0649	2.1567	-0.1171	0.0647	2.1517	0.000	
13.600	-0.0405	0.0658	2.1921	0.2140	-0.6659	2.1941	-0.3367	-0.6478	2.1192	0.2878	0.1773	2.0219	-0.3770	0.1627	1.9804	-0.0340	0.8308	2.2494	0.0370	0.0649	2.1569	-0.1172	0.0648	2.1518	0.000	
13.633	-0.0405	0.0658	2.1923	0.2140	-0.6659	2.1942	-0.3366	-0.6478	2.1191	0.2879	0.1770	2.0219	-0.3807	0.1615	1.9786	-0.0331	0.8304	2.2476	0.0370	0.0649	2.1571	-0.1172	0.0648	2.1519	0.000	
13.667	-0.0406	0.0658	2.1926	0.2140	-0.6661	2.1941	-0.3366	-0.6477	2.1192	0.2884	0.1768	2.0218	-0.3803	0.1614	1.9787	-0.0329	0.8303	2.2470	0.0370	0.0649	2.1573	-0.1172	0.0650	2.1523	0.000	
13.700	-0.0406	0.0660	2.1929	0.2139	-0.6662	2.1942	-0.3366	-0.6478	2.1193	0.2889	0.1767	2.0217	-0.3791	0.1615	1.9792	-0.0323	0.8309	2.2456	0.0371	0.0650	2.1575	-0.1173	0.0651	2.1527	0.000	
13.733	-0.0406	0.0660	2.1930	0.2140	-0.6665	2.1941	-0.3366	-0.6480	2.1193	0.2897	0.1763	2.0216	-0.3785	0.1617	1.9787	-0.0324	0.8309	2.2445	0.0371	0.0649	2.1578	-0.1172	0.0651	2.1528	0.000	
13.800	-0.0405	0.0662	2.1939	0.2142	-0.6668	2.1942	-0.3367	-0.6481	2.1194	0.2911	0.1748	2.0210	-0.3800	0.1622	1.9791	-0.0321	0.8312	2.2432	0.0372	0.0651	2.1585	-0.1171	0.0654	2.1539	0.000	
13.833	-0.0405	0.0663	2.1941	0.2142	-0.6668	2.1942	-0.3367	-0.6481	2.1194	0.2915	0.1752	2.0205	-0.3808	0.1618	1.9790	-0.0320	0.8312	2.2423	0.0372	0.0651	2.1588	-0.1171	0.0654	2.1541	0.000	
13.867	-0.0403	0.0664	2.1946	0.2142	-0.6669	2.1943	-0.3366	-0.6480	2.1195	0.2911	0.1748	2.0203	-0.3810	0.1618	1.9787	-0.0319	0.8312	2.2409	0.0375	0.0652	2.1592	-0.1168	0.0655	2.1546	0.000	
13.933	-0.0399	0.0665	2.1953	0.2143	-0.6669	2.1943	-0.3365	-0.6480	2.1195	0.2911	0.1747	2.0204	-0.3834	0.1617	1.9776	-0.0317	0.8304	2.2385	0.0378	0.0655	2.1600	-0.1165	0.0655	2.1553	0.000	
13.967	-0.0397	0.0665	2.1956	0.2144	-0.6671	2.1943	-0.3365	-0.6480	2.1196	0.2913	0.1740	2.0205	-0.3856	0.1613	1.9764	-0.0318	0.8303	2.2384	0.0380	0.0655	2.1601	-0.1162	0.0654	2.1559	0.000	
14.033	-0.0393	0.0666	2.1963	0.2147	-0.6676	2.1946	-0.3364	-0.6478	2.1197	0.2908	0.1742	2.0213	-0.3870	0.1614	1.9755	-0.0319	0.8301	2.2379	0.0385	0.0657	2.1607	-0.1157	0.0653	2.1567	0.000	
14.067	-0.0390	0.0666	2.1966	0.2146	-0.6677	2.1948	-0.3360	-0.6470	2.1201	0.2909	0.1746	2.0217	-0.3873	0.1612	1.9757	-0.0321	0.8300	2.2379	0.0387	0.0658	2.1610	-0.1155	0.0652	2.1570	0.000	
14.100	-0.0388	0.0666	2.1971	0.2146	-0.6677	2.1948	-0.3360	-0.6471	2.1201	0.2912	0.1740	2.0213	-0.3877	0.1610	1.9752	-0.0322	0.8298	2.2378	0.0389	0.0658	2.1612	-0.1152	0.0651	2.1578	0.000	
14.133	-0.0382	0.0667	2.1973	0.2148	-0.6678	2.1947	-0.3360	-0.6471	2.1202	0.2913	0.1741	2.0213	-0.3824	0.1617	1.9775	-0.0323	0.8297	2.2377	0.0395	0.0661	2.1612	-0.1146	0.0651	2.1583	0.000	
14.200	-0.0378	0.0667	2.1975	0.2151	-0.6682	2.1947	-0.3359	-0.6470	2.1202	0.2911	0.1744	2.0214	-0.3855	0.1609	1.9754	-0.0325	0.8289	2.2378	0.0400	0.0662	2.1612	-0.1142	0.0650	2.1587	0.000	
14.233	-0.0373	0.0669	2.1979	0.2152	-0.6683	2.1946	-0.3358	-0.6469	2.1202	0.2892	0.1740	2.0209	-0.3861	0.1612	1.9750	-0.0326	0.8289	2.2378	0.0405	0.0665	2.1614	-0.1138	0.0650	2.1593	0.000	
14.267	-0.0367	0.0666	2.1979	0.2153	-0.6683	2.1945	-0.3356	-0.6466	2.1203	0.2888	0.1743	2.0211	-0.3871	0.1613	1.9744	-0.0327	0.8286	2.2377	0.0410	0.0664	2.1613	-0.1132	0.0646	2.1594	0.000	
14.300	-0.0363	0.0667	2.1981	0.2153	-0.6683	2.1947	-0.3356	-0.6465	2.1203	0.2880	0.1748	2.0211	-0.3874	0.1618	1.9741	-0.0328	0.8284	2.2378	0.0415	0.0666	2.1614	-0.1128	0.0646	2.1596	0.000	
14.333	-0.0360	0.0666	2.1982	0.2156	-0.6685	2.1946	-0.3355	-0.6464	2.1205	0.2879	0.1748	2.0209	-0.3874	0.1617	1.9742	-0.0328	0.8283	2.2377	0.0418	0.0665	2.1615	-0.1125	0.0645	2.1598	0.000	
14.367	-0.0360	0.0667	2.1984	0.2156	-0.6685	2.1946	-0.3351	-0.6460	2.1207	0.2879	0.1751	2.0208	-0.3872	0.1619	1.9746	-0.0328	0.8282	2.2377	0.0418	0.0665	2.1616	-0.1125	0.0645	2.1600	0.000	
14.400	-0.0358	0.0666	2.1986	0.2156	-0.6685	2.1946	-0.3347	-0.6453	2.1210	0.2882	0.1754	2.0212	-0.3872	0.1618	1.9747	-0.0329	0.8283	2.2376	0.0420	0.0665	2.1618	-0.1123	0.0645	2.1602	0.000	
14.433	-0.0356	0.0665	2.1986	0.2156	-0.6685	2.1946	-0.3346	-0.6453	2.1208	0.2884	0.1750	2.0210	-0.3822	0.1623	1.9774	-0.0328	0.8283	2.2373	0.0422	0.0664	2.1618	-0.1121	0.0644	2.1602	0.000	
14.467	-0.0351	0.0667	2.1989	0.2156	-0.6684	2.1946	-0.3345	-0.6451	2.1210	0.2885	0.1751	2.0208	-0.3810	0.1610	1.9788	-0.0328	0.8286	2.2373	0.0426	0.0666	2.1620	-0.1116	0.0645	2.1604	0.000	
14.500	-0.0351	0.0667	2.1989	0.2157	-0.6685	2.1945	-0.3344	-0.6449	2.1211	0.2888	0.1751	2.0209	-0.3816	0.1607	1.9782	-0.0327	0.8287	2.2373	0.0427	0.0666	2.1621	-0.1116	0.0645	2.1604	0.000	
14.533	-0.0350	0.0667	2.1989	0.2159	-0.6687	2.1947	-0.3342	-0.6447	2.1212	0.2896	0.1739	2.0204	-0.3800	0.1615	1.9793	-0.0326	0.8289	2.2373	0.0428	0.0666	2.1622	-0.1114	0.0646	2.1602	0.000	
14.600	-0.0348	0.0668	2.1990	0.2159	-0.6686	2.1950	-0.3341	-0.6445	2.1213	0.2896	0.1743	2.0208	-0.3800	0.1616	1.9786	-0.0321	0.8299	2.2373	0.0430	0.0666	2.1624	-0.1113	0.0647	2.1602	0.000	
14.633	-0.0347	0.0668	2.1989	0.2159	-0.6685	2.1950	-0.3342	-0.6446	2.1211	0.2896	0.1741	2.0207	-0.3780	0.1622	1.9793	-0.0319	0.8301	2.2372	0.0431	0.0666	2.1624	-0.1112	0.0647	2.1601	0.000	
14.667	-0.0345	0.0667	2.1990	0.2160	-0.6688	2.1952	-0.3340	-0.6445	2.1212	0.2892	0.1739	2.0208	-0.3778	0.1619	1.9795	-0.0314	0.8302	2.2375	0.0433	0.0665	2.1624	-0.1109	0.0645	2.1602	0.000	
14.733	-0.0343	0.0667	2.1990	0.2160	-0.6685	2.1953	-0.3340	-0.6444	2.1213	0.2894	0.1741	2.0206	-0.3789	0.1618	1.9790	-0.0305	0.8312	2.2375	0.0435	0.0665	2.1625	-0.1108	0.0646	2.1601	0.000	
14.767	-0.0341	0.0668	2.1990	0.2160	-0.6685	2.1953	-0.3339	-0.6442	2.1214	0.2894	0.1738	2.0209	-0.3787	0.1613	1.9791	-0.0301	0.8317	2.2377	0.0437	0.0666	2.1626	-0.1107	0.0647	2.1601	0.000	
14.800	-0.0340	0.0668	2.1991	0.2161	-0.6683	2.1954	-0.3339	-0.6441	2.1214	0.2896	0.1739	2.0210	-0.3789	0.1613	1.9791	-0.0297	0.8318	2.2377	0.0439	0.0666	2.1627	-0.1105	0.0647	2.1600	0.000	
14.833	-0.0338	0.0668	2.1991	0.2162	-0.6682	2.1955	-0.3340	-0.6442	2.1214	0.2893	0.1740	2.0210	-0.3774	0.1617	1.9803	-0.0296	0.8325	2.2377	0.0442	0.0665	2.1628	-0.1103	0.0647	2.1599	0.000	
14.867	-0.0337	0.0668	2.1990	0.2161	-0.6682	2.1955	-0.3340	-0.6441	2.1215	0.2882	0.1735	2.0204	-0.3765	0.1619	1.9809	-0.0293	0.8328	2.2376	0.0442	0.0665	2.1628	-0.1103	0.0648	2.1598	0.000	
14.900	-0.0336	0.0669	2.1991	0.2161	-0.6682	2.1955	-0.3339	-0.6441	2.1215	0.2877	0.1741	2.0208	-0.3766	0.1623	1.9812	-0.0291	0.8329	2.2378	0.0444	0.0666	2.1629	-0.1102	0.0648	2.1599	0.000	
14.967	-0.0334	0.0670	2.1990	0.2161	-0.6681	2.1956	-0.3339	-0.6439	2.1216	0.2875	0.1747	2.0213	-0.3762	0.1625	1.9816	-0.0289	0.8331	2.2380	0.0445	0.0667	2.1629	-0.1099	0.0650	2.1596	0.000	
15.000	-0.0332	0.0671	2.1989	0.2161	-0.6679	2.1957	-0.3338	-0.6438	2.1216	0.2878	0.1750	2.0216	-0.3762	0.1621	1.9825	-0.0288	0.8331	2.2381	0.0447	0.0669	2.1628	-0.1097	0.0651	2.1595	0.000	
15.067	-0.0329	0.0674	2.1986	0.2162	-0.6681	2.1958	-0.3337	-0.6438	2.1216	0.2878	0.1759	2.0219	-0.3809	0.1617	1.9802	-0.0287	0.8330	2.2379	0.0450	0.0671	2.1626	-0.1095	0.0654	2.1592	0.000	
15.100	-0.0329	0.0674	2.1986	0.2162	-0.6681	2.1959	-0.3337	-0.6438	2.1216	0.2877	0.1760	2.0219	-0.3798	0.1614	1.9806	-0.0287	0.8332	2.2379	0.0450	0.0671	2.1626	-0.1095	0.0654	2.1590	0.000	
15.133	-0.0328	0.0674	2.1985	0.2162	-0.6681	2.1958	-0.3336	-0.6436	2.1215	0.2877	0.1760	2.0220	-0.3805	0.1614	1.9803	-0.0286	0.8331	2.2379	0.0451	0.0671	2.1626	-0.1093	0.0655	2.1586	0.000	
15.167	-0.0326	0.0673	2.1984	0.2162	-0.6681	2.1958	-0.3336	-0.6435	2.1216	0.2879	0.1758	2.0220	-0.3806	0.1614	1.9800	-0.0286	0.8332	2.2379	0.0452	0.0670	2.1625	-0.1092	0.0654	2.1586	0.000	
15.200	-0.0326	0.0674	2.1983	0.2162	-0.6681	2.1958	-0.3336	-0.6435	2.1215	0.2879	0.1761	2.0217	-0.3805	0.1620	1.9797	-0.0286	0.8333	2.2378	0.0452	0.0670	2.1624	-0.1091	0.0654	2.1585	0.000	
15.233	-0.0325	0.0674	2.1982	0.2162	-0.6680	2.1958	-0.3336	-0.6436	2.1216	0.2882	0.1761	2.0217	-0.3798	0.1620	1.9801	-0.0286	0.8333	2.2378	0.0452	0.0671	2.1624	-0.1091	0.0655	2.1582	0.000	
15.267	-0.0325	0.0675	2.1982	0.2162	-0.6680	2.1958	-0.3336	-0.6434	2.1216	0.2884	0.1757	2.0216	-0.3810	0.1624	1.9798	-0.0286	0.8333	2.2379	0.0453	0.0671	2.1624	-0.1090	0.0656	2.1581	0.000	
15.300	-0.0325	0.0675	2.1982	0.2163	-0.6679	2.1960	-0.3336	-0.6435	2.1217	0.2885	0.1758	2.0217	-0.3795	0.1625	1.9806	-0.0286	0.8332	2.2378	0.0453	0.0671	2.1625	-0.1090	0.0656	2.1581	0.000	
15.333	-0.0325	0.0675	2.1981	0.2163	-0.6680	2.1960	-0.3336	-0.6436	2.1216	0.2892	0.1755	2.0214	-0.3798	0.1622	1.9804	-0.0288	0.8330	2.2375	0.0453	0.0671	2.1624	-0.1090	0.0656	2.1580	0.000	
15.367	-0.0324	0.0676	2.1981	0.2165	-0.6683	2.1961	-0.3335	-0.6434	2.1216	0.2888	0.1756	2.0213	-0.3788	0.1621	1.9808	-0.0288	0.8332	2.2373	0.0454	0.0673	2.1625	-0.1089	0.0657	2.1579	0.000	
15.400	-0.0323	0.0677	2.1979	0.2164	-0.6681	2.1960	-0.3335	-0.6434	2.1216	0.2887	0.1757	2.0212	-0.3802	0.1617	1.9799	-0.0288	0.8331	2.2373	0.0455	0.0674	2.1623	-0.1089	0.0658	2.1578	0.000	
15.433	-0.0321	0.0678	2.1979	0.2164	-0.6680	2.1961	-0.3334	-0.6433	2.1216	0.2886	0.1755	2.0214	-0.3809	0.1620	1.9792	-0.0289	0.8331	2.2372	0.0456	0.0675	2.1623	-0.1087	0.0658	2.1578	0.000	
15.467	-0.0322	0.0678	2.1979	0.2166	-0.6681	2.1960	-0.3335	-0.6433	2.1216	0.2888	0.1755	2.0218	-0.3811	0.1621	1.9787	-0.0290	0.8329	2.2368	0.0456	0.0675	2.1622	-0.1087	0.0658	2.1577	0.000	
15.533	-0.0320	0.0677	2.1979	0.2166	-0.6679	2.1962	-0.3334	-0.6430	2.1217	0.2883	0.1762	2.0223	-0.3803	0.1625	1.9789	-0.0291	0.8329	2.2368	0.0458	0.0674	2.1621	-0.1086	0.0658	2.1578	0.000	
15.567	-0.0319	0.0677	2.1978	0.2167	-0.6681	2.1960	-0.3334	-0.6430	2.1215	0.2882	0.1760	2.0223	-0.3805	0.1625	1.9788	-0.0290	0.8327	2.2367	0.0459	0.0673	2.1621	-0.1085	0.0657	2.1577	0.000	
15.600	-0.0319	0.0676	2.1977	0.2166	-0.6680	2.1959	-0.3334	-0.6430	2.1215	0.2882	0.1762	2.0220	-0.3807	0.1625	1.9786	-0.0290	0.8326	2.2367	0.0459	0.0673	2.1618	-0.1085	0.0657	2.1577	0.000	
15.667	-0.0319	0.0676	2.1976	0.2166	-0.6679	2.1959	-0.3334	-0.6430	2.1215	0.2880	0.1767	2.0223	-0.3807	0.1617	1.9790	-0.0291	0.8324	2.2366	0.0459	0.0673	2.1617	-0.1085	0.0657	2.1577	0.000	
15.700	-0.0319	0.0676	2.1976	0.2166	-0.6678	2.1957	-0.3334	-0.6430	2.1215	0.2882	0.1766	2.0221	-0.3798	0.1617	1.9793	-0.0291	0.8324	2.2365	0.0460	0.0673	2.1617	-0.1085	0.0657	2.1577	0.000	
15.733	-0.0319	0.0676	2.1976	0.2166	-0.6679	2.1958	-0.3332	-0.6428	2.1218	0.2881	0.1765	2.0221	-0.3790	0.1619	1.9799	-0.0291	0.8324	2.2365	0.0460	0.0673	2.1617	-0.1085	0.0657	2.1577	0.000	
15.767	-0.0318	0.0676	2.1976	0.2166	-0.6683	2.1957	-0.3331	-0.6427	2.1216	0.2882	0.1765	2.0222	-0.3780	0.1620	1.9803	-0.0291	0.8322	2.2365	0.0460	0.0673	2.1617	-0.1085	0.0656	2.1576	0.000	
15.800	-0.0319	0.0676	2.1976	0.2166	-0.6685	2.1958	-0.3331	-0.6427	2.1216	0.2881	0.1768	2.0222	-0.3786	0.1618	1.9793	-0.0291	0.8324	2.2364	0.0460	0.0673	2.1618	-0.1085	0.0657	2.1576	0.000	
15.833	-0.0318	0.0676	2.1976	0.2167	-0.6686	2.1958	-0.3331	-0.6426	2.1216	0.2880	0.1767	2.0222	-0.3790	0.1621	1.9792	-0.0291	0.8324	2.2364	0.0460	0.0673	2.1618	-0.1085	0.0657	2.1576	0.000	
15.867	-0.0318	0.0676	2.1976	0.2167	-0.6686	2.1958	-0.3331	-0.6427	2.1216	0.2883	0.1764	2.0221	-0.3784	0.1623	1.9799	-0.0291	0.8325	2.2364	0.0460	0.0673	2.1618	-0.1085	0.0657	2.1576	0.000	
15.900	-0.0318	0.0676	2.1976	0.2167	-0.6685	2.1959	-0.3331	-0.6428	2.1217	0.2876	0.1765	2.0216	-0.3778	0.1621	1.9807	-0.0291	0.8325	2.2363	0.0460	0.0673	2.1618	-0.1085	0.0657	2.1576	0.000	
15.933	-0.0318	0.0676	2.1976	0.2167	-0.6686	2.1958	-0.3331	-0.6428	2.1217	0.2873	0.1763	2.0218	-0.3772	0.1621	1.9809	-0.0290	0.8326	2.2362	0.0460	0.0673	2.1618	-0.1085	0.0656	2.1575	0.000	
15.967	-0.0317	0.0676	2.1975	0.2168	-0.6683	2.1960	-0.3331	-0.6427	2.1216	0.2874	0.1765	2.0217	-0.3770	0.1621	1.9809	-0.0290	0.8322	2.2362	0.0461	0.0673	2.1618	-0.1083	0.0656	2.1574	0.000	
16.000	-0.0317	0.0676	2.1975	0.2168	-0.6681	2.1960	-0.3331	-0.6428	2.1216	0.2876	0.1763	2.0218	-0.3775	0.1633	1.9792	-0.0290	0.8322	2.2362	0.0461	0.0673	2.1618	-0.1084	0.0656	2.1575	0.000	
16.033	-0.0317	0.0676	2.1975	0.2169	-0.6684	2.1960	-0.3331	-0.6428	2.1216	0.2875	0.1763	2.0218	-0.3807	0.1627	1.9775	-0.0290	0.8321	2.2361	0.0461	0.0673	2.1618	-0.1084	0.0656	2.1574	0.000	
16.067	-0.0317	0.0676	2.1975	0.2169	-0.6684	2.1958	-0.3331	-0.6428	2.1214	0.2876	0.1762	2.0218	-0.3803	0.1628	1.9778	-0.0291	0.8322	2.2361	0.0461	0.0673	2.1618	-0.1084	0.0656	2.1574	0.000	
16.100	-0.0317	0.0676	2.1975	0.2169	-0.6684	2.1959	-0.3332	-0.6428	2.1215	0.2875	0.1764	2.0216	-0.3805	0.1625	1.9776	-0.0291	0.8321	2.2360	0.0461	0.0673	2.1618	-0.1084	0.0656	2.1574	0.000	
16.133	-0.0317	0.0676	2.1975	0.2169	-0.6684	2.1959	-0.3332	-0.6428	2.1215	0.2877	0.1761	2.0216	-0.3793	0.1624	1.9785	-0.0290	0.8321	2.2358	0.0461	0.0673	2.1618	-0.1083	0.0657	2.1573	0.000	
16.167	-0.0317	0.0676	2.1975	0.2170	-0.6685	2.1957	-0.3332	-0.6429	2.1215	0.2878	0.1761	2.0216	-0.3804	0.1626	1.9779	-0.0291	0.8321	2.2357	0.0461	0.0673	2.1618	-0.1083	0.0657	2.1573	0.000	
16.200	-0.0317	0.0677	2.1975	0.2170	-0.6684	2.1959	-0.3332	-0.6430	2.1215	0.2882	0.1763	2.0216	-0.3798	0.1630	1.9784	-0.0291	0.8318	2.2357	0.0461	0.0673	2.1619	-0.1083	0.0657	2.1573	0.000	
16.233	-0.0317	0.0677	2.1975	0.2170	-0.6683	2.1959	-0.3333	-0.6429	2.1215	0.2880	0.1767	2.0218	-0.3793	0.1627	1.9785	-0.0292	0.8317	2.2357	0.0461	0.0673	2.1619	-0.1083	0.0657	2.1573	0.000	
16.267	-0.0318	0.0677	2.1973	0.2170	-0.6681	2.1957	-0.3332	-0.6429	2.1215	0.2879	0.1768	2.0217	-0.3806	0.1626	1.9782	-0.0292	0.8317	2.2355	0.0460	0.0673	2.1618	-0.1085	0.0658	2.1570	0.000	
16.300	-0.0317	0.0677	2.1974	0.2170	-0.6682	2.1960	-0.3333	-0.6430	2.1217	0.2881	0.1763	2.0215	-0.3802	0.1626	1.9785	-0.0292	0.8318	2.2357	0.0461	0.0674	2.1619	-0.1084	0.0658	2.1570	0.000	
16.333	-0.0317	0.0678	2.1974	0.2171	-0.6682	2.1960	-0.3333	-0.6430	2.1218	0.2881	0.1763	2.0216	-0.3819	0.1618	1.9774	-0.0292	0.8318	2.2357	0.0461	0.0674	2.1620	-0.1084	0.0659	2.1570	0.000	
16.367	-0.0317	0.0677	2.1974	0.2170	-0.6679	2.1961	-0.3333	-0.6430	2.1217	0.2884	0.1762	2.0215	-0.3820	0.1620	1.9774	-0.0291	0.8319	2.2357	0.0461	0.0674	2.1620	-0.1083	0.0658	2.1571	0.000	
16.400	-0.0317	0.0678	2.1973	0.2169	-0.6677	2.1962	-0.3333	-0.6430	2.1217	0.2883	0.1760	2.0211	-0.3804	0.1624	1.9783	-0.0292	0.8319	2.2351	0.0461	0.0674	2.1620	-0.1083	0.0659	2.1570	0.000	
16.433	-0.0316	0.0679	2.1974	0.2170	-0.6680	2.1963	-0.3333	-0.6430	2.1217	0.2883	0.1759	2.0211	-0.3831	0.1629	1.9779	-0.0292	0.8319	2.2351	0.0462	0.0675	2.1621	-0.1082	0.0659	2.1570	0.000	
16.467	-0.0315	0.0678	2.1974	0.2170	-0.6680	2.1963	-0.3332	-0.6430	2.1218	0.2886	0.1758	2.0212	-0.3813	0.1637	1.9783	-0.0292	0.8319	2.2351	0.0464	0.0675	2.1621	-0.1081	0.0659	2.1570	0.000	
16.500	-0.0315	0.0679	2.1974	0.2170	-0.6680	2.1963	-0.3331	-0.6429	2.1218	0.2886	0.1758	2.0215	-0.3816	0.1637	1.9780	-0.0292	0.8317	2.2350	0.0463	0.0675	2.1621	-0.1081	0.0659	2.1569	0.000	
16.567	-0.0314	0.0679	2.1974	0.2173	-0.6682	2.1964	-0.3331	-0.6428	2.1216	0.2886	0.1761	2.0220	-0.3799	0.1638	1.9788	-0.0292	0.8316	2.2350	0.0464	0.0675	2.1621	-0.1081	0.0659	2.1569	0.000	
16.600	-0.0315	0.0678	2.1975	0.2172	-0.6683	2.1964	-0.3331	-0.6429	2.1218	0.2890	0.1768	2.0231	-0.3783	0.1644	1.9794	-0.0294	0.8318	2.2354	0.0463	0.0675	2.1622	-0.1081	0.0659	2.1571	0.000	
16.633	-0.0315	0.0678	2.1975	0.2173	-0.6683	2.1964	-0.3328	-0.6425	2.1215	0.2880	0.1769	2.0232	-0.3776	0.1645	1.9796	-0.0295	0.8313	2.2356	0.0463	0.0675	2.1621	-0.1081	0.0659	2.1571	0.000	
16.667	-0.0314	0.0678	2.1976	0.2173	-0.6683	2.1964	-0.3328	-0.6425	2.1215	0.2850	0.1798	2.0226	-0.3768	0.1652	1.9797	-0.0298	0.8311	2.2365	0.0463	0.0675	2.1622	-0.1080	0.0658	2.1573	0.000	
16.700	-0.0315	0.0677	2.1977	0.2172	-0.6684	2.1964	-0.3327	-0.6425	2.1214	0.2852	0.1800	2.0223	-0.3753	0.1659	1.9795	-0.0300	0.8303	2.2379	0.0462	0.0675	2.1622	-0.1082	0.0656	2.1575	0.000	
16.733	-0.0316	0.0674	2.1982	0.2172	-0.6685	2.1964	-0.3326	-0.6424	2.1215	0.2857	0.1814	2.0221	-0.3816	0.1682	1.9748	-0.0306	0.8296	2.2408	0.0460	0.0673	2.1630	-0.1082	0.0653	2.1579	0.000	
16.767	-0.0317	0.0670	2.1986	0.2172	-0.6684	2.1963	-0.3325	-0.6423	2.1216	0.2846	0.1809	2.0201	-0.3821	0.1684	1.9747	-0.0312	0.8294	2.2433	0.0459	0.0669	2.1632	-0.1082	0.0648	2.1584	0.000	
16.800	-0.0315	0.0661	2.1998	0.2172	-0.6685	2.1964	-0.3325	-0.6423	2.1218	0.2829	0.1824	2.0199	-0.3824	0.1699	1.9746	-0.0329	0.8289	2.2502	0.0461	0.0663	2.1644	-0.1079	0.0635	2.1596	0.000	
16.833	-0.0316	0.0652	2.2007	0.2172	-0.6684	2.1964	-0.3325	-0.6424	2.1218	0.2835	0.1836	2.0209	-0.3836	0.1739	1.9758	-0.0347	0.8282	2.2541	0.0460	0.0657	2.1651	-0.1081	0.0625	2.1608	0.000	
16.867	-0.0318	0.0638	2.2024	0.2171	-0.6682	2.1965	-0.3323	-0.6423	2.1221	0.2810	0.1859	2.0208	-0.3830	0.1751	1.9767	-0.0364	0.8269	2.2592	0.0457	0.0642	2.1670	-0.1083	0.0612	2.1622	0.000	
16.900	-0.0321	0.0625	2.2043	0.2171	-0.6682	2.1966	-0.3323	-0.6423	2.1222	0.2818	0.1863	2.0269	-0.3825	0.1764	1.9771	-0.0393	0.8262	2.2656	0.0455	0.0631	2.1686	-0.1085	0.0598	2.1643	0.000	
16.933	-0.0329	0.0613	2.2068	0.2170	-0.6680	2.1967	-0.3321	-0.6423	2.1224	0.2813	0.1875	2.0296	-0.3434	0.2345	2.0248	-0.0428	0.8244	2.2709	0.0446	0.0619	2.1717	-0.1091	0.0587	2.1663	0.000	
16.967	-0.0336	0.0589	2.2102	0.2169	-0.6678	2.1969	-0.3317	-0.6417	2.1230	0.2783	0.1912	2.0302	-0.3433	0.2329	2.0265	-0.0475	0.8229	2.2769	0.0440	0.0599	2.1748	-0.1101	0.0558	2.1699	0.000	
17.000	-0.0342	0.0561	2.2134	0.2163	-0.6665	2.1973	-0.3315	-0.6417	2.1233	0.2765	0.1912	2.0378	-0.3654	0.1929	1.9945	-0.0528	0.8192	2.2845	0.0435	0.0579	2.1774	-0.1108	0.0522	2.1739	0.000	
17.033	-0.0351	0.0529	2.2168	0.2162	-0.6667	2.1974	-0.3313	-0.6416	2.1239	0.2756	0.1909	2.0449	-0.3768	0.1911	1.9892	-0.0604	0.8140	2.2946	0.0430	0.0548	2.1810	-0.1119	0.0492	2.1770	0.000	
17.067	-0.0355	0.0513	2.2190	0.2162	-0.6667	2.1975	-0.3312	-0.6416	2.1244	0.2742	0.1929	2.0470	-0.3782	0.1901	1.9892	-0.0675	0.8102	2.3011	0.0427	0.0536	2.1828	-0.1126	0.0471	2.1796	0.000	
17.100	-0.0363	0.0493	2.2218	0.2159	-0.6665	2.1977	-0.3311	-0.6416	2.1252	0.2730	0.1914	2.0494	-0.3761	0.1894	1.9943	-0.0762	0.8055	2.3095	0.0422	0.0520	2.1847	-0.1136	0.0449	2.1835	0.000	
17.133	-0.0370	0.0476	2.2249	0.2158	-0.6667	2.1980	-0.3311	-0.6418	2.1258	0.2712	0.1931	2.0513	-0.3730	0.1925	1.9979	-0.0837	0.8022	2.3165	0.0416	0.0510	2.1863	-0.1143	0.0423	2.1884	0.000	
17.167	-0.0380	0.0461	2.2277	0.2158	-0.6667	2.1982	-0.3311	-0.6421	2.1263	0.2669	0.1949	2.0548	-0.3627	0.1895	2.0034	-0.0917	0.7983	2.3255	0.0410	0.0504	2.1870	-0.1156	0.0398	2.1942	0.000	
17.200	-0.0385	0.0441	2.2300	0.2158	-0.6672	2.1979	-0.3310	-0.6422	2.1265	0.2573	0.1972	2.0555	-0.3663	0.2049	2.0084	-0.0986	0.7958	2.3306	0.0406	0.0496	2.1877	-0.1162	0.0365	2.1985	0.000	
17.233	-0.0394	0.0430	2.2317	0.2157	-0.6676	2.1976	-0.3314	-0.6428	2.1265	0.2451	0.2016	2.0560	-0.3616	0.1995	2.0059	-0.1044	0.7944	2.3346	0.0400	0.0493	2.1877	-0.1173	0.0343	2.2033	0.000	
17.267	-0.0401	0.0420	2.2333	0.2158	-0.6691	2.1968	-0.3317	-0.6433	2.1267	0.2327	0.2093	2.0519	-0.3541	0.1845	2.0054	-0.1122	0.7930	2.3395	0.0395	0.0490	2.1876	-0.1178	0.0321	2.2074	0.000	
17.300	-0.0413	0.0400	2.2354	0.2158	-0.6691	2.1962	-0.3323	-0.6438	2.1270	0.2258	0.2124	2.0496	-0.3109	0.1959	2.0592	-0.1204	0.7895	2.3454	0.0385	0.0478	2.1876	-0.1192	0.0299	2.2112	0.000	
17.333	-0.0424	0.0385	2.2366	0.2162	-0.6698	2.1955	-0.3331	-0.6442	2.1275	0.2154	0.2182	2.0432	-0.3081	0.2009	2.0691	-0.1244	0.7878	2.3499	0.0374	0.0466	2.1871	-0.1205	0.0281	2.2143	0.000	
17.367	-0.0435	0.0372	2.2375	0.2166	-0.6702	2.1950	-0.3345	-0.6447	2.1280	0.2019	0.2090	2.0325	-0.2944	0.1915	2.0852	-0.1303	0.7856	2.3555	0.0357	0.0450	2.1862	-0.1214	0.0270	2.2163	0.000	
17.400	-0.0443	0.0354	2.2379	0.2167	-0.6721	2.1938	-0.3366	-0.6464	2.1277	0.1604	0.1984	2.0174	-0.2949	0.1823	2.1026	-0.1377	0.7844	2.3639	0.0338	0.0435	2.1841	-0.1215	0.0240	2.2187	0.000	
17.433	-0.0451	0.0341	2.2380	0.2168	-0.6721	2.1930	-0.3394	-0.6483	2.1274	0.1385	0.1793	1.9964	-0.2941	0.1279	2.0292	-0.1414	0.7832	2.3687	0.0320	0.0420	2.1815	-0.1218	0.0223	2.2208	0.000	
17.467	-0.0458	0.0326	2.2381	0.2164	-0.6707	2.1919	-0.3405	-0.6490	2.1273	0.1354	0.1794	1.9971	-0.2908	0.1076	2.0475	-0.1467	0.7823	2.3725	0.0303	0.0411	2.1791	-0.1216	0.0195	2.2232	0.000	
17.500	-0.0456	0.0311	2.2387	0.2163	-0.6702	2.1905	-0.3418	-0.6492	2.1275	0.1156	0.1744	1.9964	-0.2783	0.0755	2.0844	-0.1510	0.7811	2.3789	0.0297	0.0406	2.1782	-0.1193	0.0164	2.2265	0.000	
17.533	-0.0457	0.0293	2.2386	0.2163	-0.6706	2.1899	-0.3452	-0.6528	2.1272	0.1092	0.1727	1.9955	-0.2808	0.0536	2.1005	-0.1554	0.7801	2.3844	0.0281	0.0392	2.1757	-0.1182	0.0140	2.2280	0.000	
17.567	-0.0462	0.0284	2.2380	0.2151	-0.6688	2.1878	-0.3461	-0.6536	2.1274	0.1035	0.1722	1.9954	-0.2919	0.0374	2.1222	-0.1573	0.7811	2.3905	0.0263	0.0388	2.1725	-0.1182	0.0134	2.2282	0.000	
17.600	-0.0462	0.0279	2.2379	0.2150	-0.6692	2.1870	-0.3461	-0.6534	2.1275	0.0964	0.1705	1.9945	-0.2899	0.0277	2.1461	-0.1596	0.7804	2.3972	0.0254	0.0386	2.1710	-0.1170	0.0123	2.2293	0.000	
17.633	-0.0464	0.0274	2.2373	0.2148	-0.6697	2.1858	-0.3457	-0.6528	2.1276	0.0727	0.1471	1.9878	-0.2912	0.0235	2.1588	-0.1620	0.7815	2.4016	0.0235	0.0388	2.1677	-0.1162	0.0116	2.2295	0.000	
17.667	-0.0467	0.0266	2.2366	0.2148	-0.6702	2.1849	-0.3453	-0.6525	2.1280	0.0687	0.1449	1.9867	-0.2883	0.0182	2.1730	-0.1636	0.7820	2.4088	0.0214	0.0387	2.1638	-0.1155	0.0106	2.2305	0.000	
17.700	-0.0472	0.0266	2.2362	0.2144	-0.6687	2.1835	-0.3449	-0.6524	2.1280	0.0654	0.1440	1.9861	-0.2866	0.0124	2.1901	-0.1635	0.7828	2.4130	0.0197	0.0396	2.1616	-0.1153	0.0103	2.2310	0.000	
17.733	-0.0472	0.0263	2.2353	0.2144	-0.6684	2.1831	-0.3440	-0.6517	2.1281	0.0598	0.1418	1.9842	-0.2874	0.0141	2.2013	-0.1656	0.7819	2.4186	0.0192	0.0400	2.1592	-0.1147	0.0098	2.2313	0.000	
17.767	-0.0476	0.0268	2.2348	0.2140	-0.6678	2.1823	-0.3437	-0.6515	2.1283	0.0559	0.1450	1.9856	-0.2863	0.0225	2.2227	-0.1639	0.7839	2.4239	0.0175	0.0424	2.1557	-0.1143	0.0101	2.2327	0.000	
17.800	-0.0478	0.0270	2.2339	0.2138	-0.6675	2.1818	-0.3446	-0.6551	2.1279	0.0407	0.1263	1.9841	-0.2885	0.0171	2.2375	-0.1635	0.7841	2.4277	0.0164	0.0442	2.1499	-0.1136	0.0098	2.2345	0.000	
17.833	-0.0483	0.0274	2.2327	0.2133	-0.6665	2.1811	-0.3438	-0.6537	2.1284	0.0141	0.1102	1.9870	-0.2898	0.0143	2.2467	-0.1636	0.7838	2.4328	0.0154	0.0453	2.1463	-0.1134	0.0097	2.2351	0.000	
