% Time	SBX	SBY	SBZ	FRX	FRY	FRZ	FLX	FLY	FLZ	WRX	WRY	WRZ	WLX	WLY	WLZ	HDX	HDY	HDZ	HRX	HRY	HRZ	HRLX	HLY	HLZ	SpdCom	ax	ay	az	gx	gy	gz	mx	my	mz	Angle
0.034	-0.0232	0.0113	2.1731	0.0950	-0.0384	2.0470	0.0566	0.1876	2.0332	0.1890	0.6509	2.0041	-0.1711	0.5638	2.1131	0.1035	0.4634	2.0127	0.0280	-0.0164	2.1220	-0.0742	0.0389	2.1722	0.010	
0.100	-0.0571	0.0139	2.1524	0.1265	0.1486	2.0249	0.0555	0.1703	2.0556	0.1885	0.6486	2.0039	-0.1711	0.5643	2.1134	0.1030	0.4661	2.0162	-0.0060	-0.0154	2.1005	-0.1066	0.0427	2.1522	0.017	
0.134	-0.0225	0.0132	2.1809	0.1258	0.1480	2.0233	0.0645	0.0998	2.0604	0.1883	0.6480	2.0039	-0.1596	0.5392	2.0978	0.0996	0.4643	2.0143	0.0310	-0.0122	2.1352	-0.0752	0.0387	2.1750	0.020	
0.200	-0.0478	0.0093	2.1534	0.1245	0.1497	2.0284	0.0602	0.1020	2.0550	0.1873	0.6522	2.0045	-0.1669	0.5547	2.1125	0.0974	0.4612	2.0153	0.0036	-0.0193	2.1011	-0.0977	0.0372	2.1529	0.027	
0.234	-0.0191	0.0179	2.1984	0.1226	0.1489	2.0278	0.0644	0.1023	2.0584	0.1866	0.6478	2.0038	-0.1716	0.5647	2.1137	0.0972	0.4615	2.0154	0.0313	-0.0074	2.1507	-0.0692	0.0428	2.1938	0.030	
0.300	-0.0162	0.0163	2.1907	0.1207	0.1475	2.0267	0.0626	0.1037	2.0460	0.1859	0.6514	2.0049	-0.1717	0.5641	2.1137	0.0958	0.4609	2.0142	0.0332	-0.0110	2.1380	-0.0657	0.0426	2.1901	0.037	
0.334	0.0048	-0.0011	2.1761	0.1190	0.1203	2.0300	0.0644	0.0770	2.0643	0.1857	0.6506	2.0051	-0.1718	0.5638	2.1145	0.0919	0.4605	2.0140	0.0584	-0.0259	2.1247	-0.0487	0.0235	2.1749	0.040	
0.400	-0.0139	-0.0055	2.1524	0.1203	0.1132	2.0327	0.0628	0.0803	2.0537	0.1854	0.6518	2.0063	-0.1723	0.5633	2.1149	0.0908	0.4592	2.0155	0.0389	-0.0319	2.0998	-0.0661	0.0209	2.1529	0.047	
0.434	-0.0122	-0.0027	2.1576	0.1198	0.1126	2.0330	0.0732	0.0920	2.0561	0.1853	0.6521	2.0066	-0.1728	0.5633	2.1152	0.0899	0.4587	2.0159	0.0399	-0.0303	2.1029	-0.0637	0.0254	2.1606	0.050	
0.500	-0.0134	-0.0030	2.1601	0.0769	0.0514	2.0539	0.0602	0.0832	2.0575	0.1835	0.6490	2.0072	-0.1743	0.5641	2.1165	0.0880	0.4594	2.0163	0.0387	-0.0302	2.1065	-0.0650	0.0245	2.1621	0.057	
0.534	-0.0126	-0.0052	2.1587	0.1115	0.1494	2.0269	0.0596	0.0768	2.0515	0.1831	0.6473	2.0072	-0.1753	0.5637	2.1161	0.0887	0.4571	2.0193	0.0392	-0.0307	2.1069	-0.0638	0.0178	2.1550	0.060	
0.600	-0.0135	-0.0044	2.1622	0.1273	0.0928	2.0643	0.0577	0.0808	2.0425	0.1826	0.6505	2.0083	-0.1778	0.5652	2.1166	0.0880	0.4587	2.0196	0.0374	-0.0294	2.1131	-0.0642	0.0192	2.1580	0.067	
0.634	-0.0109	-0.0032	2.1663	0.0865	0.0567	2.0617	0.0445	0.1834	2.0399	0.1811	0.6462	2.0071	-0.1783	0.5653	2.1165	0.0879	0.4594	2.0196	0.0384	-0.0288	2.1142	-0.0591	0.0222	2.1681	0.070	
0.700	-0.0270	0.0136	2.1866	0.1088	0.1425	2.0312	0.0560	0.1057	2.0562	0.1799	0.6501	2.0084	-0.1797	0.5578	2.1075	0.0925	0.4639	2.0249	0.0213	-0.0133	2.1341	-0.0743	0.0400	2.1871	0.077	
0.767	-0.0376	0.0124	2.1740	0.0839	0.0620	2.0662	0.0571	0.1088	2.0568	0.1808	0.6740	2.0076	-0.1855	0.5785	2.1170	0.0886	0.4650	2.0220	0.0115	-0.0154	2.1215	-0.0858	0.0397	2.1743	0.083	
0.800	-0.0335	0.0133	2.1775	0.0849	0.0628	2.0663	0.0592	0.1095	2.0587	0.1783	0.6500	2.0073	-0.1805	0.5660	2.1166	0.0882	0.4654	2.0220	0.0142	-0.0148	2.1222	-0.0797	0.0411	2.1825	0.087	
0.867	-0.0413	0.0160	2.1878	0.1085	0.1457	2.0296	0.0516	0.1076	2.0575	0.1777	0.6534	2.0088	-0.1811	0.5605	2.1105	0.0859	0.4643	2.0205	0.0065	-0.0106	2.1412	-0.0881	0.0428	2.1856	0.093	
0.900	-0.0412	0.0160	2.1880	0.0709	0.0547	2.0663	0.0521	0.1080	2.0571	0.1788	0.6558	2.0094	-0.1804	0.5561	2.1099	0.0849	0.4640	2.0200	0.0068	-0.0107	2.1411	-0.0880	0.0428	2.1858	0.097	
0.967	-0.0366	0.0145	2.1912	0.0798	0.0580	2.0714	0.0572	0.1062	2.0571	0.1793	0.6505	2.0084	-0.1803	0.5593	2.1109	0.0845	0.4639	2.0196	0.0131	-0.0108	2.1454	-0.0857	0.0386	2.1852	0.103	
1.000	-0.0363	0.0133	2.1923	0.0963	0.0720	2.0861	0.0652	0.1085	2.0580	0.1792	0.6496	2.0080	-0.1786	0.5605	2.1064	0.0875	0.4650	2.0206	0.0158	-0.0106	2.1527	-0.0864	0.0352	2.1833	0.107	
1.067	-0.0126	-0.0017	2.1770	0.0793	0.0556	2.0654	0.0586	0.0841	2.0436	0.1789	0.6282	2.0033	-0.1791	0.5605	2.1089	0.0900	0.4662	2.0206	0.0424	-0.0231	2.1320	-0.0671	0.0197	2.1704	0.113	
1.100	-0.0091	-0.0032	2.1686	0.0800	0.0575	2.0565	0.0633	0.0849	2.0495	0.1794	0.6313	2.0030	-0.1787	0.5597	2.1086	0.0888	0.4651	2.0190	0.0473	-0.0283	2.1050	-0.0651	0.0197	2.1697	0.117	
1.167	-0.0014	-0.0073	2.1508	0.1081	0.1462	2.0234	0.0682	0.0830	2.0528	0.1832	0.6467	2.0044	-0.1811	0.5652	2.1154	0.0857	0.4615	2.0165	0.0516	-0.0358	2.0724	-0.0543	0.0190	2.1699	0.123	
1.200	0.0001	-0.0066	2.1496	0.1101	0.1464	2.0275	0.0671	0.0813	2.0552	0.1823	0.6435	2.0039	-0.1801	0.5639	2.1158	0.0855	0.4607	2.0164	0.0528	-0.0345	2.0732	-0.0522	0.0197	2.1678	0.127	
1.267	0.0037	-0.0046	2.1500	0.1106	0.1477	2.0256	0.0593	0.1729	2.0435	0.1827	0.6428	2.0036	-0.1748	0.5510	2.1063	0.0873	0.4614	2.0152	0.0556	-0.0306	2.0783	-0.0463	0.0213	2.1668	0.133	
1.300	0.0030	-0.0050	2.1480	0.1122	0.1511	2.0221	0.0719	0.0839	2.0506	0.1829	0.6429	2.0036	-0.1773	0.5610	2.1150	0.0877	0.4613	2.0147	0.0539	-0.0312	2.0781	-0.0461	0.0214	2.1618	0.137	
1.367	-0.0009	-0.0045	2.1431	0.1131	0.1464	2.0251	0.0658	0.0848	2.0367	0.1837	0.6425	2.0032	-0.1762	0.5614	2.1145	0.0880	0.4600	2.0147	0.0488	-0.0316	2.0791	-0.0493	0.0227	2.1526	0.143	
1.434	-0.0188	0.0107	2.1700	0.0972	-0.0229	2.0426	0.0602	0.0995	2.0428	0.1847	0.6527	2.0050	-0.1751	0.5627	2.1143	0.0883	0.4600	2.0132	0.0277	-0.0163	2.1150	-0.0649	0.0376	2.1734	0.150	
1.467	-0.0192	0.0113	2.1707	0.1214	0.1462	2.0273	0.0602	0.0998	2.0454	0.1849	0.6509	2.0047	-0.1745	0.5626	2.1138	0.0883	0.4603	2.0130	0.0274	-0.0160	2.1155	-0.0653	0.0386	2.1744	0.153	
1.534	-0.0033	0.0010	2.1598	0.1226	0.1475	2.0274	0.0516	0.1796	2.0369	0.1856	0.6486	2.0029	-0.1739	0.5639	2.1136	0.1119	0.4675	2.0222	0.0471	-0.0289	2.1008	-0.0533	0.0304	2.1658	0.160	
1.567	-0.0226	0.0116	2.1694	0.0870	0.0561	2.0596	0.0511	0.1819	2.0344	0.1858	0.6477	2.0026	-0.1732	0.5636	2.1131	0.1145	0.4674	2.0226	0.0227	-0.0166	2.1154	-0.0683	0.0398	2.1721	0.163	
1.634	-0.0255	0.0093	2.1654	0.0876	0.0554	2.0596	0.0541	0.1806	2.0409	0.1880	0.6552	2.0043	-0.1725	0.5637	2.1133	0.1143	0.4666	2.0229	0.0227	-0.0184	2.1126	-0.0746	0.0364	2.1660	0.170	
1.667	-0.0220	0.0096	2.1704	0.1252	0.1473	2.0228	0.0670	0.1000	2.0476	0.1872	0.6475	2.0019	-0.1720	0.5644	2.1134	0.1149	0.4666	2.0224	0.0291	-0.0173	2.1213	-0.0727	0.0363	2.1685	0.173	
1.734	-0.0349	0.0097	2.1614	0.1256	0.1483	2.0239	0.0308	0.2026	2.0234	0.1871	0.6461	2.0016	-0.1593	0.5357	2.1001	0.1155	0.4663	2.0217	0.0165	-0.0175	2.1125	-0.0857	0.0366	2.1584	0.180	
1.767	-0.0322	0.0093	2.1658	0.1262	0.1474	2.0219	0.0292	0.2049	2.0207	0.1869	0.6456	2.0017	-0.1712	0.5633	2.1128	0.1284	0.4676	2.0306	0.0200	-0.0174	2.1183	-0.0836	0.0359	2.1615	0.183	
1.834	-0.0204	0.0125	2.1766	0.1246	0.1527	2.0232	0.0330	0.1946	2.0471	0.1878	0.6521	2.0037	-0.1709	0.5632	2.1130	0.1342	0.4685	2.0360	0.0259	-0.0161	2.1224	-0.0635	0.0425	2.1844	0.190	
1.867	-0.0210	0.0094	2.1700	0.1246	0.1521	2.0219	0.0284	0.1994	2.0376	0.1879	0.6537	2.0040	-0.1709	0.5633	2.1129	0.1335	0.4679	2.0362	0.0260	-0.0196	2.1152	-0.0666	0.0382	2.1732	0.193	
1.934	-0.0266	0.0118	2.1683	0.1256	0.1544	2.0278	0.0284	0.2109	2.0210	0.1872	0.6497	2.0039	-0.1711	0.5643	2.1137	0.1378	0.4735	2.0373	0.0205	-0.0175	2.1126	-0.0728	0.0408	2.1720	0.200	
1.967	-0.0286	0.0126	2.1695	0.1248	0.1534	2.0274	0.0285	0.2106	2.0219	0.1871	0.6492	2.0039	-0.1711	0.5643	2.1137	0.1377	0.4716	2.0384	0.0186	-0.0164	2.1150	-0.0752	0.0414	2.1723	0.203	
2.034	-0.0272	0.0094	2.1649	0.1170	0.1493	2.0351	0.0302	0.2103	2.0218	0.1868	0.6514	2.0055	-0.1712	0.5642	2.1138	0.1362	0.4695	2.0394	0.0227	-0.0186	2.1137	-0.0766	0.0370	2.1640	0.210	
2.067	-0.0243	0.0110	2.1700	0.1162	0.1563	2.0307	0.0556	0.2086	2.0187	0.1867	0.6494	2.0052	-0.1713	0.5641	2.1141	0.1383	0.4714	2.0401	0.0239	-0.0175	2.1167	-0.0712	0.0393	2.1717	0.213	
2.134	-0.0074	0.0148	2.1991	0.1167	0.1517	2.0375	0.1040	0.1370	2.0319	0.1861	0.6424	2.0034	-0.1717	0.5611	2.1148	0.1357	0.4700	2.0407	0.0459	-0.0079	2.1625	-0.0594	0.0392	2.1882	0.220	
2.167	-0.0160	0.0151	2.1904	0.1185	0.1459	2.0317	0.1009	0.1391	2.0333	0.1861	0.6424	2.0034	-0.1719	0.5615	2.1154	0.1359	0.4701	2.0409	0.0271	-0.0125	2.1348	-0.0631	0.0406	2.1863	0.223	
2.234	-0.0387	0.0265	2.1821	0.1190	0.0681	2.0369	0.0976	0.1540	2.0321	0.1857	0.6532	2.0070	-0.1657	0.5466	2.1156	0.1367	0.4703	2.0428	0.0025	-0.0026	2.1246	-0.0785	0.0535	2.1866	0.230	
2.267	-0.0379	0.0255	2.1830	0.0751	-0.0274	2.0645	0.0976	0.1545	2.0322	0.1839	0.6463	2.0060	-0.1729	0.5606	2.1164	0.1362	0.4701	2.0432	0.0045	-0.0040	2.1268	-0.0785	0.0531	2.1869	0.233	
2.334	-0.0102	0.0024	2.1697	0.1178	0.0650	2.0351	0.1055	0.1324	2.0324	0.1830	0.6494	2.0076	-0.1942	0.6064	2.1083	0.1379	0.4787	2.0434	0.0409	-0.0250	2.1154	-0.0599	0.0296	2.1719	0.240	
2.367	-0.0027	-0.0020	2.1716	0.0844	-0.0358	2.0633	0.1239	0.1340	2.0304	0.1825	0.6479	2.0075	-0.1818	0.5678	2.1197	0.1236	0.4694	2.0410	0.0481	-0.0276	2.1201	-0.0521	0.0231	2.1710	0.243	
2.434	-0.0039	-0.0022	2.1706	0.1169	0.0534	2.0160	0.1067	0.1249	2.0297	0.1807	0.6511	2.0097	-0.1817	0.5664	2.1174	0.1269	0.4680	2.0445	0.0462	-0.0278	2.1189	-0.0532	0.0231	2.1700	0.250	
2.467	-0.0041	-0.0021	2.1698	0.1160	0.0551	2.0174	0.0326	0.2000	2.0253	0.1810	0.6535	2.0100	-0.1789	0.5580	2.1050	0.1267	0.4681	2.0446	0.0454	-0.0275	2.1169	-0.0532	0.0232	2.1699	0.253	
2.534	-0.0374	0.0165	2.1896	0.0709	0.0548	2.0633	0.0245	0.2055	2.0232	0.1808	0.6579	2.0109	-0.1800	0.5556	2.1063	0.1275	0.4686	2.0444	0.0101	-0.0118	2.1378	-0.0845	0.0447	2.1897	0.260	
2.567	-0.0016	-0.0003	2.1752	0.0819	0.0572	2.0616	0.0261	0.2047	2.0240	0.1802	0.6464	2.0091	-0.1437	0.4148	2.0470	0.1302	0.4766	2.0435	0.0529	-0.0282	2.1153	-0.0544	0.0273	2.1815	0.263	
2.634	-0.0173	0.0078	2.1814	0.1039	0.1451	2.0291	0.0257	0.2409	1.9754	0.1792	0.6448	2.0087	-0.1807	0.5552	2.1097	0.1310	0.4761	2.0436	0.0286	-0.0172	2.1316	-0.0644	0.0315	2.1772	0.270	
2.667	-0.0264	0.0134	2.1820	0.0769	0.0668	2.0775	0.0395	0.2007	2.0292	0.1804	0.6516	2.0099	-0.1780	0.5503	2.1070	0.1312	0.4759	2.0441	0.0202	-0.0133	2.1328	-0.0732	0.0394	2.1780	0.273	
2.734	-0.0301	0.0138	2.1815	0.0785	0.0604	2.0671	0.0411	0.2012	2.0258	0.1802	0.6590	2.0105	-0.1870	0.5782	2.1178	0.1309	0.4751	2.0440	0.0170	-0.0130	2.1324	-0.0770	0.0400	2.1777	0.280	
2.767	-0.0318	0.0150	2.1817	0.1046	0.1433	2.0301	0.0463	0.2017	2.0250	0.1785	0.6484	2.0075	-0.1813	0.5551	2.1085	0.1317	0.4756	2.0436	0.0142	-0.0122	2.1306	-0.0785	0.0427	2.1806	0.283	
2.834	-0.0337	0.0148	2.1825	0.0830	0.0585	2.0677	0.0492	0.2025	2.0242	0.1790	0.6439	2.0062	-0.1867	0.5792	2.1169	0.1304	0.4708	2.0435	0.0148	-0.0121	2.1375	-0.0809	0.0412	2.1789	0.290	
2.867	0.0054	-0.0022	2.1701	0.0944	0.0639	2.0720	0.0483	0.2026	2.0235	0.1802	0.6484	2.0068	-0.1349	0.4211	2.0439	0.1298	0.4700	2.0434	0.0493	-0.0254	2.1207	-0.0372	0.0203	2.1676	0.293	
2.934	-0.0313	0.0133	2.1829	0.0745	0.0554	2.0646	0.0170	0.2130	2.0277	0.1806	0.6496	2.0066	-0.1822	0.5568	2.1082	0.1387	0.4830	2.0437	0.0157	-0.0130	2.1363	-0.0813	0.0398	2.1774	0.300	
2.967	-0.0362	0.0152	2.1789	0.1106	0.1460	2.0253	0.0121	0.2114	2.0263	0.1808	0.6516	2.0071	-0.1812	0.5571	2.1079	0.1388	0.4818	2.0433	0.0080	-0.0117	2.1262	-0.0830	0.0414	2.1769	0.303	
3.034	-0.0337	0.0178	2.1782	0.1120	0.1426	2.0283	0.0515	0.1045	2.0587	0.1834	0.6515	2.0056	-0.1795	0.5651	2.1170	0.1387	0.4802	2.0420	0.0110	-0.0099	2.1223	-0.0773	0.0470	2.1814	0.310	
3.067	-0.0273	0.0186	2.1769	0.1141	0.1431	2.0246	0.0304	0.1803	2.0511	0.1836	0.6472	2.0046	-0.1778	0.5630	2.1158	0.1366	0.4770	2.0408	0.0181	-0.0101	2.1171	-0.0705	0.0481	2.1835	0.313	
3.134	0.0092	-0.0052	2.1550	0.1165	0.1505	2.0181	0.0631	0.0718	2.0538	0.1843	0.6450	2.0035	-0.1769	0.5627	2.1156	0.1374	0.4765	2.0403	0.0567	-0.0298	2.1020	-0.0410	0.0191	2.1543	0.320	
3.200	-0.0016	0.0093	2.1767	0.1164	0.1514	2.0202	0.0614	0.0907	2.0504	0.1850	0.6485	2.0038	-0.1758	0.5625	2.1154	0.1380	0.4739	2.0409	0.0447	-0.0172	2.1246	-0.0491	0.0365	2.1776	0.327	
3.234	-0.0167	0.0145	2.1799	0.1184	0.1055	2.0251	0.0568	0.0976	2.0510	0.1851	0.6480	2.0035	-0.1754	0.5622	2.1151	0.1381	0.4738	2.0407	0.0310	-0.0138	2.1268	-0.0639	0.0427	2.1811	0.330	
3.300	-0.0309	0.0134	2.1634	0.1212	0.1384	2.0150	0.0426	0.1760	2.0413	0.1853	0.6492	2.0033	-0.1745	0.5630	2.1138	0.1374	0.4710	2.0391	0.0169	-0.0152	2.1071	-0.0780	0.0417	2.1674	0.337	
3.334	-0.0218	0.0121	2.1700	0.1232	0.1410	2.0181	0.0441	0.1811	2.0353	0.1862	0.6526	2.0041	-0.1741	0.5630	2.1134	0.1367	0.4708	2.0379	0.0282	-0.0157	2.1166	-0.0708	0.0399	2.1718	0.340	
3.400	-0.0274	0.0176	2.1751	0.1247	0.1433	2.0241	0.0509	0.1035	2.0408	0.1865	0.6481	2.0034	-0.1733	0.5634	2.1137	0.1387	0.4677	2.0388	0.0193	-0.0110	2.1193	-0.0728	0.0459	2.1799	0.347	
3.467	-0.0320	0.0152	2.1681	0.1238	0.1452	2.0272	0.0424	0.1829	2.0345	0.1879	0.6506	2.0038	-0.1728	0.5635	2.1132	0.1381	0.4669	2.0387	0.0175	-0.0128	2.1157	-0.0811	0.0426	2.1675	0.353	
3.500	-0.0262	0.0139	2.1744	0.1223	0.1433	2.0306	0.0421	0.1785	2.0477	0.1871	0.6475	2.0029	-0.1725	0.5638	2.1133	0.1386	0.4670	2.0383	0.0246	-0.0142	2.1231	-0.0763	0.0414	2.1733	0.357	
3.567	0.0177	-0.0101	2.1462	0.1254	0.1471	2.0250	0.0438	0.1784	2.0450	0.1866	0.6509	2.0034	-0.1610	0.5413	2.0990	0.1400	0.4672	2.0387	0.0719	-0.0334	2.0924	-0.0368	0.0135	2.1482	0.363	
3.634	0.0162	-0.0101	2.1456	0.1251	0.1481	2.0262	0.0415	0.1832	2.0376	0.1863	0.6478	2.0032	-0.1704	0.5670	2.1116	0.1365	0.4665	2.0375	0.0676	-0.0340	2.0882	-0.0370	0.0135	2.1487	0.370	
3.700	0.0149	-0.0083	2.1458	0.1257	0.1490	2.0207	0.0435	0.1814	2.0438	0.1858	0.6300	2.0013	-0.1832	0.5274	2.1033	0.1386	0.4654	2.0394	0.0636	-0.0325	2.0866	-0.0356	0.0159	2.1517	0.377	
3.767	0.0155	-0.0076	2.1477	0.1228	0.1493	2.0194	0.0436	0.1796	2.0439	0.1851	0.6334	2.0020	-0.1951	0.5338	2.1110	0.1386	0.4650	2.0399	0.0652	-0.0319	2.0900	-0.0350	0.0168	2.1531	0.375	
3.834	0.0092	0.0134	2.1974	0.1197	0.1492	2.0247	0.0429	0.1794	2.0398	0.1859	0.6286	2.0012	-0.1530	0.4585	2.0589	0.1412	0.4694	2.0409	0.0554	-0.0139	2.1427	-0.0371	0.0403	2.2000	0.375	
3.900	0.0066	0.0016	2.1552	0.1145	0.1489	2.0293	0.0443	0.1797	2.0404	0.1840	0.6301	2.0017	-0.1527	0.4676	2.0642	0.1399	0.4723	2.0407	0.0498	-0.0273	2.0819	-0.0379	0.0295	2.1708	0.375	
3.934	0.0017	-0.0006	2.1522	0.1153	0.1459	2.0297	0.0435	0.1801	2.0396	0.1841	0.6304	2.0020	-0.1530	0.4669	2.0644	0.1386	0.4713	2.0414	0.0469	-0.0284	2.0848	-0.0475	0.0250	2.1582	0.375	
4.000	0.0050	-0.0026	2.1627	0.1235	0.1665	1.9964	0.0401	0.1827	2.0372	0.1854	0.6503	2.0069	-0.1763	0.5708	2.1183	0.1389	0.4740	2.0422	0.0520	-0.0288	2.1118	-0.0428	0.0226	2.1649	0.375	
4.034	0.0040	-0.0028	2.1638	0.1145	0.1532	2.0295	0.0413	0.1833	2.0358	0.1855	0.6504	2.0071	-0.1456	0.5570	2.1005	0.1384	0.4730	2.0429	0.0506	-0.0287	2.1133	-0.0432	0.0225	2.1651	0.375	
4.100	-0.0112	0.0119	2.1938	0.0815	0.0568	2.0659	0.0576	0.0955	2.0601	0.1848	0.6476	2.0070	-0.1606	0.5259	2.0919	0.1368	0.4716	2.0431	0.0376	-0.0172	2.1361	-0.0593	0.0404	2.1989	0.375	
4.134	-0.0185	0.0030	2.1615	0.0877	0.0616	2.0629	0.0560	0.0852	2.0570	0.1826	0.6441	2.0071	-0.1719	0.5475	2.1085	0.1361	0.4711	2.0436	0.0290	-0.0230	2.1049	-0.0653	0.0288	2.1661	0.375	
4.200	-0.0066	-0.0007	2.1696	0.0840	0.0562	2.0666	0.0464	0.1693	2.0603	0.1820	0.6438	2.0074	-0.1676	0.5411	2.1045	0.1248	0.4669	2.0414	0.0453	-0.0269	2.1189	-0.0578	0.0259	2.1700	0.375	
4.234	-0.0049	0.0001	2.1711	0.0986	0.0546	2.0683	0.0600	0.0833	2.0694	0.1813	0.6411	2.0067	-0.1713	0.5485	2.1051	0.1254	0.4666	2.0423	0.0461	-0.0258	2.1201	-0.0553	0.0262	2.1714	0.375	
4.300	-0.0251	0.0132	2.1835	0.0801	0.0569	2.0647	0.0432	0.0946	2.0582	0.1803	0.6408	2.0066	-0.1740	0.5501	2.1060	0.1280	0.4673	2.0451	0.0197	-0.0152	2.1289	-0.0700	0.0412	2.1860	0.375	
4.334	-0.0245	0.0085	2.1711	0.0840	0.0597	2.0643	0.0422	0.0854	2.0488	0.1802	0.6403	2.0066	-0.1754	0.5496	2.1071	0.1337	0.4780	2.0441	0.0215	-0.0163	2.1240	-0.0718	0.0309	2.1619	0.375	
4.400	-0.0350	0.0153	2.1773	0.0770	0.0597	2.0650	0.0531	0.1025	2.0637	0.1811	0.6570	2.0090	-0.1868	0.5798	2.1201	0.1337	0.4771	2.0439	0.0115	-0.0126	2.1250	-0.0807	0.0440	2.1795	0.375	
4.434	-0.0387	0.0169	2.1764	0.0749	0.0597	2.0639	0.0521	0.1046	2.0656	0.1793	0.6480	2.0086	-0.1865	0.5812	2.1186	0.1245	0.4777	2.0389	0.0068	-0.0113	2.1230	-0.0835	0.0456	2.1789	0.375	
4.500	-0.0348	0.0179	2.1868	0.0715	0.0606	2.0702	0.0049	0.2081	2.0116	0.1813	0.6579	2.0097	-0.1768	0.5598	2.1153	0.0835	0.4641	2.0212	0.0140	-0.0105	2.1356	-0.0822	0.0462	2.1865	0.375	
4.534	-0.0348	0.0180	2.1870	0.0741	0.0608	2.0683	0.0519	0.1059	2.0666	0.1796	0.6485	2.0082	-0.1771	0.5593	2.1150	0.0841	0.4644	2.0213	0.0137	-0.0104	2.1356	-0.0820	0.0465	2.1871	0.375	
4.600	-0.0159	-0.0034	2.1700	0.0942	0.0706	2.0776	0.0544	0.0762	2.0645	0.1804	0.6506	2.0083	-0.1749	0.5534	2.1143	0.0833	0.4637	2.0200	0.0381	-0.0270	2.1236	-0.0687	0.0195	2.1637	0.375	
4.634	-0.0133	-0.0051	2.1696	0.0945	0.0708	2.0776	0.0576	0.0764	2.0619	0.1805	0.6486	2.0077	-0.1650	0.5230	2.1163	0.0835	0.4634	2.0194	0.0413	-0.0283	2.1232	-0.0669	0.0178	2.1635	0.375	
4.700	-0.0048	-0.0061	2.1735	0.1176	0.0568	2.0286	0.0595	0.0739	2.0596	0.1810	0.6495	2.0074	-0.1657	0.5233	2.1171	0.0836	0.4633	2.0190	0.0502	-0.0281	2.1269	-0.0594	0.0158	2.1678	0.375	
4.734	-0.0039	-0.0130	2.1537	0.1176	0.0561	2.0274	0.0509	0.1680	2.0532	0.1823	0.6519	2.0076	-0.1707	0.5459	2.1016	0.0844	0.4599	2.0199	0.0516	-0.0344	2.1068	-0.0592	0.0088	2.1486	0.375	
4.800	-0.0066	-0.0101	2.1524	0.1191	0.0543	2.0253	0.0662	0.0717	2.0558	0.1826	0.6449	2.0050	-0.1818	0.5700	2.1169	0.0848	0.4600	2.0187	0.0469	-0.0314	2.1045	-0.0603	0.0117	2.1478	0.375	
4.834	-0.0062	-0.0098	2.1523	0.1096	0.1196	2.0546	0.0397	0.1750	2.0546	0.1838	0.6499	2.0054	-0.1779	0.5625	2.1162	0.0848	0.4602	2.0180	0.0471	-0.0319	2.1027	-0.0582	0.0139	2.1500	0.375	
4.900	-0.0311	0.0089	2.1782	0.1146	0.1387	2.0334	0.0507	0.0864	2.0513	0.1839	0.6358	2.0022	-0.1768	0.5626	2.1171	0.0870	0.4604	2.0161	0.0190	-0.0140	2.1375	-0.0799	0.0302	2.1664	0.375	
4.967	0.0069	-0.0016	2.1466	0.1145	0.1463	2.0311	0.0405	0.1758	2.0495	0.1845	0.6381	2.0023	-0.1726	0.5499	2.1068	0.1014	0.4642	2.0192	0.0548	-0.0290	2.0808	-0.0464	0.0268	2.1611	0.375	
5.000	0.0127	-0.0023	2.1527	0.1153	0.1476	2.0248	0.0401	0.1770	2.0489	0.1861	0.6502	2.0042	-0.1747	0.5605	2.1148	0.0984	0.4636	2.0175	0.0618	-0.0299	2.0902	-0.0384	0.0257	2.1652	0.375	
5.067	0.0098	-0.0070	2.1473	0.1160	0.1467	2.0245	0.0338	0.1811	2.0442	0.1864	0.6518	2.0043	-0.1725	0.5622	2.1114	0.0966	0.4617	2.0160	0.0642	-0.0321	2.0922	-0.0468	0.0159	2.1462	0.375	
5.100	0.0085	-0.0073	2.1448	0.1168	0.1458	2.0219	0.0327	0.1818	2.0415	0.1868	0.6528	2.0043	-0.1650	0.5397	2.0995	0.0952	0.4608	2.0148	0.0616	-0.0329	2.0869	-0.0469	0.0161	2.1461	0.375	
5.167	0.0234	-0.0082	2.1535	0.1187	0.1459	2.0187	0.0357	0.1794	2.0472	0.1874	0.6534	2.0046	-0.1571	0.4655	2.0646	0.0942	0.4607	2.0134	0.0779	-0.0330	2.0978	-0.0312	0.0160	2.1563	0.375	
5.200	0.0233	-0.0104	2.1495	0.1194	0.1464	2.0186	0.0348	0.1814	2.0469	0.1876	0.6537	2.0045	-0.1571	0.4659	2.0646	0.0946	0.4594	2.0135	0.0779	-0.0344	2.0949	-0.0316	0.0132	2.1518	0.375	
5.267	0.0220	-0.0095	2.1628	0.1228	0.1456	2.0218	0.0420	0.1788	2.0494	0.1872	0.6495	2.0035	-0.1600	0.4820	2.0729	0.0937	0.4599	2.0123	0.0752	-0.0348	2.1060	-0.0301	0.0156	2.1676	0.375	
5.300	0.0332	-0.0077	2.1667	0.1219	0.1444	2.0247	0.0409	0.1807	2.0476	0.1872	0.6481	2.0033	-0.1589	0.4751	2.0690	0.1261	0.4665	2.0279	0.0878	-0.0315	2.1105	-0.0216	0.0163	2.1707	0.375	
5.367	0.0329	-0.0113	2.1590	0.1223	0.1453	2.0239	0.0438	0.1762	2.0477	0.1875	0.6514	2.0041	-0.1692	0.5633	2.1103	0.1346	0.4661	2.0352	0.0871	-0.0338	2.1050	-0.0222	0.0110	2.1603	0.375	
5.400	0.0325	-0.0120	2.1590	0.1229	0.1459	2.0212	0.0417	0.1777	2.0434	0.1871	0.6533	2.0045	-0.1690	0.5631	2.1099	0.1343	0.4645	2.0357	0.0870	-0.0340	2.1054	-0.0230	0.0096	2.1597	0.375	
5.467	0.0270	-0.0110	2.1582	0.1231	0.1481	2.0249	0.0405	0.1731	2.0565	0.1872	0.6546	2.0050	-0.1717	0.5640	2.1134	0.1345	0.4647	2.0362	0.0813	-0.0334	2.1040	-0.0281	0.0112	2.1599	0.375	
5.500	0.0254	-0.0114	2.1569	0.1178	0.1446	2.0318	0.0412	0.1721	2.0567	0.1866	0.6509	2.0040	-0.1716	0.5639	2.1136	0.1348	0.4648	2.0368	0.0802	-0.0337	2.1038	-0.0304	0.0106	2.1567	0.375	
5.567	0.0241	-0.0103	2.1602	0.1193	0.1471	2.0247	0.0418	0.1708	2.0564	0.1867	0.6489	2.0040	-0.1717	0.5641	2.1140	0.1362	0.4639	2.0381	0.0797	-0.0322	2.1098	-0.0318	0.0120	2.1592	0.375	
5.600	0.0193	-0.0099	2.1576	0.1192	0.1473	2.0247	0.0635	0.0607	2.0594	0.1867	0.6517	2.0047	-0.1718	0.5628	2.1133	0.1370	0.4640	2.0399	0.0738	-0.0325	2.1068	-0.0358	0.0129	2.1565	0.375	
5.667	0.0179	-0.0088	2.1589	0.1170	0.1450	2.0260	-0.0215	0.1525	1.9816	0.1864	0.6490	2.0045	-0.1718	0.5613	2.1137	0.1399	0.4758	2.0397	0.0719	-0.0318	2.1081	-0.0368	0.0148	2.1582	0.375	
5.700	-0.0080	-0.0016	2.1725	0.1167	0.1449	2.0271	0.0139	0.2250	2.0115	0.1863	0.6480	2.0046	-0.1686	0.5473	2.1120	0.1403	0.4734	2.0406	0.0427	-0.0238	2.1279	-0.0587	0.0207	2.1660	0.375	
5.767	-0.0025	-0.0047	2.1635	0.1165	0.1449	2.0208	-0.0133	0.2550	1.9784	0.1859	0.6496	2.0061	-0.1666	0.5467	2.1054	0.1404	0.4743	2.0411	0.0510	-0.0295	2.1103	-0.0551	0.0195	2.1631	0.375	
5.800	0.0053	-0.0067	2.1661	0.0875	0.0503	2.0510	0.1120	0.1176	2.0316	0.1857	0.6523	2.0068	-0.1730	0.5653	2.1156	0.1392	0.4739	2.0405	0.0589	-0.0308	2.1154	-0.0476	0.0172	2.1642	0.375	
5.867	0.0051	-0.0073	2.1660	0.0832	0.0517	2.0526	0.0009	0.2360	2.0127	0.1842	0.6446	2.0054	-0.1687	0.5492	2.1078	0.1381	0.4738	2.0418	0.0587	-0.0312	2.1152	-0.0482	0.0162	2.1643	0.375	
5.900	0.0063	-0.0076	2.1666	0.0865	0.0520	2.0560	-0.0006	0.2287	2.0215	0.1833	0.6433	2.0056	-0.1745	0.5658	2.1158	0.1355	0.4717	2.0429	0.0599	-0.0312	2.1157	-0.0470	0.0157	2.1650	0.375	
5.967	0.0016	-0.0053	2.1689	0.0963	0.0679	2.0778	-0.0155	0.1347	2.0457	0.1831	0.6430	2.0059	-0.1777	0.5690	2.1172	0.1350	0.4708	2.0436	0.0532	-0.0293	2.1181	-0.0504	0.0187	2.1675	0.375	
6.000	0.0147	-0.0028	2.1779	0.0962	0.0709	2.0793	-0.0122	0.1329	2.0488	0.1827	0.6425	2.0059	-0.1762	0.5547	2.1113	0.1340	0.4703	2.0437	0.0650	-0.0251	2.1259	-0.0355	0.0192	2.1782	0.375	
6.067	0.0145	-0.0018	2.1795	0.0882	0.0610	2.0697	-0.0332	0.2634	1.9802	0.1828	0.6551	2.0090	-0.1771	0.5573	2.1077	0.1344	0.4716	2.0440	0.0641	-0.0255	2.1264	-0.0355	0.0219	2.1808	0.375	
6.100	0.0157	-0.0011	2.1799	0.0857	0.0602	2.0683	-0.0325	0.2661	1.9767	0.1823	0.6563	2.0095	-0.1787	0.5552	2.1091	0.1341	0.4713	2.0444	0.0642	-0.0255	2.1263	-0.0318	0.0243	2.1833	0.375	
6.167	-0.0022	0.0019	2.1713	0.1056	0.1432	2.0312	0.0512	0.2294	2.0023	0.1819	0.6543	2.0095	-0.1862	0.5773	2.1184	0.1339	0.4710	2.0446	0.0426	-0.0246	2.1136	-0.0474	0.0284	2.1766	0.375	
6.200	-0.0138	0.0121	2.1866	0.0755	0.0585	2.0581	0.0103	0.2121	2.0467	0.1790	0.6435	2.0079	-0.1815	0.5565	2.1107	0.1334	0.4707	2.0448	0.0324	-0.0151	2.1302	-0.0598	0.0391	2.1910	0.375	
6.267	-0.0224	0.0145	2.1864	0.0815	0.0611	2.0641	0.0131	0.2168	2.0328	0.1804	0.6560	2.0095	-0.1894	0.5791	2.1224	0.1272	0.4683	2.0420	0.0253	-0.0128	2.1318	-0.0701	0.0414	2.1885	0.375	
6.300	-0.0256	0.0151	2.1868	0.0804	0.0598	2.0624	0.0157	0.2164	2.0309	0.1778	0.6483	2.0081	-0.1833	0.5579	2.1129	0.1274	0.4687	2.0417	0.0213	-0.0125	2.1323	-0.0723	0.0423	2.1890	0.375	
6.367	-0.0299	0.0170	2.1895	0.1066	0.1486	2.0286	0.0694	0.2478	1.9754	0.1816	0.6820	2.0053	-0.1830	0.5569	2.1134	0.1293	0.4701	2.0418	0.0196	-0.0095	2.1393	-0.0788	0.0433	2.1879	0.375	
6.400	-0.0305	0.0169	2.1897	0.0827	0.0628	2.0695	0.0399	0.2125	2.0330	0.1825	0.6702	2.0080	-0.1881	0.5761	2.1217	0.1293	0.4701	2.0422	0.0187	-0.0098	2.1396	-0.0792	0.0434	2.1881	0.375	
6.467	-0.0159	0.0057	2.1662	0.1071	0.1455	2.0262	0.0055	0.2237	2.0214	0.1832	0.6643	2.0076	-0.1824	0.5560	2.1124	0.1303	0.4697	2.0427	0.0324	-0.0201	2.1136	-0.0636	0.0313	2.1664	0.375	
6.534	0.0026	0.0044	2.1727	0.0902	0.0674	2.0672	0.0020	0.2268	2.0198	0.1838	0.6502	2.0063	-0.1817	0.5573	2.1113	0.1354	0.4765	2.0424	0.0473	-0.0213	2.1155	-0.0411	0.0301	2.1791	0.375	
6.600	0.0045	0.0065	2.1773	0.1238	0.0901	2.0686	0.0927	0.2080	2.0291	0.1838	0.6465	2.0054	-0.1799	0.5563	2.1114	0.1326	0.4748	2.0407	0.0516	-0.0198	2.1187	-0.0419	0.0317	2.1831	0.375	
6.667	0.0184	-0.0010	2.1645	0.1350	0.0931	2.0604	-0.0227	0.2527	1.9783	0.1838	0.6451	2.0048	-0.1794	0.5584	2.1100	0.1352	0.4761	2.0411	0.0673	-0.0262	2.1045	-0.0307	0.0242	2.1723	0.375	
6.700	0.0112	-0.0032	2.1573	0.1347	0.0929	2.0587	-0.0219	0.2569	1.9777	0.1840	0.6441	2.0044	-0.1817	0.5734	2.1173	0.1356	0.4745	2.0418	0.0595	-0.0289	2.0977	-0.0372	0.0226	2.1646	0.375	
6.767	-0.0035	-0.0016	2.1584	0.1152	0.1450	2.0193	-0.0175	0.1609	1.9909	0.1844	0.6437	2.0042	-0.1730	0.5548	2.1127	0.1334	0.4702	2.0411	0.0460	-0.0265	2.1057	-0.0539	0.0217	2.1569	0.375	
6.800	-0.0067	0.0047	2.1704	0.1389	0.1009	2.0601	0.0240	0.1894	1.9809	0.1847	0.6523	2.0050	-0.1756	0.5600	2.1133	0.1334	0.4701	2.0410	0.0434	-0.0225	2.1155	-0.0574	0.0324	2.1740	0.375	
6.867	0.0085	-0.0097	2.1465	0.1354	0.0938	2.0522	0.0123	0.2330	2.0035	0.1855	0.6503	2.0047	-0.1636	0.5407	2.0982	0.1346	0.4690	2.0416	0.0606	-0.0356	2.0880	-0.0437	0.0160	2.1517	0.375	
6.934	0.0098	-0.0099	2.1463	0.1214	0.1485	2.0283	0.0109	0.2277	2.0135	0.1856	0.6475	2.0030	-0.1616	0.5386	2.0967	0.1390	0.4723	2.0388	0.0626	-0.0357	2.0881	-0.0429	0.0155	2.1513	0.375	
7.000	0.0104	-0.0104	2.1448	0.1218	0.1421	2.0457	0.0906	0.1953	2.0970	0.1865	0.6511	2.0038	-0.1629	0.5441	2.0978	0.1390	0.4707	2.0382	0.0634	-0.0359	2.0877	-0.0426	0.0151	2.1493	0.375	
7.067	0.0137	-0.0081	2.1441	0.1226	0.1453	2.0402	0.0845	0.1887	2.0943	0.1860	0.6449	2.0022	-0.1728	0.5635	2.1124	0.1312	0.4659	2.0345	0.0656	-0.0330	2.0846	-0.0380	0.0171	2.1503	0.375	
7.100	0.0438	-0.0082	2.1692	0.1285	0.0855	2.0829	0.0905	0.1812	2.0982	0.1861	0.6449	2.0024	-0.1727	0.5637	2.1127	0.1326	0.4655	2.0353	0.1026	-0.0299	2.1198	-0.0149	0.0145	2.1682	0.375	
7.167	0.0266	-0.0075	2.1641	0.1436	0.0874	2.0531	0.0133	0.2187	2.0291	0.1861	0.6447	2.0023	-0.1724	0.5641	2.1128	0.1345	0.4662	2.0358	0.0803	-0.0303	2.1117	-0.0282	0.0157	2.1646	0.375	
7.200	0.0173	-0.0075	2.1593	0.1244	0.1361	2.0190	0.0197	0.2546	1.9753	0.1861	0.6447	2.0023	-0.1722	0.5642	2.1128	0.1324	0.4658	2.0347	0.0706	-0.0315	2.1053	-0.0366	0.0167	2.1611	0.375	
7.267	0.0215	-0.0109	2.1531	0.1410	0.0826	2.0626	0.0119	0.2313	2.0086	0.1862	0.6446	2.0023	-0.1722	0.5641	2.1124	0.1303	0.4665	2.0341	0.0759	-0.0342	2.0994	-0.0332	0.0126	2.1549	0.375	
7.300	0.0214	-0.0110	2.1529	0.1234	0.1413	2.0221	-0.0190	0.1514	1.9805	0.1874	0.6490	2.0035	-0.1587	0.5356	2.0954	0.1327	0.4668	2.0346	0.0757	-0.0342	2.0990	-0.0334	0.0126	2.1547	0.375	
7.367	0.0178	-0.0108	2.1556	0.1205	0.1454	2.0260	-0.0216	0.1519	1.9811	0.1869	0.6516	2.0044	-0.1545	0.4679	2.0628	0.1397	0.4723	2.0383	0.0721	-0.0345	2.1025	-0.0369	0.0131	2.1566	0.375	
7.400	0.0172	-0.0109	2.1556	0.1204	0.1455	2.0248	-0.0210	0.1519	1.9846	0.1869	0.6556	2.0057	-0.1551	0.4681	2.0630	0.1402	0.4715	2.0388	0.0715	-0.0345	2.1029	-0.0375	0.0130	2.1564	0.375	
7.467	0.0158	-0.0110	2.1568	0.1377	0.0940	2.0673	0.1129	0.1093	2.0279	0.1885	0.6822	2.0031	-0.1723	0.5640	2.1141	0.1409	0.4727	2.0399	0.0698	-0.0348	2.1044	-0.0388	0.0131	2.1572	0.375	
7.500	0.0136	-0.0105	2.1571	0.1397	0.0931	2.0638	0.0297	0.2120	2.0330	0.1875	0.6765	2.0052	-0.1697	0.5577	2.1134	0.1416	0.4743	2.0407	0.0675	-0.0347	2.1040	-0.0410	0.0140	2.1584	0.375	
7.567	-0.0034	-0.0066	2.1590	0.1320	0.1000	2.0653	0.0091	0.2270	2.0196	0.1849	0.6482	2.0044	-0.1683	0.5547	2.1139	0.1403	0.4726	2.0427	0.0482	-0.0332	2.1052	-0.0551	0.0203	2.1613	0.375	
7.600	0.0002	-0.0051	2.1662	0.1143	0.1445	2.0315	-0.0398	0.2599	1.9812	0.1833	0.6339	2.0017	-0.1726	0.5622	2.1154	0.1400	0.4721	2.0433	0.0519	-0.0317	2.1132	-0.0515	0.0217	2.1674	0.375	
7.667	-0.0150	0.0047	2.1727	0.1118	0.1434	2.0301	-0.0051	0.2315	2.0181	0.1836	0.6418	2.0045	-0.1741	0.5641	2.1163	0.1417	0.4818	2.0386	0.0352	-0.0209	2.1207	-0.0637	0.0302	2.1725	0.375	
7.700	-0.0106	0.0042	2.1755	0.1114	0.1448	2.0300	0.0001	0.2258	2.0260	0.1835	0.6497	2.0063	-0.1754	0.5647	2.1169	0.1406	0.4810	2.0390	0.0389	-0.0211	2.1233	-0.0593	0.0292	2.1755	0.375	
7.767	-0.0171	0.0031	2.1686	0.1088	0.1458	2.0289	0.0233	0.2143	2.0311	0.1822	0.6451	2.0061	-0.1766	0.5648	2.1171	0.1415	0.4826	2.0395	0.0314	-0.0238	2.1133	-0.0653	0.0296	2.1712	0.375	
7.800	-0.0068	0.0017	2.1704	0.1073	0.1029	2.0383	0.0221	0.2154	2.0294	0.1817	0.6436	2.0060	-0.1756	0.5518	2.1100	0.1377	0.4790	2.0419	0.0384	-0.0247	2.1144	-0.0512	0.0277	2.1742	0.375	
7.867	0.0001	0.0000	2.1733	0.1049	0.1354	2.0210	0.0064	0.2228	2.0264	0.1814	0.6429	2.0061	-0.1764	0.5498	2.1094	0.1310	0.4733	2.0416	0.0496	-0.0257	2.1196	-0.0481	0.0259	2.1754	0.375	
7.900	-0.0027	0.0000	2.1704	0.1045	0.1417	2.0258	-0.0426	0.2255	2.0682	0.1809	0.6423	2.0061	-0.1768	0.5484	2.1085	0.1309	0.4731	2.0416	0.0437	-0.0266	2.1126	-0.0492	0.0262	2.1747	0.375	
7.967	-0.0355	0.0118	2.1861	0.1230	0.0804	2.0678	-0.0112	0.2028	1.9666	0.1820	0.6788	2.0053	-0.1360	0.4168	2.0475	0.1307	0.4722	2.0426	0.0095	-0.0119	2.1445	-0.0812	0.0360	2.1791	0.375	
8.000	-0.0282	0.0120	2.1869	0.1236	0.0827	2.0646	0.0262	0.2164	2.0213	0.1786	0.6445	2.0071	-0.1797	0.5564	2.0929	0.1310	0.4722	2.0427	0.0209	-0.0134	2.1388	-0.0739	0.0374	2.1842	0.375	
8.067	-0.0294	0.0128	2.1872	0.0985	0.0699	2.0762	0.0246	0.2137	2.0256	0.1783	0.6428	2.0071	-0.1858	0.5744	2.1190	0.1273	0.4699	2.0421	0.0189	-0.0136	2.1370	-0.0766	0.0399	2.1869	0.375	
8.100	-0.0146	-0.0002	2.1754	0.0742	0.0497	2.0507	0.0245	0.2134	2.0262	0.1782	0.6408	2.0066	-0.1825	0.5698	2.1156	0.1354	0.4801	2.0437	0.0392	-0.0265	2.1236	-0.0664	0.0258	2.1749	0.375	
8.167	-0.0151	-0.0007	2.1733	0.1060	0.1471	2.0289	0.0066	0.2299	2.0156	0.1787	0.6534	2.0088	-0.1780	0.5557	2.1064	0.1351	0.4756	2.0446	0.0379	-0.0267	2.1220	-0.0671	0.0251	2.1725	0.375	
8.200	-0.0134	-0.0038	2.1709	0.0843	0.0531	2.0618	-0.0433	0.2703	1.9646	0.1800	0.6553	2.0091	-0.1498	0.3968	2.0477	0.1348	0.4752	2.0445	0.0397	-0.0283	2.1210	-0.0658	0.0199	2.1680	0.375	
8.267	-0.0322	-0.0051	2.1524	0.0802	0.0570	2.0726	0.0221	0.2157	2.0272	0.1796	0.6496	2.0079	-0.1439	0.3934	2.0513	0.1343	0.4750	2.0439	0.0222	-0.0275	2.1113	-0.0863	0.0173	2.1405	0.375	
8.300	-0.0238	0.0019	2.1695	0.1114	0.1518	2.0277	-0.0062	0.2526	1.9851	0.1810	0.6753	2.0087	-0.1806	0.5682	2.1143	0.1342	0.4746	2.0444	0.0268	-0.0236	2.1197	-0.0725	0.0284	2.1711	0.375	
8.367	-0.0173	-0.0030	2.1591	0.0790	0.0528	2.0577	-0.0051	0.2338	2.0193	0.1835	0.6520	2.0054	-0.1816	0.5699	2.1168	0.1384	0.4782	2.0407	0.0352	-0.0283	2.1079	-0.0684	0.0223	2.1586	0.375	
8.400	-0.0029	-0.0051	2.1610	0.0953	0.0672	2.0736	-0.0193	0.2479	2.0074	0.1835	0.6486	2.0056	-0.1772	0.5544	2.1109	0.1380	0.4779	2.0416	0.0487	-0.0300	2.1075	-0.0541	0.0199	2.1628	0.375	
8.467	-0.0006	-0.0065	2.1582	0.1115	0.0818	2.0763	-0.0013	0.2315	2.0174	0.1838	0.6456	2.0049	-0.1720	0.5482	2.1063	0.1388	0.4778	2.0416	0.0534	-0.0307	2.1070	-0.0542	0.0181	2.1579	0.375	
8.500	-0.0118	-0.0003	2.1678	0.1114	0.0803	2.0788	-0.0023	0.2304	2.0204	0.1839	0.6451	2.0045	-0.1707	0.5479	2.1050	0.1440	0.4827	2.0393	0.0410	-0.0248	2.1198	-0.0642	0.0243	2.1644	0.375	
8.567	-0.0101	0.0018	2.1784	0.1159	0.1508	2.0263	0.1038	0.1248	2.0322	0.1845	0.6435	2.0041	-0.1712	0.5591	2.1091	0.1441	0.4787	2.0407	0.0447	-0.0197	2.1383	-0.0630	0.0257	2.1718	0.375	
8.600	-0.0126	0.0054	2.1811	0.1168	0.1516	2.0288	0.0100	0.2128	2.0467	0.1851	0.6519	2.0053	-0.1700	0.5579	2.1081	0.1443	0.4784	2.0406	0.0418	-0.0174	2.1393	-0.0651	0.0292	2.1742	0.375	
8.667	-0.0247	0.0060	2.1719	0.1222	0.1531	2.0210	0.0129	0.2349	2.0017	0.1865	0.6560	2.0058	-0.1624	0.5388	2.0981	0.1408	0.4720	2.0402	0.0255	-0.0185	2.1229	-0.0756	0.0311	2.1685	0.375	
8.700	-0.0265	0.0074	2.1731	0.1222	0.1524	2.0205	0.0838	0.2242	2.0962	0.1866	0.6530	2.0051	-0.1686	0.5576	2.1075	0.1408	0.4710	2.0405	0.0240	-0.0175	2.1243	-0.0771	0.0326	2.1695	0.375	
8.767	-0.0567	0.0066	2.1461	0.1204	0.1577	2.0192	0.0726	0.2239	2.0757	0.1866	0.6514	2.0047	-0.1605	0.5357	2.0965	0.1425	0.4723	2.0412	-0.0047	-0.0202	2.0987	-0.1074	0.0332	2.1415	0.375	
8.800	-0.0255	0.0134	2.1734	0.1214	0.1539	2.0193	-0.0002	0.2355	2.0135	0.1869	0.6522	2.0049	-0.1676	0.5576	2.1069	0.1444	0.4737	2.0398	0.0234	-0.0145	2.1201	-0.0734	0.0411	2.1754	0.375	
8.867	-0.0298	0.0129	2.1671	0.1233	0.1529	2.0164	0.0851	0.2369	2.0929	0.1879	0.6524	2.0047	-0.1668	0.5514	2.1126	0.1447	0.4725	2.0390	0.0188	-0.0152	2.1075	-0.0778	0.0406	2.1729	0.375	
8.900	-0.0240	0.0112	2.1672	0.1238	0.1514	2.0162	0.0862	0.2344	2.0929	0.1876	0.6489	2.0038	-0.1732	0.5633	2.1138	0.1400	0.4677	2.0395	0.0268	-0.0168	2.1072	-0.0738	0.0388	2.1739	0.375	
8.967	0.0159	-0.0079	2.1438	0.1245	0.1493	2.0195	0.0957	0.2087	2.0892	0.1875	0.6464	2.0029	-0.1729	0.5636	2.1137	0.1325	0.4649	2.0350	0.0706	-0.0325	2.0792	-0.0415	0.0178	2.1565	0.375	
9.000	0.0127	-0.0083	2.1406	0.1247	0.1490	2.0145	0.0956	0.2080	2.0890	0.1883	0.6514	2.0042	-0.1727	0.5643	2.1140	0.1294	0.4678	2.0315	0.0677	-0.0331	2.0758	-0.0439	0.0172	2.1537	0.375	
9.067	0.0127	-0.0102	2.1488	0.1216	0.1452	2.0244	0.0903	0.2006	2.0791	0.1880	0.6487	2.0036	-0.1727	0.5651	2.1143	0.1269	0.4679	2.0289	0.0671	-0.0342	2.0955	-0.0433	0.0147	2.1541	0.375	
9.100	0.0118	-0.0104	2.1470	0.1211	0.1478	2.0292	0.0900	0.2006	2.0807	0.1878	0.6485	2.0035	-0.1727	0.5650	2.1143	0.1248	0.4675	2.0285	0.0662	-0.0346	2.0939	-0.0442	0.0145	2.1503	0.375	
9.167	0.0113	-0.0111	2.1510	0.1201	0.1458	2.0152	0.0847	0.1959	2.0550	0.1874	0.6516	2.0047	-0.1725	0.5649	2.1139	0.1379	0.4762	2.0329	0.0657	-0.0346	2.1003	-0.0442	0.0134	2.1516	0.375	
9.200	0.0043	-0.0104	2.1498	0.1198	0.1462	2.0156	0.0900	0.2015	2.0949	0.1871	0.6510	2.0046	-0.1725	0.5638	2.1133	0.1404	0.4752	2.0372	0.0589	-0.0348	2.0988	-0.0507	0.0148	2.1500	0.375	
9.267	-0.0037	-0.0032	2.1636	0.1192	0.1462	2.0193	0.0838	0.2080	2.0928	0.1869	0.6477	2.0042	-0.1721	0.5611	2.1135	0.1388	0.4718	2.0391	0.0506	-0.0284	2.1135	-0.0574	0.0215	2.1607	0.375	
9.300	-0.0034	-0.0037	2.1638	0.1188	0.1456	2.0207	0.0839	0.2072	2.0916	0.1867	0.6459	2.0039	-0.1722	0.5611	2.1136	0.1403	0.4727	2.0402	0.0512	-0.0288	2.1143	-0.0571	0.0207	2.1605	0.375	
9.367	-0.0086	-0.0056	2.1605	0.1151	0.1190	2.0253	0.0200	0.2164	2.0291	0.1860	0.6434	2.0040	-0.1723	0.5607	2.1141	0.1425	0.4766	2.0416	0.0456	-0.0317	2.1095	-0.0627	0.0204	2.1590	0.375	
9.400	-0.0074	-0.0054	2.1616	0.1160	0.1437	2.0294	-0.0368	0.2549	1.9919	0.1856	0.6432	2.0042	-0.1726	0.5610	2.1148	0.1424	0.4766	2.0416	0.0464	-0.0314	2.1105	-0.0608	0.0204	2.1604	0.375	
9.467	0.0245	-0.0037	2.1755	0.1137	0.1429	2.0309	0.0039	0.2243	2.0252	0.1842	0.6420	2.0048	-0.1737	0.5618	2.1155	0.1360	0.4694	2.0434	0.0709	-0.0280	2.1194	-0.0220	0.0203	2.1803	0.375	
9.500	-0.0083	-0.0028	2.1662	0.1121	0.1005	2.0439	-0.0217	0.2569	1.9890	0.1837	0.6477	2.0063	-0.1746	0.5625	2.1158	0.1350	0.4685	2.0425	0.0428	-0.0283	2.1168	-0.0611	0.0232	2.1617	0.375	
9.567	-0.0087	-0.0016	2.1659	0.0753	-0.0333	2.0652	0.0212	0.2168	2.0344	0.1818	0.6790	2.0042	-0.1814	0.5739	2.1219	0.1388	0.4771	2.0434	0.0407	-0.0269	2.1124	-0.0599	0.0257	2.1661	0.375	
9.600	-0.0000	-0.0005	2.1688	0.0791	-0.0328	2.0604	0.0228	0.2149	2.0350	0.1774	0.6370	2.0081	-0.1830	0.5747	2.1225	0.1347	0.4726	2.0430	0.0466	-0.0259	2.1140	-0.0459	0.0259	2.1717	0.375	
9.667	0.0139	-0.0039	2.1754	0.0815	0.0559	2.0612	0.0233	0.2149	2.0315	0.1808	0.6512	2.0093	-0.1783	0.5643	2.1162	0.1338	0.4717	2.0434	0.0637	-0.0277	2.1259	-0.0350	0.0206	2.1741	0.375	
9.700	0.0136	-0.0037	2.1752	0.1032	0.1432	2.0305	0.0227	0.2142	2.0312	0.1811	0.6548	2.0100	-0.1788	0.5640	2.1166	0.1338	0.4715	2.0440	0.0629	-0.0275	2.1245	-0.0353	0.0209	2.1743	0.375	
9.767	0.0143	-0.0014	2.1733	0.0928	0.0622	2.0598	0.0272	0.2134	2.0303	0.1792	0.6523	2.0101	-0.1796	0.5638	2.1162	0.1331	0.4706	2.0446	0.0633	-0.0236	2.1167	-0.0346	0.0226	2.1754	0.375	
9.800	0.0109	-0.0004	2.1738	0.0947	0.0657	2.0691	0.0271	0.2132	2.0308	0.1792	0.6480	2.0090	-0.1940	0.5882	2.1316	0.1332	0.4712	2.0445	0.0573	-0.0239	2.1172	-0.0366	0.0241	2.1766	0.375	
9.867	-0.0145	0.0010	2.1645	0.0970	0.0699	2.0745	-0.0257	0.2524	2.0038	0.1783	0.6438	2.0081	-0.1855	0.5775	2.1165	0.1320	0.4701	2.0452	0.0363	-0.0245	2.1117	-0.0648	0.0269	2.1652	0.375	
9.900	-0.0234	0.0007	2.1585	0.0951	0.0692	2.0735	-0.0067	0.2359	2.0100	0.1783	0.6431	2.0081	-0.1801	0.5554	2.1088	0.1317	0.4694	2.0456	0.0268	-0.0247	2.1056	-0.0729	0.0264	2.1594	0.375	
9.967	-0.0287	0.0104	2.1786	0.0946	0.0630	2.0713	0.0194	0.2217	2.0232	0.1836	0.6785	2.0026	-0.1826	0.5565	2.1121	0.1322	0.4697	2.0461	0.0194	-0.0163	2.1275	-0.0762	0.0370	2.1780	0.375	
10.000	-0.0334	0.0123	2.1789	0.0774	0.0548	2.0595	0.0180	0.2209	2.0256	0.1807	0.6391	2.0061	-0.1888	0.5786	2.1223	0.1325	0.4697	2.0464	0.0143	-0.0146	2.1280	-0.0803	0.0390	2.1781	0.375	
10.067	-0.0385	0.0135	2.1774	0.0719	0.0543	2.0612	0.0168	0.2180	2.0275	0.1816	0.6389	2.0032	-0.1877	0.5761	2.1206	0.1351	0.4746	2.0423	0.0094	-0.0142	2.1268	-0.0851	0.0410	2.1764	0.375	
10.100	-0.0304	0.0053	2.1596	0.0748	0.0551	2.0543	0.0141	0.2179	2.0288	0.1816	0.6389	2.0034	-0.1798	0.5501	2.1087	0.1345	0.4746	2.0424	0.0203	-0.0231	2.1000	-0.0797	0.0337	2.1653	0.375	
10.167	-0.0144	0.0033	2.1606	0.0766	0.0555	2.0496	-0.0133	0.2581	1.9701	0.1838	0.6529	2.0071	-0.1787	0.5501	2.1100	0.1333	0.4739	2.0413	0.0338	-0.0230	2.1039	-0.0612	0.0289	2.1642	0.375	
10.200	-0.0153	0.0025	2.1564	0.1110	0.1475	2.0246	0.1015	0.1289	2.0304	0.1837	0.6487	2.0065	-0.1631	0.5322	2.1122	0.1345	0.4757	2.0406	0.0335	-0.0235	2.1020	-0.0633	0.0280	2.1576	0.375	
10.267	-0.0129	0.0003	2.1558	0.1085	0.0815	2.0668	-0.0200	0.2540	1.9822	0.1843	0.6450	2.0052	-0.1774	0.5620	2.1164	0.1360	0.4757	2.0405	0.0354	-0.0254	2.1005	-0.0604	0.0257	2.1588	0.375	
10.300	-0.0123	0.0003	2.1558	0.1131	0.1471	2.0223	-0.0162	0.2615	1.9864	0.1846	0.6438	2.0049	-0.1766	0.5612	2.1163	0.1376	0.4755	2.0415	0.0361	-0.0254	2.1003	-0.0600	0.0257	2.1588	0.375	
10.367	-0.0133	0.0116	2.1715	0.1140	0.1492	2.0270	0.0229	0.2167	2.0252	0.1852	0.6527	2.0057	-0.1758	0.5610	2.1162	0.1367	0.4730	2.0415	0.0332	-0.0163	2.1179	-0.0591	0.0414	2.1764	0.375	
10.400	-0.0145	0.0123	2.1713	0.0815	0.0606	2.0593	0.0225	0.2166	2.0254	0.1855	0.6509	2.0054	-0.1738	0.5452	2.1102	0.1363	0.4721	2.0414	0.0306	-0.0149	2.1162	-0.0595	0.0415	2.1764	0.375	
10.467	0.0441	-0.0065	2.1548	0.0939	0.0642	2.0540	0.0096	0.2255	2.0184	0.1872	0.6546	2.0051	-0.1749	0.5538	2.1099	0.1382	0.4713	2.0406	0.0878	-0.0295	2.0964	-0.0013	0.0163	2.1613	0.375	
10.500	0.0462	-0.0071	2.1553	0.1195	0.1469	2.0296	0.0425	0.1412	2.0496	0.1877	0.6576	2.0061	-0.1713	0.5459	2.1072	0.1394	0.4712	2.0403	0.0909	-0.0301	2.0972	0.0001	0.0159	2.1616	0.375	
10.567	0.0195	-0.0074	2.1483	0.0985	0.0569	2.0500	0.0138	0.2214	2.0349	0.1869	0.6527	2.0045	-0.1739	0.5641	2.1152	0.1392	0.4711	2.0403	0.0674	-0.0322	2.0914	-0.0292	0.0176	2.1532	0.375	
10.600	0.0165	-0.0060	2.1455	0.1203	0.1466	2.0255	0.1115	0.1078	2.0327	0.1871	0.6555	2.0049	-0.1737	0.5645	2.1151	0.1392	0.4712	2.0401	0.0627	-0.0305	2.0870	-0.0307	0.0186	2.1517	0.375	
10.667	0.0379	-0.0030	2.1553	0.0968	0.0590	2.0434	0.1205	0.1099	2.0342	0.1864	0.6499	2.0036	-0.1734	0.5645	2.1147	0.1314	0.4652	2.0346	0.0802	-0.0287	2.0941	-0.0038	0.0233	2.1684	0.375	
10.734	0.0155	-0.0027	2.1483	0.0938	0.0571	2.0460	0.1116	0.1175	2.0267	0.1860	0.6461	2.0028	-0.1730	0.5644	2.1143	0.1332	0.4647	2.0352	0.0633	-0.0281	2.0903	-0.0351	0.0228	2.1539	0.375	
10.767	0.0160	-0.0036	2.1472	0.1231	0.1496	2.0219	0.0992	0.2117	2.0213	0.1862	0.6460	2.0028	-0.1729	0.5645	2.1141	0.1353	0.4643	2.0372	0.0636	-0.0292	2.0885	-0.0340	0.0218	2.1534	0.375	
10.834	0.0146	-0.0036	2.1481	0.1256	0.0813	2.0155	0.1160	0.1180	2.0265	0.1863	0.6450	2.0026	-0.1728	0.5637	2.1141	0.1371	0.4703	2.0369	0.0622	-0.0292	2.0896	-0.0345	0.0219	2.1541	0.375	
10.867	0.0273	-0.0063	2.1530	0.1261	0.0809	2.0158	0.1170	0.1118	2.0277	0.1861	0.6443	2.0024	-0.1727	0.5635	2.1139	0.1365	0.4711	2.0371	0.0814	-0.0308	2.0960	-0.0261	0.0185	2.1582	0.375	
10.934	0.0260	-0.0089	2.1545	0.1262	0.0808	2.0165	0.1144	0.1080	2.0271	0.1861	0.6443	2.0025	-0.1577	0.5320	2.1104	0.1361	0.4679	2.0382	0.0813	-0.0326	2.1008	-0.0294	0.0149	2.1568	0.375	
10.967	0.0246	-0.0090	2.1564	0.0973	-0.0354	2.0475	0.0153	0.2179	2.0349	0.1860	0.6441	2.0025	-0.1677	0.5536	2.1132	0.1293	0.4665	2.0350	0.0795	-0.0325	2.1036	-0.0305	0.0147	2.1579	0.375	
11.034	0.0107	-0.0085	2.1557	0.0954	-0.0392	2.0448	0.0829	0.2132	2.0271	0.1881	0.6817	2.0015	-0.1659	0.5494	2.1128	0.1337	0.4691	2.0363	0.0645	-0.0321	2.1047	-0.0437	0.0153	2.1550	0.375	
11.067	-0.0221	0.0073	2.1755	0.0851	-0.0398	2.0503	0.0181	0.2168	2.0330	0.1865	0.6866	1.9647	-0.1725	0.5622	2.1144	0.1377	0.4714	2.0391	0.0288	-0.0195	2.1260	-0.0725	0.0337	2.1731	0.375	
11.134	-0.0197	0.0027	2.1689	0.0859	-0.0398	2.0505	0.0027	0.2528	1.9793	0.1855	0.6824	1.9858	-0.1724	0.5613	2.1149	0.1407	0.4735	2.0397	0.0322	-0.0227	2.1190	-0.0709	0.0272	2.1662	0.375	
11.167	-0.0155	0.0004	2.1679	0.1226	0.0688	2.0266	0.0018	0.2533	1.9795	0.1852	0.6817	1.9861	-0.1727	0.5614	2.1154	0.1412	0.4735	2.0411	0.0372	-0.0246	2.1174	-0.0677	0.0249	2.1659	0.375	
11.234	-0.0241	0.0007	2.1555	0.1113	0.1430	2.0291	0.0240	0.2170	2.0330	0.1864	0.6828	1.9830	-0.1729	0.5612	2.1159	0.1391	0.4725	2.0413	0.0275	-0.0242	2.1052	-0.0753	0.0255	2.1535	0.375	
11.267	0.0075	-0.0056	2.1680	0.1111	0.1434	2.0329	-0.0191	0.1297	2.0440	0.1859	0.6815	1.9877	-0.1738	0.5623	2.1165	0.1383	0.4717	2.0420	0.0562	-0.0286	2.1139	-0.0410	0.0173	2.1707	0.375	
11.334	0.0044	-0.0046	2.1678	0.1135	0.0945	2.0316	0.0212	0.2170	2.0291	0.1857	0.6813	1.9900	-0.1765	0.5652	2.1177	0.1346	0.4689	2.0431	0.0532	-0.0283	2.1139	-0.0446	0.0193	2.1700	0.375	
11.400	-0.0388	0.0146	2.1878	0.0652	-0.0193	2.0838	0.0987	0.1416	2.0397	0.1862	0.6809	1.9887	-0.1776	0.5654	2.1180	0.1342	0.4691	2.0429	0.0086	-0.0118	2.1383	-0.0851	0.0399	2.1848	0.375	
11.434	-0.0384	0.0140	2.1883	0.0834	0.0590	2.0775	0.0456	0.2151	2.0252	0.1790	0.6810	1.9876	-0.1778	0.5654	2.1180	0.1343	0.4689	2.0435	0.0099	-0.0125	2.1403	-0.0850	0.0394	2.1848	0.375	
11.467	-0.0385	0.0140	2.1883	0.0820	0.0611	2.0801	0.0004	0.2293	2.0166	0.1785	0.6794	1.9884	-0.1781	0.5653	2.1181	0.1339	0.4680	2.0442	0.0096	-0.0126	2.1398	-0.0853	0.0396	2.1849	0.375	
11.534	-0.0269	0.0014	2.1693	0.0950	0.0739	2.0768	-0.0200	0.2398	2.0079	0.1831	0.6791	1.9872	-0.1796	0.5658	2.1175	0.1383	0.4758	2.0434	0.0235	-0.0221	2.1193	-0.0768	0.0240	2.1658	0.375	
11.600	-0.0104	-0.0033	2.1718	0.1044	0.1437	2.0307	-0.0410	0.1468	2.0082	0.1764	0.6795	1.9920	-0.1799	0.5653	2.1179	0.1230	0.4671	2.0409	0.0438	-0.0266	2.1224	-0.0632	0.0199	2.1694	0.375	
11.634	-0.0002	-0.0051	2.1756	0.0807	0.0541	2.0632	-0.0018	0.2313	2.0183	0.1766	0.6798	1.9921	-0.1850	0.5761	2.1244	0.1196	0.4675	2.0392	0.0549	-0.0275	2.1261	-0.0549	0.0176	2.1729	0.375	
11.700	-0.0066	-0.0063	2.1702	0.1043	0.1433	2.0309	0.0176	0.2151	2.0288	0.1780	0.6796	1.9903	-0.1806	0.5653	2.1179	0.1164	0.4674	2.0364	0.0484	-0.0289	2.1212	-0.0615	0.0164	2.1669	0.375	
11.767	-0.0173	0.0021	2.1837	0.1081	0.0773	2.0826	0.0202	0.2157	2.0266	0.1836	0.6787	1.9924	-0.1809	0.5653	2.1175	0.1136	0.4676	2.0347	0.0348	-0.0200	2.1386	-0.0693	0.0242	2.1775	0.375	
11.800	-0.0251	0.0041	2.1889	0.0759	0.0545	2.0725	0.0056	0.2259	2.0170	0.1833	0.6785	1.9921	-0.1808	0.5645	2.1170	0.1134	0.4675	2.0346	0.0272	-0.0166	2.1468	-0.0772	0.0249	2.1800	0.375	
11.867	-0.0202	-0.0101	2.1630	0.0751	0.0467	2.0581	0.0119	0.2210	2.0240	0.1824	0.6789	1.9901	-0.1807	0.5646	2.1170	0.1123	0.4672	2.0337	0.0352	-0.0319	2.1194	-0.0749	0.0114	2.1538	0.375	
11.934	-0.0591	0.0106	2.1501	0.1071	0.1432	2.0317	0.0295	0.2001	2.0291	0.1866	0.6779	1.9903	-0.1802	0.5642	2.1176	0.1141	0.4693	2.0343	-0.0099	-0.0172	2.0962	-0.1070	0.0380	2.1530	0.375	
12.000	-0.0128	0.0003	2.1713	0.1123	0.1480	2.0281	0.0856	0.1074	2.0420	0.1893	0.6775	1.9872	-0.1829	0.5708	2.1230	0.1150	0.4684	2.0338	0.0390	-0.0258	2.1184	-0.0647	0.0264	2.1718	0.375	
12.034	-0.0079	-0.0010	2.1699	0.1131	0.1499	2.0328	0.1032	0.1176	2.0440	0.1882	0.6778	1.9851	-0.1823	0.5711	2.1226	0.1150	0.4685	2.0332	0.0436	-0.0267	2.1168	-0.0593	0.0246	2.1709	0.375	
12.100	-0.0057	-0.0077	2.1548	0.0806	0.0513	2.0601	0.1061	0.1131	2.0356	0.1849	0.6780	1.9838	-0.1770	0.5623	2.1178	0.1172	0.4691	2.0328	0.0449	-0.0328	2.1057	-0.0558	0.0175	2.1517	0.375	
12.134	-0.0234	0.0079	2.1652	0.0858	-0.0356	2.0530	0.0615	0.0981	2.0297	0.1846	0.6778	1.9847	-0.1761	0.5612	2.1171	0.1170	0.4691	2.0319	0.0213	-0.0155	2.1222	-0.0688	0.0315	2.1575	0.375	
12.200	-0.0217	0.0106	2.1736	0.1186	0.1503	2.0241	0.0625	0.1056	2.0313	0.1872	0.6779	1.9869	-0.1752	0.5613	2.1164	0.0944	0.4630	2.0176	0.0240	-0.0154	2.1242	-0.0688	0.0382	2.1750	0.375	
12.234	-0.0245	0.0108	2.1723	0.1186	0.1503	2.0240	0.0610	0.1052	2.0328	0.1882	0.6785	1.9838	-0.1628	0.5376	2.0993	0.0940	0.4629	2.0169	0.0228	-0.0156	2.1229	-0.0733	0.0384	2.1724	0.375	
12.267	-0.0220	0.0098	2.1717	0.1178	0.1497	2.0248	0.0609	0.1021	2.0337	0.1884	0.6795	1.9840	-0.1694	0.5594	2.1106	0.0940	0.4632	2.0168	0.0280	-0.0181	2.1198	-0.0716	0.0379	2.1726	0.375	
12.334	-0.0385	0.0099	2.1621	0.1187	0.1495	2.0227	0.0496	0.1923	2.0251	0.1832	0.6806	1.9878	-0.1741	0.5642	2.1164	0.0940	0.4627	2.0159	0.0121	-0.0173	2.1131	-0.0885	0.0369	2.1590	0.375	
12.400	-0.0399	0.0082	2.1626	0.1240	0.1520	2.0253	0.0488	0.1968	2.0181	0.1845	0.6816	1.9826	-0.1737	0.5648	2.1161	0.0942	0.4624	2.0153	0.0125	-0.0178	2.1181	-0.0945	0.0333	2.1521	0.375	
12.434	-0.0303	0.0100	2.1707	0.1241	0.1521	2.0253	0.0482	0.1999	2.0137	0.1884	0.6813	1.9857	-0.1729	0.5637	2.1154	0.0941	0.4624	2.0151	0.0193	-0.0162	2.1231	-0.0778	0.0359	2.1680	0.375	
12.500	-0.0310	0.0110	2.1752	0.0685	0.0540	2.0544	0.0474	0.1936	2.0296	0.1902	0.6815	1.9840	-0.1729	0.5639	2.1151	0.0921	0.4616	2.0128	0.0165	-0.0145	2.1255	-0.0768	0.0357	2.1750	0.375	
12.567	-0.0447	0.0107	2.1560	0.1208	0.1585	2.0171	0.0476	0.1918	2.0348	0.1847	0.6815	1.9919	-0.1728	0.5642	2.1151	0.0927	0.4612	2.0128	0.0014	-0.0160	2.1014	-0.0902	0.0370	2.1583	0.375	
12.600	-0.0481	0.0106	2.1528	0.1210	0.1579	2.0165	0.0485	0.1916	2.0358	0.1878	0.6822	1.9839	-0.1725	0.5639	2.1144	0.0927	0.4604	2.0126	-0.0000	-0.0167	2.0994	-0.0961	0.0380	2.1535	0.375	
12.667	-0.0246	0.0115	2.1777	0.1200	0.1462	2.0289	0.0485	0.1903	2.0350	0.1869	0.6828	1.9785	-0.1725	0.5645	2.1146	0.0927	0.4596	2.0118	0.0288	-0.0150	2.1305	-0.0763	0.0380	2.1744	0.375	
12.700	0.0158	-0.0058	2.1682	0.1203	0.1467	2.0295	0.0469	0.1924	2.0315	0.1861	0.6826	1.9820	-0.1725	0.5645	2.1147	0.0930	0.4599	2.0118	0.0706	-0.0297	2.1181	-0.0395	0.0186	2.1664	0.375	
12.767	0.0041	-0.0101	2.1511	0.1193	0.1477	2.0329	0.0454	0.1939	2.0197	0.1903	0.6818	1.9828	-0.1724	0.5634	2.1142	0.0927	0.4587	2.0121	0.0582	-0.0344	2.1002	-0.0507	0.0142	2.1494	0.375	
12.800	0.0043	-0.0103	2.1510	0.1193	0.1475	2.0322	0.1032	0.1080	2.0202	0.1906	0.6805	1.9848	-0.1724	0.5630	2.1144	0.0929	0.4583	2.0138	0.0583	-0.0346	2.1001	-0.0504	0.0140	2.1493	0.375	
12.834	0.0090	-0.0085	2.1567	0.1162	0.1443	2.0307	0.1119	0.1111	2.0342	0.1903	0.6800	1.9847	-0.1724	0.5626	2.1145	0.0928	0.4590	2.0136	0.0617	-0.0332	2.1040	-0.0437	0.0163	2.1578	0.375	
12.900	0.0085	-0.0091	2.1572	0.0999	-0.0436	2.0446	0.1119	0.1098	2.0360	0.1820	0.6798	1.9865	-0.1705	0.5587	2.1144	0.0914	0.4604	2.0134	0.0617	-0.0335	2.1081	-0.0454	0.0148	2.1548	0.375	
12.934	0.0154	-0.0099	2.1594	0.1009	-0.0413	2.0456	0.1145	0.1076	2.0366	0.1824	0.6805	1.9867	-0.1724	0.5619	2.1151	0.0917	0.4610	2.0139	0.0695	-0.0327	2.1120	-0.0387	0.0127	2.1556	0.375	
13.000	0.0156	-0.0083	2.1617	0.1087	0.1479	2.0535	0.1150	0.1128	2.0397	0.1891	0.6798	1.9830	-0.1728	0.5607	2.1152	0.0893	0.4606	2.0141	0.0682	-0.0317	2.1119	-0.0353	0.0181	2.1652	0.375	
13.034	0.0091	-0.0047	2.1654	0.1121	0.1476	2.0494	0.1127	0.1163	2.0399	0.1867	0.6797	1.9884	-0.1735	0.5618	2.1157	0.0891	0.4608	2.0146	0.0603	-0.0280	2.1154	-0.0407	0.0202	2.1668	0.375	
13.100	-0.0026	-0.0093	2.1600	0.0812	0.0474	2.0489	0.1063	0.1129	2.0370	0.1882	0.6790	1.9853	-0.1747	0.5628	2.1165	0.0880	0.4601	2.0158	0.0503	-0.0324	2.1108	-0.0577	0.0155	2.1560	0.375	
13.134	-0.0025	-0.0089	2.1612	0.1166	0.0711	2.0389	0.1047	0.1113	2.0399	0.1810	0.6785	1.9895	-0.1752	0.5629	2.1164	0.0904	0.4632	2.0192	0.0501	-0.0324	2.1113	-0.0565	0.0164	2.1588	0.375	
13.200	-0.0241	0.0017	2.1831	0.0744	-0.0368	2.0728	0.0599	0.0900	2.0320	0.1832	0.6782	1.9891	-0.1767	0.5645	2.1174	0.0873	0.4630	2.0193	0.0256	-0.0157	2.1510	-0.0736	0.0215	2.1687	0.375	
13.267	-0.0242	-0.0049	2.1700	0.1161	0.0673	2.0293	0.0540	0.1897	2.0232	0.1815	0.6793	1.9911	-0.1780	0.5652	2.1175	0.0860	0.4624	2.0183	0.0342	-0.0336	2.1139	-0.0787	0.0195	2.1647	0.375	
13.334	-0.0350	-0.0013	2.1632	0.0684	-0.0418	2.0542	0.0582	0.0991	2.0259	0.1806	0.6472	2.0100	-0.1792	0.5656	2.1174	0.0856	0.4625	2.0186	0.0155	-0.0287	2.1055	-0.0859	0.0243	2.1640	0.375	
13.400	-0.0294	0.0058	2.1788	0.0712	-0.0359	2.0618	0.0388	0.1942	2.0253	0.1799	0.6426	2.0086	-0.1794	0.5673	2.1157	0.0855	0.4626	2.0188	0.0218	-0.0190	2.1296	-0.0799	0.0305	2.1767	0.375	
13.434	-0.0167	-0.0028	2.1730	0.0748	-0.0275	2.0812	0.0541	0.0871	2.0290	0.1797	0.6422	2.0084	-0.1783	0.5653	2.1140	0.0853	0.4625	2.0185	0.0378	-0.0265	2.1246	-0.0700	0.0207	2.1695	0.375	
13.500	0.0017	-0.0078	2.1760	0.1172	0.0499	2.0350	0.0763	0.0878	2.0390	0.1794	0.6409	2.0078	-0.1806	0.5662	2.1166	0.1076	0.4675	2.0304	0.0572	-0.0299	2.1281	-0.0536	0.0146	2.1719	0.375	
13.534	0.0008	-0.0065	2.1763	0.1172	0.0499	2.0349	0.0653	0.0902	2.0142	0.1795	0.6409	2.0078	-0.1807	0.5663	2.1166	0.1215	0.4658	2.0384	0.0556	-0.0283	2.1290	-0.0542	0.0155	2.1718	0.375	
13.600	0.0041	-0.0066	2.1793	0.1124	0.1073	2.0360	0.0618	0.0815	2.0280	0.1798	0.6727	2.0086	-0.1810	0.5666	2.1166	0.1286	0.4661	2.0428	0.0597	-0.0279	2.1338	-0.0515	0.0151	2.1736	0.375	
13.667	0.0079	-0.0071	2.1772	0.1135	0.1067	2.0364	0.0710	0.0808	2.0390	0.1886	0.6779	1.9838	-0.1811	0.5669	2.1167	0.1356	0.4796	2.0411	0.0637	-0.0276	2.1301	-0.0479	0.0140	2.1723	0.375	
13.700	0.0110	-0.0059	2.1740	0.1138	0.1586	2.0193	0.0669	0.0830	2.0266	0.1871	0.6783	1.9819	-0.1771	0.5564	2.1085	0.1385	0.4826	2.0417	0.0652	-0.0277	2.1216	-0.0421	0.0167	2.1721	0.375	
13.767	0.0076	-0.0037	2.1701	0.0845	0.0552	2.0571	0.0309	0.2229	1.9753	0.1858	0.6787	1.9838	-0.1640	0.5344	2.1139	0.1363	0.4761	2.0424	0.0570	-0.0268	2.1145	-0.0423	0.0206	2.1721	0.375	
13.834	-0.0017	-0.0038	2.1590	0.0853	0.0535	2.0534	0.1097	0.1214	2.0375	0.1857	0.6784	1.9846	-0.1779	0.5633	2.1170	0.1412	0.4790	2.0409	0.0483	-0.0288	2.1017	-0.0513	0.0217	2.1636	0.382	
13.867	-0.0012	-0.0038	2.1597	0.1136	0.1532	2.0224	0.0695	0.0999	2.0059	0.1832	0.6782	1.9843	-0.1774	0.5630	2.1168	0.1449	0.4823	2.0414	0.0492	-0.0290	2.1030	-0.0512	0.0217	2.1640	0.385	
13.934	-0.0174	0.0099	2.1763	0.1170	0.1471	2.0266	0.0652	0.1073	2.0282	0.1841	0.6792	1.9801	-0.1757	0.5608	2.1152	0.1434	0.4793	2.0411	0.0308	-0.0170	2.1232	-0.0653	0.0369	2.1779	0.392	
13.967	-0.0176	0.0155	2.1852	0.1169	0.1460	2.0264	0.0672	0.1134	2.0329	0.1874	0.6781	1.9864	-0.1755	0.5606	2.1149	0.1315	0.4696	2.0373	0.0296	-0.0133	2.1296	-0.0641	0.0442	2.1893	0.395	
14.034	0.0154	-0.0047	2.1564	0.1262	0.1643	2.0096	0.0765	0.0848	2.0242	0.1875	0.6785	1.9870	-0.1749	0.5603	2.1149	0.1366	0.4706	2.0392	0.0626	-0.0289	2.1047	-0.0315	0.0195	2.1567	0.402	
14.067	0.0156	-0.0045	2.1563	0.1282	0.1650	2.0077	0.0773	0.0856	2.0252	0.1864	0.6800	1.9801	-0.1702	0.5455	2.1056	0.1368	0.4705	2.0392	0.0627	-0.0288	2.1028	-0.0310	0.0202	2.1574	0.405	
14.134	0.0156	-0.0039	2.1539	0.1271	0.1580	2.0144	0.0514	0.1925	2.0212	0.1889	0.6800	1.9847	-0.1556	0.4691	2.0667	0.1389	0.4681	2.0397	0.0618	-0.0285	2.0973	-0.0301	0.0209	2.1573	0.412	
14.167	0.0143	-0.0036	2.1522	0.1251	0.1548	2.0164	0.0502	0.1895	2.0258	0.1890	0.6797	1.9880	-0.1739	0.5621	2.1151	0.1386	0.4679	2.0400	0.0600	-0.0284	2.0950	-0.0312	0.0212	2.1565	0.415	
14.234	0.0190	-0.0054	2.1542	0.1200	0.1490	2.0370	0.0749	0.0798	2.0308	0.1821	0.6811	1.9893	-0.1537	0.4623	2.0587	0.1375	0.4658	2.0395	0.0689	-0.0302	2.0987	-0.0304	0.0192	2.1579	0.422	
14.267	0.0132	-0.0088	2.1454	0.1205	0.1491	2.0357	0.0498	0.1892	2.0277	0.1924	0.6799	1.9877	-0.1732	0.5623	2.1147	0.1393	0.4670	2.0404	0.0657	-0.0330	2.0918	-0.0398	0.0151	2.1467	0.425	
14.334	0.0179	-0.0115	2.1492	0.1216	0.1482	2.0324	0.0505	0.1887	2.0295	0.1904	0.6807	1.9869	-0.1729	0.5629	2.1146	0.1386	0.4664	2.0405	0.0716	-0.0357	2.0962	-0.0364	0.0127	2.1501	0.432	
14.367	0.0307	-0.0074	2.1637	0.1215	0.1465	2.0276	0.0504	0.1889	2.0297	0.1904	0.6810	1.9864	-0.1728	0.5628	2.1144	0.1386	0.4664	2.0405	0.0851	-0.0305	2.1119	-0.0243	0.0158	2.1637	0.435	
14.434	0.0304	-0.0084	2.1635	0.1204	0.1534	2.0250	0.0473	0.1925	2.0272	0.1911	0.6810	1.9874	-0.1685	0.5566	2.1137	0.1332	0.4651	2.0387	0.0850	-0.0311	2.1127	-0.0253	0.0134	2.1609	0.442	
14.467	0.0101	-0.0075	2.1452	0.1199	0.1557	2.0259	0.0479	0.1973	2.0170	0.1876	0.6813	1.9876	-0.1726	0.5643	2.1146	0.1343	0.4651	2.0401	0.0543	-0.0330	2.0847	-0.0365	0.0165	2.1513	0.445	
14.534	0.0196	-0.0067	2.1533	0.0918	0.0543	2.0529	0.0479	0.1922	2.0250	0.1890	0.6812	1.9767	-0.1726	0.5642	2.1148	0.1366	0.4645	2.0413	0.0675	-0.0331	2.0952	-0.0276	0.0192	2.1600	0.452	
14.567	0.0185	-0.0075	2.1535	0.0919	0.0527	2.0513	0.0500	0.1916	2.0264	0.1895	0.6814	1.9773	-0.1725	0.5636	2.1149	0.1378	0.4659	2.0423	0.0675	-0.0335	2.0963	-0.0320	0.0173	2.1582	0.455	
14.634	0.0264	-0.0056	2.1628	0.1203	0.1581	2.0224	0.0489	0.1943	2.0163	0.1909	0.6808	1.9819	-0.1726	0.5634	2.1150	0.1375	0.4654	2.0430	0.0755	-0.0305	2.1081	-0.0229	0.0189	2.1658	0.462	
14.667	0.0037	-0.0017	2.1495	0.1194	0.1585	2.0228	0.0501	0.1911	2.0215	0.1907	0.6807	1.9821	-0.1725	0.5621	2.1155	0.1379	0.4659	2.0431	0.0479	-0.0294	2.0894	-0.0417	0.0254	2.1566	0.465	
14.734	0.0198	0.0001	2.1684	0.1181	0.1561	2.0228	0.0492	0.1930	2.0187	0.1911	0.6815	1.9836	-0.1726	0.5619	2.1156	0.1382	0.4680	2.0420	0.0708	-0.0251	2.1162	-0.0313	0.0255	2.1701	0.472	
14.767	0.0181	0.0007	2.1662	0.1107	0.1295	2.0682	0.0491	0.1933	2.0187	0.1909	0.6817	1.9836	-0.1727	0.5618	2.1157	0.1377	0.4681	2.0424	0.0661	-0.0247	2.1101	-0.0316	0.0260	2.1696	0.475	
14.834	0.0157	-0.0009	2.1654	0.0884	0.0577	2.0541	0.0440	0.2000	2.0157	0.1880	0.6809	1.9854	-0.1731	0.5612	2.1163	0.1341	0.4681	2.0411	0.0634	-0.0262	2.1089	-0.0332	0.0246	2.1693	0.482	
14.867	0.0134	-0.0012	2.1652	0.0870	0.0555	2.0512	0.0434	0.1994	2.0160	0.1845	0.6817	1.9819	-0.1739	0.5617	2.1159	0.1344	0.4683	2.0418	0.0609	-0.0267	2.1090	-0.0349	0.0244	2.1690	0.485	
14.934	0.0118	-0.0013	2.1657	0.0850	0.0555	2.0538	0.0845	0.0949	2.0393	0.1798	0.6807	1.9928	-0.1752	0.5615	2.1165	0.1342	0.4692	2.0417	0.0581	-0.0271	2.1098	-0.0356	0.0244	2.1695	0.492	
14.967	0.0116	-0.0009	2.1675	0.0915	0.0568	2.0572	0.0521	0.1913	2.0242	0.1797	0.6798	1.9929	-0.1862	0.5797	2.1260	0.1339	0.4689	2.0424	0.0579	-0.0270	2.1114	-0.0356	0.0252	2.1716	0.495	
15.034	0.0026	-0.0003	2.1670	0.1089	0.1460	2.0289	0.0627	0.0880	2.0307	0.1789	0.6787	1.9920	-0.1827	0.5727	2.1204	0.1335	0.4690	2.0427	0.0485	-0.0260	2.1113	-0.0437	0.0255	2.1710	0.502	
15.067	0.0069	0.0002	2.1685	0.0949	0.0686	2.0747	0.0674	0.0880	2.0334	0.1872	0.6776	1.9864	-0.2028	0.6285	2.1196	0.1385	0.4787	2.0420	0.0495	-0.0258	2.1114	-0.0335	0.0265	2.1753	0.505	
15.134	0.0069	0.0014	2.1679	0.1134	0.0844	2.0702	0.0678	0.0909	2.0312	0.1776	0.6772	1.9973	-0.1740	0.5402	2.1034	0.1355	0.4727	2.0451	0.0486	-0.0246	2.1080	-0.0336	0.0280	2.1757	0.512	
15.167	-0.0293	0.0208	2.1869	0.1055	0.0837	2.0766	0.0519	0.1181	2.0311	0.1843	0.6775	1.9891	-0.1839	0.5674	2.1163	0.1344	0.4721	2.0462	0.0166	-0.0109	2.1229	-0.0742	0.0523	2.1992	0.515	
15.234	-0.0228	0.0104	2.1743	0.1049	0.1423	2.0299	0.0462	0.1872	2.0243	0.1769	0.6305	2.0042	-0.1835	0.5662	2.1155	0.1214	0.4660	2.0408	0.0201	-0.0155	2.1212	-0.0652	0.0343	2.1717	0.522	
15.267	-0.0278	0.0113	2.1755	0.1053	0.1432	2.0295	0.0515	0.0989	2.0381	0.1818	0.6775	1.9897	-0.1687	0.5352	2.1131	0.1219	0.4652	2.0415	0.0164	-0.0155	2.1219	-0.0722	0.0372	2.1752	0.525	
15.334	-0.0312	0.0107	2.1739	0.1046	0.1465	2.0298	0.0656	0.1103	2.0412	0.1844	0.6773	1.9872	-0.1715	0.5451	2.1133	0.1339	0.4778	2.0412	0.0144	-0.0173	2.1188	-0.0765	0.0383	2.1762	0.532	
15.367	-0.0352	0.0125	2.1756	0.1104	0.1137	2.0301	0.0604	0.1106	2.0373	0.1766	0.6769	1.9953	-0.1822	0.5649	2.1157	0.1351	0.4784	2.0406	0.0105	-0.0153	2.1222	-0.0806	0.0400	2.1768	0.535	
15.434	-0.0191	0.0007	2.1587	0.0798	-0.0298	2.0547	0.0571	0.1831	2.0284	0.1791	0.6356	2.0069	-0.1818	0.5648	2.1150	0.1357	0.4795	2.0405	0.0292	-0.0261	2.1049	-0.0668	0.0274	2.1605	0.542	
15.467	-0.0183	0.0009	2.1591	0.0835	0.0465	2.0392	0.0619	0.0944	2.0353	0.1795	0.6365	2.0067	-0.1752	0.5431	2.1045	0.1327	0.4742	2.0414	0.0297	-0.0260	2.1051	-0.0658	0.0277	2.1612	0.545	
15.534	-0.0126	-0.0013	2.1593	0.1150	0.1418	2.0107	0.0574	0.1833	2.0289	0.1811	0.6438	2.0074	-0.1737	0.5403	2.1044	0.1324	0.4734	2.0412	0.0358	-0.0264	2.1090	-0.0606	0.0239	2.1575	0.552	
15.567	-0.0120	-0.0012	2.1600	0.1168	0.1417	2.0110	0.0724	0.0949	2.0331	0.1815	0.6433	2.0071	-0.1747	0.5424	2.1065	0.1335	0.4735	2.0433	0.0362	-0.0264	2.1089	-0.0594	0.0242	2.1607	0.555	
15.634	-0.0327	0.0121	2.1715	0.0781	0.0507	2.0481	0.0500	0.1886	2.0235	0.1816	0.6422	2.0065	-0.1777	0.5632	2.1179	0.1362	0.4726	2.0432	0.0147	-0.0128	2.1238	-0.0793	0.0368	2.1676	0.562	
15.700	-0.0152	0.0099	2.1631	0.1166	0.1479	2.0220	0.0626	0.1048	2.0254	0.1839	0.6475	2.0064	-0.1761	0.5601	2.1168	0.1377	0.4745	2.0426	0.0349	-0.0182	2.0990	-0.0625	0.0369	2.1706	0.568	
15.734	-0.0151	0.0117	2.1651	0.1160	0.1483	2.0383	0.0626	0.1085	2.0261	0.1843	0.6348	2.0033	-0.1754	0.5590	2.1163	0.1368	0.4725	2.0430	0.0337	-0.0172	2.1003	-0.0612	0.0412	2.1764	0.572	
15.800	-0.0214	0.0127	2.1675	0.1230	0.0914	2.0125	0.0606	0.1105	2.0210	0.1852	0.6538	2.0069	-0.1748	0.5595	2.1156	0.1386	0.4721	2.0431	0.0235	-0.0151	2.1126	-0.0667	0.0414	2.1737	0.578	
15.834	-0.0222	0.0155	2.1696	0.1161	0.1515	2.0349	0.0473	0.1927	2.0152	0.1862	0.6579	2.0075	-0.1744	0.5609	2.1156	0.1386	0.4701	2.0443	0.0224	-0.0137	2.1120	-0.0663	0.0463	2.1798	0.582	
15.900	-0.0256	0.0136	2.1618	0.1174	0.1508	2.0329	0.0484	0.1887	2.0289	0.1863	0.6585	2.0075	-0.1738	0.5614	2.1152	0.1368	0.4653	2.0431	0.0215	-0.0180	2.1075	-0.0697	0.0444	2.1731	0.588	
15.934	-0.0270	0.0125	2.1650	0.1183	0.1499	2.0319	0.0506	0.1888	2.0276	0.1867	0.6546	2.0066	-0.1603	0.5338	2.0981	0.1369	0.4650	2.0430	0.0213	-0.0177	2.1130	-0.0730	0.0421	2.1726	0.592	
16.000	-0.0285	0.0116	2.1644	0.1193	0.1495	2.0264	0.0507	0.1879	2.0267	0.1865	0.6529	2.0063	-0.1700	0.5567	2.1146	0.1381	0.4654	2.0427	0.0201	-0.0178	2.1119	-0.0771	0.0395	2.1683	0.598	
16.034	-0.0275	0.0118	2.1695	0.1196	0.1496	2.0254	0.0506	0.1880	2.0269	0.1862	0.6501	2.0055	-0.1731	0.5631	2.1152	0.1378	0.4666	2.0412	0.0226	-0.0160	2.1198	-0.0769	0.0392	2.1700	0.602	
16.100	-0.0289	0.0096	2.1693	0.1199	0.1498	2.0227	0.0486	0.1923	2.0268	0.1867	0.6504	2.0049	-0.1728	0.5631	2.1151	0.1378	0.4681	2.0398	0.0219	-0.0174	2.1194	-0.0793	0.0362	2.1678	0.608	
16.167	-0.0270	0.0119	2.1769	0.1219	0.1480	2.0226	0.0478	0.2003	2.0131	0.1866	0.6479	2.0044	-0.1726	0.5640	2.1150	0.1379	0.4677	2.0390	0.0240	-0.0142	2.1289	-0.0775	0.0376	2.1734	0.615	
16.234	-0.0260	0.0149	2.1842	0.1222	0.1464	2.0171	0.0208	0.2027	2.0328	0.1870	0.6499	2.0047	-0.1579	0.5328	2.0956	0.1281	0.4659	2.0335	0.0244	-0.0116	2.1356	-0.0758	0.0411	2.1812	0.622	
16.300	-0.0261	0.0103	2.1745	0.1190	0.1560	2.0196	0.0219	0.1996	2.0343	0.1874	0.6559	2.0064	-0.1672	0.5597	2.1087	0.1015	0.4640	2.0171	0.0273	-0.0161	2.1268	-0.0782	0.0367	2.1707	0.628	
16.367	-0.0255	0.0097	2.1727	0.1163	0.1570	2.0191	0.0252	0.1936	2.0322	0.1859	0.6525	2.0066	-0.1725	0.5627	2.1145	0.1005	0.4641	2.0165	0.0274	-0.0175	2.1223	-0.0776	0.0365	2.1704	0.625	
16.434	-0.0201	0.0119	2.1863	0.1151	0.1572	2.0215	0.0252	0.1948	2.0348	0.1856	0.6467	2.0046	-0.1723	0.5610	2.1137	0.0960	0.4632	2.0152	0.0311	-0.0156	2.1359	-0.0706	0.0392	2.1850	0.625	
16.467	0.0230	-0.0061	2.1646	0.1151	0.1598	2.0229	0.0264	0.1944	2.0323	0.1855	0.6542	2.0063	-0.1723	0.5603	2.1139	0.0958	0.4631	2.0153	0.0762	-0.0310	2.1108	-0.0325	0.0198	2.1675	0.625	
16.534	0.0150	-0.0067	2.1663	0.1166	0.1504	2.0160	0.0266	0.1936	2.0313	0.1842	0.6349	2.0033	-0.1654	0.5019	2.1013	0.0950	0.4632	2.0156	0.0679	-0.0310	2.1140	-0.0392	0.0184	2.1674	0.625	
16.600	-0.0006	-0.0088	2.1578	0.1143	0.1505	2.0219	0.0114	0.2079	2.0098	0.1843	0.6366	2.0033	-0.1680	0.5003	2.1045	0.0941	0.4633	2.0161	0.0550	-0.0314	2.1083	-0.0565	0.0137	2.1552	0.625	
16.634	-0.0154	-0.0069	2.1523	0.1148	0.1491	2.0194	0.0194	0.1934	2.0262	0.1842	0.6367	2.0035	-0.1730	0.5593	2.1149	0.0934	0.4620	2.0160	0.0390	-0.0312	2.1025	-0.0697	0.0173	2.1501	0.625	
16.700	0.0094	-0.0060	2.1738	0.0871	0.0536	2.0555	0.0288	0.1914	2.0300	0.1831	0.6359	2.0035	-0.1670	0.5456	2.1039	0.0927	0.4626	2.0169	0.0656	-0.0256	2.1250	-0.0467	0.0137	2.1712	0.625	
16.734	0.0037	-0.0067	2.1732	0.0847	0.0509	2.0559	0.0295	0.1918	2.0297	0.1843	0.6466	2.0065	-0.1738	0.5585	2.1149	0.0915	0.4627	2.0173	0.0588	-0.0272	2.1249	-0.0517	0.0138	2.1699	0.625	
16.800	-0.0074	-0.0018	2.1824	0.1081	0.1433	2.0303	0.0203	0.1982	2.0234	0.1819	0.6523	2.0081	-0.1775	0.5629	2.1163	0.0889	0.4625	2.0175	0.0471	-0.0263	2.1347	-0.0609	0.0211	2.1768	0.625	
16.834	-0.0111	-0.0056	2.1732	0.1074	0.1413	2.0309	0.0249	0.1960	2.0243	0.1806	0.6441	2.0069	-0.1781	0.5630	2.1163	0.0850	0.4616	2.0171	0.0447	-0.0280	2.1297	-0.0662	0.0157	2.1637	0.625	
16.900	-0.0356	0.0134	2.1899	0.1162	0.0706	2.0489	0.0278	0.1927	2.0277	0.1805	0.6520	2.0086	-0.1700	0.5402	2.1040	0.0842	0.4615	2.0170	0.0160	-0.0125	2.1430	-0.0860	0.0388	2.1847	0.625	
16.934	-0.0150	-0.0003	2.1787	0.1182	0.0688	2.0486	0.0437	0.0813	2.0339	0.1804	0.6492	2.0080	-0.1762	0.5632	2.1127	0.0843	0.4615	2.0171	0.0392	-0.0250	2.1313	-0.0687	0.0244	2.1743	0.625	
17.000	-0.0153	-0.0008	2.1803	0.1163	0.0703	2.0228	0.0521	0.0823	2.0393	0.1800	0.6479	2.0086	-0.1594	0.5467	2.1062	0.0837	0.4616	2.0174	0.0388	-0.0241	2.1337	-0.0687	0.0225	2.1750	0.625	
17.034	-0.0016	-0.0079	2.1774	0.1164	0.0593	2.0442	0.0560	0.0702	2.0380	0.1801	0.6455	2.0083	-0.1574	0.5448	2.1051	0.0840	0.4619	2.0177	0.0543	-0.0279	2.1332	-0.0564	0.0116	2.1693	0.625	
17.100	-0.0019	-0.0086	2.1732	0.1031	0.1437	2.0330	0.0286	0.1954	2.0254	0.1801	0.6486	2.0085	-0.1569	0.5438	2.1042	0.0839	0.4620	2.0180	0.0532	-0.0295	2.1258	-0.0566	0.0117	2.1676	0.625	
17.134	-0.0055	-0.0079	2.1702	0.1185	0.0719	2.0533	0.0287	0.1954	2.0269	0.1801	0.6450	2.0076	-0.1547	0.5420	2.1026	0.0838	0.4620	2.0183	0.0489	-0.0290	2.1230	-0.0595	0.0127	2.1647	0.625	
17.200	-0.0077	-0.0094	2.1681	0.1248	0.0753	2.0590	0.0172	0.2068	2.0172	0.1794	0.6483	2.0079	-0.1510	0.5387	2.0997	0.0839	0.4621	2.0184	0.0479	-0.0295	2.1222	-0.0635	0.0101	2.1606	0.625	
17.234	-0.0054	-0.0100	2.1689	0.1244	0.0809	2.0683	0.0220	0.2016	2.0195	0.1802	0.6448	2.0069	-0.1502	0.5387	2.1000	0.0837	0.4619	2.0182	0.0501	-0.0306	2.1227	-0.0608	0.0101	2.1622	0.625	
17.300	-0.0067	-0.0147	2.1551	0.1193	0.0794	2.0470	0.0173	0.2043	2.0296	0.1800	0.6417	2.0058	-0.1487	0.5372	2.0985	0.0835	0.4576	2.0183	0.0490	-0.0358	2.1062	-0.0621	0.0066	2.1518	0.625	
17.367	-0.0064	-0.0146	2.1559	0.0962	0.0582	2.0725	-0.0077	0.2308	1.9866	0.1828	0.6514	2.0068	-0.1778	0.5612	2.1117	0.0843	0.4582	2.0178	0.0487	-0.0371	2.1091	-0.0612	0.0078	2.1527	0.625	
17.434	0.0028	-0.0111	2.1606	0.1090	0.0775	2.0799	0.0323	0.1864	2.0340	0.1842	0.6518	2.0067	-0.1766	0.5607	2.1126	0.0855	0.4597	2.0176	0.0563	-0.0352	2.1095	-0.0505	0.0137	2.1621	0.625	
17.500	0.0065	-0.0086	2.1588	0.1063	0.0803	2.0801	0.1038	0.1117	2.0258	0.1842	0.6469	2.0055	-0.1759	0.5610	2.1137	0.0889	0.4608	2.0177	0.0608	-0.0336	2.1021	-0.0466	0.0173	2.1629	0.625	
17.534	0.0064	-0.0089	2.1583	0.1066	0.0842	2.0834	0.1008	0.1052	2.0334	0.1844	0.6502	2.0064	-0.1754	0.5616	2.1143	0.0904	0.4608	2.0176	0.0608	-0.0337	2.1020	-0.0469	0.0166	2.1613	0.625	
17.600	0.0034	-0.0094	2.1570	0.1278	0.0643	2.0233	0.1005	0.1033	2.0337	0.1856	0.6530	2.0065	-0.1750	0.5612	2.1143	0.0935	0.4618	2.0169	0.0584	-0.0334	2.1050	-0.0520	0.0150	2.1556	0.625	
17.634	0.0062	-0.0104	2.1568	0.1278	0.0644	2.0233	0.1015	0.1017	2.0338	0.1856	0.6496	2.0054	-0.1749	0.5613	2.1143	0.0934	0.4620	2.0162	0.0615	-0.0343	2.1049	-0.0494	0.0137	2.1558	0.625	
17.700	0.0134	0.0028	2.1864	0.1298	0.0564	2.0140	0.1036	0.1105	2.0406	0.1861	0.6484	2.0050	-0.1743	0.5616	2.1138	0.0908	0.4614	2.0148	0.0670	-0.0186	2.1389	-0.0403	0.0245	2.1827	0.625	
17.734	0.0143	-0.0094	2.1587	0.1264	0.0549	2.0116	0.1054	0.1009	2.0345	0.1867	0.6419	2.0032	-0.1740	0.5621	2.1143	0.0910	0.4607	2.0144	0.0687	-0.0321	2.1074	-0.0402	0.0132	2.1574	0.625	
17.800	0.0150	-0.0154	2.1441	0.1327	0.0585	2.0062	0.1061	0.0961	2.0310	0.1875	0.6521	2.0054	-0.1735	0.5632	2.1143	0.0906	0.4588	2.0151	0.0709	-0.0383	2.0918	-0.0409	0.0079	2.1448	0.625	
17.834	0.0154	-0.0153	2.1457	0.1337	0.0605	2.0035	0.1063	0.0960	2.0321	0.1877	0.6535	2.0055	-0.1734	0.5642	2.1145	0.0904	0.4587	2.0142	0.0713	-0.0379	2.0944	-0.0406	0.0078	2.1456	0.625	
17.900	0.0127	-0.0151	2.1448	0.1346	0.0623	2.0020	0.1066	0.0965	2.0312	0.1879	0.6544	2.0055	-0.1731	0.5642	2.1146	0.0963	0.4605	2.0167	0.0686	-0.0376	2.0934	-0.0434	0.0078	2.1444	0.625	
17.934	0.0129	-0.0142	2.1472	0.1346	0.0621	2.0022	0.1071	0.0975	2.0311	0.1875	0.6526	2.0049	-0.1604	0.5420	2.0968	0.0957	0.4599	2.0154	0.0688	-0.0365	2.0973	-0.0433	0.0085	2.1457	0.625	
18.000	0.0236	-0.0140	2.1572	0.1335	0.0589	2.0022	0.1138	0.0961	2.0342	0.1879	0.6566	2.0061	-0.1729	0.5644	2.1143	0.0952	0.4605	2.0148	0.0790	-0.0364	2.1076	-0.0325	0.0089	2.1550	0.625	
18.034	0.0251	-0.0137	2.1587	0.1327	0.0591	2.0025	0.1135	0.0955	2.0354	0.1877	0.6505	2.0047	-0.1729	0.5644	2.1143	0.0951	0.4606	2.0145	0.0811	-0.0357	2.1094	-0.0314	0.0087	2.1563	0.625	
18.100	0.0124	-0.0099	2.1503	0.1318	0.0470	2.0050	0.1079	0.0956	2.0356	0.1872	0.6499	2.0050	-0.1725	0.5633	2.1132	0.0931	0.4610	2.0133	0.0596	-0.0302	2.0964	-0.0359	0.0113	2.1530	0.625	
18.134	0.0128	-0.0112	2.1506	0.1317	0.0452	2.0064	0.1082	0.0954	2.0356	0.1871	0.6520	2.0056	-0.1725	0.5633	2.1132	0.0933	0.4614	2.0134	0.0633	-0.0335	2.0981	-0.0371	0.0103	2.1527	0.625	
18.200	0.0128	-0.0116	2.1537	0.1280	0.0425	2.0047	0.1077	0.0970	2.0354	0.1857	0.6523	2.0059	-0.1725	0.5635	2.1142	0.0977	0.4643	2.0166	0.0652	-0.0343	2.1026	-0.0395	0.0104	2.1541	0.625	
18.234	0.0129	-0.0116	2.1536	0.1273	0.0429	2.0046	0.1075	0.0976	2.0351	0.1853	0.6486	2.0052	-0.1726	0.5632	2.1141	0.0950	0.4635	2.0157	0.0655	-0.0344	2.1023	-0.0396	0.0106	2.1540	0.625	
18.300	0.0129	-0.0116	2.1554	0.1377	0.0402	2.0152	0.1062	0.0976	2.0360	0.1855	0.6465	2.0050	-0.1690	0.5562	2.1135	0.1014	0.4673	2.0207	0.0664	-0.0349	2.1039	-0.0407	0.0113	2.1564	0.625	
18.334	0.0116	-0.0106	2.1573	0.1322	0.0476	2.0153	0.1047	0.1036	2.0215	0.1854	0.6346	2.0032	-0.1684	0.5543	2.1139	0.1421	0.4792	2.0389	0.0651	-0.0341	2.1068	-0.0421	0.0126	2.1573	0.625	
18.400	0.0024	-0.0069	2.1588	0.1194	0.0558	2.0182	0.1003	0.1065	2.0291	0.1868	0.6487	2.0057	-0.1737	0.5632	2.1153	0.1397	0.4747	2.0401	0.0547	-0.0317	2.1069	-0.0507	0.0178	2.1594	0.625	
18.434	-0.0221	0.0088	2.1809	0.1181	0.0590	2.0196	0.0883	0.1171	2.0397	0.1861	0.6477	2.0055	-0.1739	0.5635	2.1157	0.1393	0.4736	2.0411	0.0278	-0.0165	2.1313	-0.0714	0.0335	2.1785	0.625	
18.500	-0.0228	-0.0029	2.1537	0.1178	0.0591	2.0213	0.0901	0.1109	2.0361	0.1845	0.6443	2.0054	-0.1753	0.5632	2.1163	0.1366	0.4717	2.0427	0.0295	-0.0302	2.0978	-0.0734	0.0244	2.1573	0.625	
18.534	-0.0069	0.0030	2.1672	0.1182	0.0607	2.0253	0.0063	0.2096	2.0242	0.1838	0.6430	2.0055	-0.1763	0.5654	2.1175	0.1332	0.4695	2.0422	0.0401	-0.0266	2.1052	-0.0527	0.0330	2.1788	0.625	
18.600	-0.0349	0.0089	2.1839	0.1174	0.0591	2.0223	0.0237	0.1997	2.0276	0.1835	0.6503	2.0073	-0.1769	0.5632	2.1171	0.1329	0.4685	2.0417	0.0155	-0.0143	2.1454	-0.0868	0.0339	2.1767	0.625	
18.634	-0.0323	0.0097	2.1860	0.1172	0.0598	2.0226	0.0516	0.0997	2.0354	0.1823	0.6451	2.0066	-0.1782	0.5649	2.1177	0.1318	0.4680	2.0420	0.0176	-0.0139	2.1460	-0.0836	0.0344	2.1787	0.625	
18.700	-0.0388	0.0138	2.1856	0.1173	0.0598	2.0231	0.0516	0.1061	2.0354	0.1807	0.6464	2.0079	-0.1790	0.5639	2.1170	0.1318	0.4680	2.0425	0.0087	-0.0116	2.1398	-0.0875	0.0402	2.1810	0.625	
18.767	-0.0321	0.0113	2.1779	0.1174	0.0622	2.0275	0.0527	0.1010	2.0375	0.1788	0.6411	2.0075	-0.1801	0.5647	2.1174	0.1328	0.4712	2.0428	0.0139	-0.0145	2.1271	-0.0792	0.0374	2.1765	0.625	
18.800	-0.0289	0.0103	2.1739	0.1163	0.0624	2.0276	0.0420	0.1914	2.0323	0.1787	0.6409	2.0075	-0.1802	0.5646	2.1173	0.1332	0.4710	2.0432	0.0183	-0.0169	2.1179	-0.0762	0.0370	2.1754	0.625	
18.867	-0.0395	0.0127	2.1767	0.1164	0.0631	2.0286	0.0506	0.1066	2.0375	0.1792	0.6435	2.0073	-0.1805	0.5637	2.1177	0.1299	0.4682	2.0441	0.0116	-0.0145	2.1326	-0.0881	0.0403	2.1741	0.625	
18.934	-0.0158	0.0003	2.1626	0.1155	0.0686	2.0288	0.0801	0.1026	2.0392	0.1802	0.6438	2.0076	-0.1807	0.5645	2.1178	0.1313	0.4689	2.0440	0.0353	-0.0257	2.1095	-0.0643	0.0254	2.1626	0.625	
19.000	-0.0092	0.0005	2.1663	0.1155	0.0742	2.0265	-0.0122	0.2257	2.0062	0.1797	0.6418	2.0073	-0.1978	0.6219	2.1078	0.1323	0.4694	2.0441	0.0378	-0.0261	2.1109	-0.0535	0.0274	2.1702	0.625	
19.067	0.0056	-0.0007	2.1725	0.1172	0.0753	2.0365	-0.0011	0.2127	2.0195	0.1810	0.6454	2.0076	-0.1791	0.5679	2.1178	0.1327	0.4695	2.0440	0.0539	-0.0265	2.1174	-0.0424	0.0255	2.1756	0.625	
19.134	0.0078	-0.0011	2.1728	0.1172	0.0636	2.0270	0.0302	0.1917	2.0361	0.1816	0.6444	2.0072	-0.1780	0.5665	2.1188	0.1334	0.4700	2.0438	0.0562	-0.0270	2.1177	-0.0404	0.0251	2.1760	0.625	
19.200	-0.0077	0.0094	2.1802	0.1210	0.0603	2.0275	0.0316	0.1924	2.0355	0.1819	0.6425	2.0065	-0.1767	0.5641	2.1189	0.1354	0.4716	2.0435	0.0385	-0.0169	2.1257	-0.0536	0.0358	2.1832	0.625	
19.267	0.0115	0.0015	2.1645	0.1224	0.0577	2.0279	0.0247	0.2037	2.0204	0.1842	0.6495	2.0066	-0.1758	0.5616	2.1180	0.1373	0.4713	2.0424	0.0595	-0.0237	2.1058	-0.0366	0.0268	2.1709	0.625	
19.334	0.0122	0.0003	2.1632	0.1245	0.0611	2.0265	0.0264	0.2010	2.0278	0.1842	0.6465	2.0057	-0.1753	0.5612	2.1176	0.1374	0.4716	2.0428	0.0601	-0.0251	2.1051	-0.0358	0.0256	2.1690	0.625	
19.400	0.0139	-0.0038	2.1582	0.1253	0.0643	2.0266	0.0259	0.2019	2.0246	0.1852	0.6529	2.0067	-0.1748	0.5610	2.1171	0.1374	0.4698	2.0435	0.0639	-0.0286	2.1018	-0.0367	0.0203	2.1619	0.625	
19.467	-0.0030	0.0015	2.1599	0.1293	0.0577	2.0180	0.0239	0.2033	2.0242	0.1855	0.6567	2.0072	-0.1743	0.5610	2.1165	0.1392	0.4685	2.0438	0.0461	-0.0251	2.1059	-0.0534	0.0288	2.1617	0.625	
19.534	0.0027	-0.0053	2.1454	0.1038	0.0733	2.0734	0.0280	0.2000	2.0296	0.1861	0.6508	2.0057	-0.1734	0.5614	2.1156	0.1392	0.4668	2.0434	0.0542	-0.0324	2.0868	-0.0492	0.0222	2.1515	0.625	
19.600	-0.0039	0.0052	2.1689	0.1088	0.0618	2.0655	0.0274	0.2002	2.0282	0.1863	0.6518	2.0052	-0.1734	0.5625	2.1154	0.1403	0.4701	2.0418	0.0431	-0.0234	2.1109	-0.0507	0.0338	2.1755	0.625	
19.667	0.0144	0.0358	2.2237	0.1505	0.0966	2.0601	0.0245	0.1987	2.0311	0.1863	0.6504	2.0049	-0.1674	0.5540	2.1025	0.1288	0.4652	2.0330	0.0563	0.0054	2.1677	-0.0264	0.0658	2.2287	0.625	
19.734	-0.0141	-0.0064	2.1236	0.1280	0.0887	2.0706	0.0234	0.2064	2.0193	0.1867	0.6834	1.9916	-0.1730	0.5640	2.1154	0.1321	0.4657	2.0352	0.0363	-0.0310	2.0784	-0.0642	0.0184	2.1169	0.625	
19.800	0.0088	-0.0033	2.1458	0.1523	0.1016	2.0449	0.0265	0.2008	2.0263	0.1884	0.6835	1.9885	-0.1729	0.5643	2.1154	0.1341	0.4658	2.0369	0.0530	-0.0288	2.0871	-0.0363	0.0226	2.1554	0.625	
19.867	0.0106	-0.0027	2.1491	0.1157	0.0771	2.0751	0.0214	0.2044	2.0219	0.1864	0.6828	1.9932	-0.1727	0.5641	2.1154	0.1380	0.4699	2.0378	0.0555	-0.0285	2.0908	-0.0352	0.0234	2.1566	0.625	
19.934	0.0105	-0.0031	2.1600	0.1192	0.0873	2.0819	0.0251	0.2053	2.0194	0.1899	0.6812	1.9850	-0.1727	0.5634	2.1152	0.1266	0.4665	2.0337	0.0561	-0.0277	2.1113	-0.0354	0.0223	2.1603	0.625	
20.000	0.0093	-0.0019	2.1571	0.1105	0.0895	2.0786	0.0274	0.1998	2.0246	0.1876	0.6791	1.9832	-0.1724	0.5621	2.1143	0.1245	0.4669	2.0314	0.0537	-0.0274	2.1029	-0.0344	0.0246	2.1623	0.625	
20.067	-0.0123	0.0183	2.1861	0.1033	0.0745	2.0793	0.0270	0.1988	2.0270	0.1867	0.6769	1.9848	-0.1725	0.5620	2.1144	0.1228	0.4675	2.0314	0.0322	-0.0109	2.1290	-0.0558	0.0466	2.1907	0.625	
20.134	-0.0244	0.0193	2.1763	0.1124	0.0814	2.0736	0.0257	0.2001	2.0258	0.1868	0.6776	1.9847	-0.1728	0.5614	2.1149	0.1208	0.4675	2.0317	0.0201	-0.0096	2.1206	-0.0681	0.0475	2.1799	0.625	
20.200	-0.0346	0.0161	2.1770	0.0983	0.0628	2.0736	0.0189	0.2041	2.0213	0.1792	0.6785	1.9810	-0.1732	0.5601	2.1159	0.1184	0.4678	2.0317	0.0116	-0.0138	2.1245	-0.0796	0.0455	2.1780	0.625	
20.267	-0.0173	0.0011	2.1577	0.1064	0.0765	2.0722	0.0295	0.1977	2.0312	0.1823	0.6777	1.9845	-0.1733	0.5597	2.1164	0.1159	0.4663	2.0319	0.0307	-0.0269	2.1022	-0.0646	0.0292	2.1612	0.625	
20.334	0.0010	0.0014	2.1657	0.1106	0.0767	2.0700	-0.0179	0.2253	2.0128	0.1831	0.6779	1.9853	-0.1710	0.5187	2.1034	0.1153	0.4656	2.0320	0.0463	-0.0258	2.1079	-0.0442	0.0286	2.1719	0.625	
20.400	-0.0018	0.0002	2.1645	0.0961	0.0673	2.0681	0.0006	0.1465	2.0448	0.1791	0.6784	1.9880	-0.1763	0.5609	2.1166	0.1123	0.4647	2.0321	0.0441	-0.0261	2.1080	-0.0490	0.0251	2.1672	0.625	
20.467	-0.0261	0.0057	2.1775	0.1158	0.0797	2.0350	0.0424	0.1922	2.0320	0.1872	0.6770	1.9876	-0.1843	0.5750	2.1260	0.1118	0.4648	2.0334	0.0222	-0.0189	2.1343	-0.0765	0.0306	2.1719	0.625	
20.534	-0.0319	0.0108	2.1838	0.0995	0.1301	2.0367	0.0326	0.1958	2.0270	0.1862	0.6779	1.9853	-0.1844	0.5738	2.1241	0.1118	0.4651	2.0337	0.0182	-0.0149	2.1382	-0.0820	0.0361	2.1784	0.625	
20.600	-0.0215	-0.0002	2.1686	0.1040	0.1421	2.0282	0.0235	0.1980	2.0266	0.1792	0.6795	1.9818	-0.1799	0.5643	2.1172	0.1157	0.4653	2.0375	0.0331	-0.0272	2.1167	-0.0742	0.0256	2.1674	0.625	
20.667	-0.0323	0.0067	2.1790	0.1076	0.1287	2.0468	0.0134	0.2050	2.0218	0.1805	0.6787	1.9831	-0.1802	0.5645	2.1169	0.1141	0.4670	2.0356	0.0209	-0.0174	2.1333	-0.0843	0.0315	2.1743	0.625	
20.734	-0.0309	0.0077	2.1852	0.1064	0.1387	2.0408	0.0032	0.2093	2.0212	0.1801	0.6773	1.9953	-0.1804	0.5649	2.1167	0.1138	0.4671	2.0354	0.0218	-0.0149	2.1430	-0.0828	0.0309	2.1772	0.625	
20.800	-0.0104	-0.0052	2.1685	0.0776	0.0512	2.0625	0.0043	0.2095	2.0195	0.1807	0.6788	1.9828	-0.1804	0.5660	2.1179	0.1132	0.4668	2.0344	0.0428	-0.0288	2.1179	-0.0637	0.0182	2.1661	0.625	
20.900	-0.0019	-0.0084	2.1609	0.0787	0.0511	2.0555	-0.0090	0.2379	1.9848	0.1843	0.6769	1.9854	-0.1778	0.5616	2.1178	0.1122	0.4669	2.0332	0.0516	-0.0318	2.1083	-0.0554	0.0148	2.1609	0.625	
20.967	-0.0040	-0.0066	2.1556	0.1135	0.1522	2.0330	0.0129	0.2061	2.0312	0.1846	0.6772	1.9849	-0.1771	0.5614	2.1177	0.1118	0.4674	2.0325	0.0489	-0.0312	2.1035	-0.0564	0.0183	2.1558	0.625	
21.034	0.0189	-0.0042	2.1717	0.1161	0.1464	2.0409	-0.0159	0.2247	2.0037	0.1834	0.6773	1.9802	-0.1766	0.5610	2.1179	0.1124	0.4672	2.0318	0.0666	-0.0291	2.1158	-0.0294	0.0208	2.1756	0.625	
21.134	0.0116	-0.0082	2.1490	0.0878	0.0544	2.0573	-0.0305	0.2452	2.0000	0.1867	0.6766	1.9857	-0.1791	0.5684	2.1192	0.1139	0.4663	2.0307	0.0614	-0.0327	2.0973	-0.0384	0.0165	2.1489	0.625	
21.200	0.0155	-0.0068	2.1550	0.0919	0.0570	2.0626	0.0027	0.2152	2.0212	0.1865	0.6773	1.9836	-0.1746	0.5591	2.1159	0.1152	0.4661	2.0303	0.0663	-0.0332	2.0952	-0.0350	0.0187	2.1592	0.625	
21.267	0.0236	-0.0094	2.1616	0.1173	0.1476	2.0364	0.0032	0.2226	2.0254	0.1869	0.6782	1.9830	-0.1741	0.5609	2.1155	0.1159	0.4665	2.0296	0.0780	-0.0346	2.1062	-0.0296	0.0156	2.1644	0.625	
21.334	0.0172	-0.0096	2.1562	0.0888	0.0528	2.0559	-0.0374	0.2500	1.9940	0.1873	0.6779	1.9844	-0.1738	0.5610	2.1154	0.1169	0.4671	2.0288	0.0697	-0.0349	2.0998	-0.0355	0.0157	2.1610	0.625	
21.434	0.0141	-0.0124	2.1511	0.1201	0.1494	2.0292	-0.0370	0.2504	1.9940	0.1839	0.6804	1.9790	-0.1733	0.5620	2.1157	0.1081	0.4644	2.0220	0.0687	-0.0363	2.0983	-0.0413	0.0115	2.1515	0.625	
21.534	-0.0117	0.0091	2.1863	0.1216	0.1488	2.0280	0.0207	0.1976	2.0359	0.1881	0.6794	1.9861	-0.1732	0.5625	2.1156	0.0981	0.4620	2.0169	0.0395	-0.0158	2.1396	-0.0625	0.0333	2.1806	0.625	
21.600	-0.0165	0.0102	2.1812	0.1205	0.1508	2.0254	0.0253	0.2331	1.9743	0.1785	0.6788	1.9979	-0.1731	0.5626	2.1155	0.0973	0.4619	2.0158	0.0341	-0.0162	2.1313	-0.0667	0.0356	2.1781	0.625	
21.667	-0.0196	0.0093	2.1772	0.1222	0.1589	2.0231	0.0266	0.1978	2.0352	0.1881	0.6808	1.9755	-0.1729	0.5627	2.1150	0.0960	0.4616	2.0147	0.0318	-0.0166	2.1297	-0.0701	0.0350	2.1731	0.625	
21.767	0.0114	-0.0061	2.1660	0.1149	0.1495	2.0298	0.0191	0.2074	2.0200	0.1871	0.6809	1.9760	-0.1728	0.5625	2.1150	0.0936	0.4608	2.0135	0.0663	-0.0300	2.1156	-0.0436	0.0180	2.1645	0.625	
21.834	0.0185	-0.0096	2.1646	0.1134	0.1458	2.0286	0.0398	0.1970	2.0291	0.1850	0.6804	1.9822	-0.1727	0.5607	2.1144	0.0925	0.4606	2.0133	0.0743	-0.0332	2.1170	-0.0375	0.0143	2.1606	0.625	
21.900	0.0070	-0.0044	2.1606	0.1148	0.1464	2.0257	0.0271	0.2007	2.0232	0.1851	0.6796	1.9824	-0.1692	0.5541	2.1137	0.0937	0.4632	2.0165	0.0543	-0.0298	2.1007	-0.0459	0.0220	2.1641	0.625	
21.967	-0.0050	0.0047	2.1736	0.1170	0.1479	2.0229	0.0238	0.1988	2.0318	0.1842	0.6780	1.9896	-0.1731	0.5610	2.1158	0.0908	0.4630	2.0168	0.0451	-0.0226	2.1147	-0.0552	0.0320	2.1805	0.625	
22.034	-0.0075	-0.0037	2.1519	0.0847	0.0514	2.0523	0.0175	0.1977	2.0392	0.1844	0.6784	1.9883	-0.1675	0.5434	2.1044	0.0897	0.4605	2.0179	0.0410	-0.0306	2.0945	-0.0556	0.0230	2.1574	0.625	
22.100	0.0052	-0.0036	2.1662	0.0838	0.0509	2.0519	0.0185	0.2305	1.9772	0.1845	0.6785	1.9898	-0.1739	0.5605	2.1161	0.0877	0.4605	2.0172	0.0574	-0.0280	2.1179	-0.0463	0.0215	2.1650	0.625	
22.167	0.0074	-0.0036	2.1690	0.0850	0.0519	2.0578	0.0302	0.1995	2.0186	0.1833	0.6783	1.9854	-0.1707	0.5430	2.1053	0.0863	0.4607	2.0171	0.0591	-0.0280	2.1207	-0.0429	0.0213	2.1685	0.625	
22.234	0.0023	-0.0046	2.1625	0.1114	0.1469	2.0270	0.0206	0.2010	2.0236	0.1802	0.6763	1.9941	-0.1778	0.5636	2.1165	0.0863	0.4602	2.0177	0.0413	-0.0391	2.0985	-0.0401	0.0275	2.1698	0.625	
22.334	0.0207	-0.0094	2.1828	0.1038	0.1400	2.0420	0.0665	0.0799	2.0415	0.1836	0.6772	1.9812	-0.1800	0.5528	2.1104	0.0858	0.4613	2.0180	0.0728	-0.0432	2.1364	-0.0314	0.0230	2.1783	0.625	
22.400	-0.0098	-0.0207	2.1637	0.0733	0.0303	2.0742	0.0586	0.0784	2.0343	0.1835	0.6774	1.9837	-0.1847	0.5758	2.1185	0.1026	0.4669	2.0272	0.0471	-0.0552	2.1226	-0.0674	0.0144	2.1517	0.625	
22.467	-0.0272	0.0070	2.1998	0.1009	0.1441	2.0486	0.0297	0.2013	2.0196	0.1847	0.6770	1.9845	-0.1813	0.5697	2.1148	0.1248	0.4665	2.0459	0.0252	-0.0233	2.1575	-0.0809	0.0335	2.1863	0.625	
22.534	-0.0137	-0.0032	2.1778	0.0698	0.0483	2.0590	0.0310	0.1942	2.0299	0.1853	0.6765	1.9848	-0.1789	0.5705	2.1147	0.1301	0.4698	2.0446	0.0403	-0.0267	2.1329	-0.0681	0.0209	2.1712	0.625	
22.600	0.0203	-0.0033	2.1819	0.0937	0.0531	2.0489	0.0022	0.2271	1.9901	0.1794	0.6750	1.9975	-0.1769	0.5600	2.1105	0.1302	0.4692	2.0441	0.0710	-0.0266	2.1278	-0.0293	0.0200	2.1855	0.625	
22.667	0.0166	-0.0052	2.1749	0.1025	0.0620	2.0693	0.0130	0.1984	2.0346	0.1796	0.6763	1.9970	-0.1776	0.5574	2.1115	0.1328	0.4710	2.0443	0.0688	-0.0277	2.1233	-0.0362	0.0168	2.1743	0.625	
22.734	0.0032	-0.0064	2.1546	0.0998	0.0768	2.0800	0.0102	0.2046	2.0248	0.1798	0.6768	1.9968	-0.1767	0.5648	2.1171	0.1332	0.4707	2.0440	0.0556	-0.0299	2.1018	-0.0498	0.0173	2.1542	0.625	
22.800	-0.0042	0.0086	2.1833	0.1062	0.0815	2.0836	0.0687	0.1032	2.0397	0.1849	0.6767	1.9867	-0.1759	0.5496	2.1109	0.1348	0.4696	2.0435	0.0432	-0.0193	2.1266	-0.0506	0.0374	2.1900	0.625	
22.867	-0.0023	-0.0038	2.1529	0.1356	0.0995	2.0650	0.0222	0.2043	2.0155	0.1804	0.6754	1.9957	-0.1746	0.5598	2.1151	0.1368	0.4709	2.0423	0.0454	-0.0291	2.0980	-0.0499	0.0215	2.1557	0.625	
22.934	0.0029	-0.0037	2.1563	0.1353	0.0961	2.0643	0.0290	0.1963	2.0311	0.1848	0.6757	1.9860	-0.1709	0.5228	2.1044	0.1365	0.4692	2.0431	0.0491	-0.0292	2.1029	-0.0405	0.0225	2.1605	0.625	
23.000	0.2224	-0.0368	0.3223	0.6839	-0.0538	0.9435	0.1144	-0.2572	0.3239	0.2915	0.0029	0.4208	0.2891	-0.0759	0.4125	0.0000	0.0000	0.0000	0.3573	-0.0592	0.5177	0.0000	0.0000	0.0000	0.625	
23.067	0.0126	-0.0044	2.1566	0.1425	0.0964	2.0608	0.0137	0.2097	2.0153	0.1863	0.6764	1.9852	-0.1669	0.5186	2.1017	0.1439	0.4738	2.0408	0.0604	-0.0312	2.1016	-0.0369	0.0208	2.1592	0.625	
23.100	0.0135	-0.0062	2.1579	0.1315	0.0768	2.0496	0.0185	0.1973	2.0309	0.1865	0.6767	1.9854	-0.1667	0.5181	2.1017	0.1427	0.4712	2.0413	0.0647	-0.0326	2.1067	-0.0373	0.0184	2.1588	0.625	
23.167	0.0148	-0.0067	2.1570	0.1193	0.1497	2.0231	0.0181	0.1989	2.0335	0.1833	0.6773	1.9910	-0.1662	0.5192	2.1021	0.1399	0.4686	2.0404	0.0658	-0.0326	2.1036	-0.0362	0.0184	2.1586	0.625	
23.200	0.0163	-0.0066	2.1561	0.0948	0.0519	2.0510	0.0214	0.1987	2.0326	0.1834	0.6774	1.9906	-0.1732	0.5630	2.1153	0.1397	0.4681	2.0404	0.0665	-0.0324	2.0998	-0.0327	0.0185	2.1596	0.625	
23.267	0.0075	-0.0050	2.1455	0.1210	0.1463	2.0245	0.0221	0.1981	2.0314	0.1918	0.6772	1.9873	-0.1765	0.5675	2.1187	0.1379	0.4668	2.0401	0.0548	-0.0309	2.0870	-0.0401	0.0205	2.1508	0.625	
23.300	0.0073	-0.0072	2.1425	0.0900	0.0530	2.0505	0.0218	0.2034	2.0223	0.1825	0.6775	1.9945	-0.1916	0.6264	2.0962	0.1300	0.4670	2.0354	0.0559	-0.0323	2.0861	-0.0429	0.0170	2.1447	0.625	
23.367	0.0070	-0.0076	2.1435	0.1220	0.1498	2.0199	0.0217	0.2028	2.0236	0.1849	0.6790	1.9833	-0.1538	0.4853	2.0644	0.1285	0.4672	2.0326	0.0571	-0.0331	2.0885	-0.0441	0.0171	2.1459	0.625	
23.400	0.0077	-0.0082	2.1444	0.1211	0.1447	2.0239	0.0232	0.2018	2.0241	0.1851	0.6789	1.9834	-0.1532	0.4821	2.0629	0.1265	0.4666	2.0294	0.0586	-0.0339	2.0896	-0.0439	0.0167	2.1468	0.625	
23.467	0.0109	-0.0091	2.1523	0.1154	0.1527	2.0223	0.0228	0.2034	2.0240	0.1829	0.6782	1.9919	-0.1540	0.4825	2.0634	0.1239	0.4661	2.0279	0.0648	-0.0339	2.1016	-0.0427	0.0156	2.1518	0.625	
23.500	0.0114	-0.0095	2.1523	0.1118	0.1323	2.0267	0.0244	0.2013	2.0275	0.1869	0.6795	1.9782	-0.1548	0.4889	2.0673	0.1239	0.4662	2.0279	0.0654	-0.0342	2.1015	-0.0425	0.0151	2.1518	0.625	
23.567	-0.0307	0.0102	2.1715	0.1150	0.1400	2.0276	0.0190	0.2046	2.0208	0.1859	0.6795	1.9779	-0.1539	0.4805	2.0622	0.1212	0.4669	2.0271	0.0196	-0.0160	2.1255	-0.0787	0.0351	2.1656	0.625	
23.600	-0.0255	0.0093	2.1744	0.1122	0.1439	2.0249	0.0204	0.2030	2.0220	0.1825	0.6772	1.9911	-0.1570	0.5392	2.0941	0.1208	0.4671	2.0272	0.0257	-0.0171	2.1278	-0.0752	0.0348	2.1689	0.625	
23.667	0.0012	-0.0097	2.1498	0.1132	0.1451	2.0214	0.0048	0.2290	1.9743	0.1823	0.6764	1.9917	-0.1535	0.5278	2.0909	0.1206	0.4706	2.0294	0.0581	-0.0388	2.0881	-0.0530	0.0196	2.1579	0.625	
23.700	0.0006	-0.0083	2.1509	0.1155	0.1458	2.0247	0.0294	0.1955	2.0300	0.1824	0.6767	1.9920	-0.1627	0.5374	2.1001	0.1180	0.4688	2.0301	0.0549	-0.0344	2.0942	-0.0530	0.0198	2.1578	0.625	
23.767	0.0217	-0.0048	2.1677	0.1163	0.1469	2.0217	0.0306	0.1953	2.0299	0.1813	0.6752	1.9954	-0.1705	0.5465	2.1077	0.1179	0.4683	2.0306	0.0725	-0.0290	2.1127	-0.0298	0.0200	2.1710	0.625	
23.800	0.0230	-0.0036	2.1695	0.1167	0.1486	2.0208	0.0305	0.1952	2.0300	0.1874	0.6753	1.9878	-0.1774	0.5704	2.1179	0.1176	0.4679	2.0311	0.0726	-0.0286	2.1134	-0.0265	0.0221	2.1744	0.625	
23.867	0.0056	-0.0020	2.1646	0.1237	0.0792	2.0683	0.0101	0.2067	2.0231	0.1807	0.6749	1.9952	-0.1698	0.5459	2.1020	0.1168	0.4675	2.0308	0.0536	-0.0274	2.1094	-0.0426	0.0236	2.1682	0.625	
23.900	-0.0016	-0.0021	2.1603	0.1181	0.0842	2.0742	0.0046	0.2039	2.0190	0.1807	0.6745	1.9966	-0.1760	0.5688	2.1107	0.1171	0.4693	2.0314	0.0469	-0.0275	2.1056	-0.0501	0.0235	2.1634	0.625	
23.967	-0.0027	-0.0017	2.1663	0.1131	0.0800	2.0769	-0.0224	0.2153	2.0212	0.1807	0.6743	1.9951	-0.1741	0.5494	2.1052	0.1136	0.4679	2.0321	0.0450	-0.0259	2.1167	-0.0505	0.0233	2.1664	0.625	
24.000	-0.0026	-0.0016	2.1662	0.1094	0.1468	2.0291	-0.0190	0.2160	2.0149	0.1807	0.6739	1.9956	-0.1777	0.5685	2.1124	0.1135	0.4677	2.0322	0.0453	-0.0261	2.1149	-0.0504	0.0234	2.1666	0.625	
24.067	-0.0027	-0.0001	2.1681	0.0798	0.0551	2.0603	0.0231	0.1974	2.0296	0.1853	0.6754	1.9831	-0.1840	0.5784	2.1165	0.1117	0.4680	2.0320	0.0450	-0.0252	2.1156	-0.0499	0.0255	2.1696	0.625	
24.134	-0.0192	0.0109	2.1821	0.1073	0.1518	2.0281	0.0261	0.1945	2.0312	0.1896	0.6738	1.9935	-0.1762	0.5464	2.1042	0.1117	0.4679	2.0322	0.0278	-0.0148	2.1327	-0.0657	0.0363	2.1802	0.625	
24.200	-0.0162	0.0082	2.1764	0.0846	0.0607	2.0661	0.0399	0.1886	2.0375	0.1744	0.6738	2.0037	-0.1777	0.5470	2.1063	0.1114	0.4667	2.0326	0.0320	-0.0191	2.1214	-0.0637	0.0352	2.1785	0.625	
24.267	-0.0106	0.0019	2.1642	0.1229	0.0928	2.0716	0.0578	0.0871	2.0403	0.1821	0.6769	1.9814	-0.1765	0.5484	2.1038	0.1150	0.4654	2.0369	0.0361	-0.0236	2.1102	-0.0567	0.0271	2.1661	0.625	
24.334	-0.0093	0.0024	2.1648	0.1075	0.1493	2.0279	0.0130	0.2015	2.0309	0.1821	0.6763	1.9857	-0.1851	0.5754	2.1180	0.1270	0.4668	2.0428	0.0356	-0.0238	2.1086	-0.0544	0.0282	2.1687	0.625	
24.400	-0.0184	0.0061	2.1727	0.1032	0.0776	2.0779	0.0635	0.0994	2.0397	0.1820	0.6765	1.9836	-0.1804	0.5665	2.1158	0.1274	0.4669	2.0431	0.0279	-0.0205	2.1191	-0.0643	0.0322	2.1741	0.625	
24.467	0.0023	0.0009	2.1685	0.1263	0.0969	2.0798	0.0341	0.1952	2.0287	0.1845	0.6757	1.9819	-0.1793	0.5649	2.1167	0.1295	0.4678	2.0438	0.0491	-0.0241	2.1118	-0.0443	0.0260	2.1730	0.625	
24.534	-0.0088	0.0104	2.1783	0.1307	0.0982	2.0735	0.0316	0.1941	2.0287	0.1838	0.6775	1.9863	-0.1744	0.5449	2.1068	0.1264	0.4672	2.0402	0.0360	-0.0164	2.1227	-0.0536	0.0369	2.1821	0.625	
24.600	-0.0017	0.0063	2.1717	0.1012	0.0731	2.0805	0.0299	0.1920	2.0317	0.1846	0.6764	1.9862	-0.1816	0.5717	2.1214	0.1341	0.4719	2.0400	0.0430	-0.0207	2.1145	-0.0462	0.0330	2.1767	0.625	
24.667	-0.0001	0.0043	2.1671	0.1131	0.0824	2.0720	0.0288	0.1922	2.0312	0.1850	0.6756	1.9863	-0.1796	0.5699	2.1194	0.1338	0.4712	2.0394	0.0443	-0.0227	2.1085	-0.0445	0.0310	2.1730	0.625	
24.734	0.0165	-0.0015	2.1616	0.1073	0.0720	2.0713	-0.0186	0.2396	1.9860	0.1877	0.6733	1.9832	-0.1806	0.5710	2.1205	0.1371	0.4728	2.0373	0.0619	-0.0273	2.1057	-0.0284	0.0243	2.1660	0.625	
24.800	-0.0399	0.0157	2.1576	0.1098	0.0775	2.0695	-0.0193	0.2443	1.9843	0.1872	0.6731	1.9872	-0.1664	0.5349	2.1024	0.1390	0.4653	2.0437	0.0049	-0.0106	2.1121	-0.0837	0.0415	2.1513	0.625	
24.867	-0.0232	0.0221	2.1808	0.1076	0.0720	2.0713	-0.0203	0.2449	1.9813	0.1879	0.6728	1.9857	-0.1793	0.5700	2.1193	0.1385	0.4654	2.0433	0.0144	-0.0078	2.1217	-0.0594	0.0508	2.1896	0.625	
24.934	-0.0285	0.0202	2.1746	0.1140	0.1445	2.0320	-0.0202	0.2472	1.9805	0.1880	0.6744	1.9864	-0.1749	0.5667	2.1159	0.1395	0.4718	2.0405	0.0145	-0.0090	2.1207	-0.0728	0.0474	2.1762	0.625	
25.000	0.0022	0.0080	2.1873	0.1163	0.1468	2.0249	-0.0056	0.1688	1.9918	0.1873	0.6658	1.9872	-0.1581	0.5295	2.0960	0.1039	0.4631	2.0180	0.0596	-0.0191	2.1388	-0.0522	0.0351	2.1853	0.625	
25.067	-0.0408	0.0105	2.1564	0.1170	0.1465	2.0235	-0.0108	0.1710	1.9982	0.1878	0.6742	1.9891	-0.1728	0.5608	2.1141	0.1117	0.4633	2.0235	0.0091	-0.0173	2.1045	-0.0881	0.0382	2.1580	0.625	
25.134	0.0049	-0.0042	2.1572	0.1197	0.1541	2.0397	0.0086	0.1515	2.0271	0.1881	0.6745	1.9889	-0.1729	0.5618	2.1143	0.1127	0.4659	2.0235	0.0551	-0.0303	2.1037	-0.0449	0.0218	2.1590	0.625	
25.200	0.0045	-0.0053	2.1528	0.1208	0.1455	2.0233	0.0737	0.1827	2.1018	0.1863	0.6633	1.9872	-0.1695	0.5620	2.1105	0.1126	0.4656	2.0239	0.0548	-0.0321	2.0972	-0.0455	0.0213	2.1564	0.625	
25.267	0.0077	-0.0053	2.1576	0.1219	0.1493	2.0234	0.0281	0.1934	2.0365	0.1884	0.6736	1.9866	-0.1679	0.5594	2.1089	0.1032	0.4632	2.0190	0.0604	-0.0307	2.1055	-0.0441	0.0207	2.1589	0.625	
25.334	0.0080	-0.0062	2.1570	0.1015	0.0543	2.0584	0.0225	0.1975	2.0271	0.1892	0.6735	1.9849	-0.1572	0.5330	2.0955	0.0962	0.4621	2.0169	0.0613	-0.0319	2.1042	-0.0448	0.0198	2.1582	0.625	
25.400	0.0083	-0.0064	2.1571	0.1075	0.0815	2.0797	0.0296	0.1944	2.0315	0.1887	0.6735	1.9853	-0.1674	0.5583	2.1087	0.0976	0.4639	2.0184	0.0617	-0.0318	2.1043	-0.0446	0.0193	2.1584	0.625	
25.467	-0.0001	0.0121	2.1913	0.1157	0.0766	2.0800	0.0308	0.1936	2.0316	0.1865	0.6423	2.0032	-0.1674	0.5586	2.1090	0.0953	0.4630	2.0171	0.0507	-0.0127	2.1409	-0.0510	0.0367	2.1901	0.625	
25.534	0.0068	0.0000	2.1742	0.1159	0.0780	2.0782	0.0331	0.1914	2.0352	0.1862	0.6421	2.0035	-0.1709	0.5619	2.1126	0.0945	0.4631	2.0173	0.0586	-0.0253	2.1208	-0.0450	0.0253	2.1757	0.625	
25.600	0.0064	-0.0047	2.1737	0.1170	0.0757	2.0826	0.0324	0.1919	2.0351	0.1835	0.6327	2.0026	-0.1607	0.5352	2.0980	0.0920	0.4626	2.0168	0.0590	-0.0305	2.1229	-0.0463	0.0191	2.1714	0.625	
25.667	0.0025	-0.0036	2.1703	0.1319	0.0906	2.0667	0.0316	0.1909	2.0346	0.1828	0.6319	2.0029	-0.1726	0.5516	2.1098	0.0912	0.4623	2.0165	0.0524	-0.0288	2.1159	-0.0482	0.0204	2.1708	0.625	
25.734	-0.0300	0.0117	2.1733	0.0874	0.0575	2.0572	0.0401	0.1886	2.0356	0.1830	0.6462	2.0075	-0.1799	0.5739	2.1176	0.0902	0.4622	2.0165	0.0180	-0.0160	2.1177	-0.0781	0.0395	2.1771	0.625	
25.800	-0.0192	0.0024	2.1702	0.1172	0.0598	2.0203	0.0110	0.2017	2.0327	0.1835	0.6511	2.0084	-0.1769	0.5637	2.1169	0.0905	0.4637	2.0192	0.0324	-0.0231	2.1192	-0.0687	0.0267	2.1694	0.625	
25.867	-0.0023	-0.0029	2.1781	0.1167	0.0595	2.0276	-0.0160	0.2230	2.0135	0.1810	0.6453	2.0076	-0.1784	0.5657	2.1177	0.0893	0.4635	2.0193	0.0532	-0.0260	2.1305	-0.0572	0.0205	2.1741	0.625	
25.934	-0.0279	0.0120	2.1960	0.0812	-0.0365	2.0672	-0.0319	0.2322	1.9915	0.1809	0.6439	2.0076	-0.1790	0.5657	2.1174	0.0877	0.4631	2.0187	0.0219	-0.0098	2.1538	-0.0783	0.0345	2.1874	0.625	
25.967	-0.0273	-0.0010	2.1803	0.0807	-0.0419	2.0664	0.0239	0.2306	1.9782	0.1805	0.6424	2.0075	-0.1793	0.5658	2.1172	0.0870	0.4628	2.0187	0.0257	-0.0195	2.1441	-0.0816	0.0160	2.1619	0.625	
