% Time	A1	A2	A3	A4	A5	A6	
3.218	0.7190	-0.1686	-0.1358	-0.2673	-0.1029	-0.3001	
3.252	0.7519	-0.1686	-0.1358	-0.3001	-0.0043	-0.2344	
3.279	0.8505	-0.0700	-0.1686	-0.2344	0.0286	-0.6618	
3.311	0.6861	-0.2673	-0.3330	-0.3001	-0.1358	-0.1686	
3.343	0.8505	-0.3659	-0.4317	-0.3001	-0.2015	-0.2344	
3.377	0.7847	-0.2673	-0.3659	-0.3659	-0.2015	-0.3001	
3.405	0.6204	-0.3002	-0.3988	-0.3988	0.7847	-0.7604	
3.442	0.9162	-0.1358	-0.3002	-0.1029	0.0944	-0.1358	
3.468	0.7519	-0.3002	-0.3002	-0.3330	-0.2673	-0.3659	
3.499	1.0806	0.1601	-0.1029	-0.1029	0.1272	0.1272	
3.535	0.7190	-0.3330	-0.2673	-0.3659	-0.0043	-0.3001	
3.560	0.8834	-0.0700	-0.1029	0.3245	0.6204	0.1601	
3.592	0.7519	-0.3659	-0.3659	-0.3659	-0.3001	-0.4645	
3.628	0.7519	-0.2015	-0.2015	-0.3001	-0.0700	-0.3988	
3.659	0.6861	-0.3330	-0.3002	-0.3001	-0.8919	-0.3988	
3.685	0.7519	-0.3002	-0.3659	-0.4316	-0.2673	-0.3659	
3.725	0.7519	-0.3330	-0.3988	-0.3659	-0.0700	-2.2069	
3.752	0.4889	-0.3330	-0.3330	-0.3001	-0.0371	-0.2673	
3.781	0.6861	-0.2673	-0.1686	-0.4316	-0.1358	-0.3659	
3.811	0.7519	-0.2015	-0.1029	-0.3988	-0.0371	-0.3330	
3.846	1.1464	-0.4317	-0.3002	-0.4974	-0.2673	-0.4645	
3.874	0.8505	-0.3659	-0.3659	-0.4316	-0.3330	-0.4974	
3.907	0.2916	-0.2344	-0.4317	-0.3988	-0.1358	-0.3988	
3.935	0.6532	-0.2344	-0.4317	-0.3988	-0.3001	-0.5631	
3.968	0.4560	-0.2673	-0.2015	-0.2673	0.0286	-0.2344	
3.999	0.7847	-0.2673	-0.2344	-0.1686	-0.1029	-0.2673	
4.030	0.9820	-0.1358	-0.0043	-0.1686	0.0944	1.6724	
4.061	0.6532	-0.4317	-0.2673	-0.3659	-0.2015	-0.3988	
4.093	0.7519	-0.3002	-0.4645	-0.4316	-0.1358	-0.4316	
4.125	0.7519	-0.3002	-0.2673	-0.3001	-0.3001	-0.2344	
4.156	0.6861	-0.2673	-0.3988	-0.3001	-0.2015	-0.3659	
4.186	1.3436	0.0615	-0.1029	0.0286	0.0615	-0.1029	
4.218	0.7519	-0.2015	-0.3330	-0.1358	-0.1358	-1.4179	
4.250	0.7519	0.2259	-0.2673	-0.3001	-0.0043	-0.6946	
4.279	0.8834	-0.1358	-1.7795	-0.3001	-0.0371	-0.1358	
4.312	0.8176	-0.2673	-0.2015	-0.8919	-0.0371	-0.3659	
4.343	0.7847	-0.3002	0.1930	-0.2344	-0.2015	-0.3659	
4.374	0.3902	-0.3988	-0.2344	-0.3659	-0.2344	-0.2673	
4.407	0.3245	-0.3002	-0.3988	-0.4645	-0.0371	-0.3659	
4.438	0.6204	-0.3330	-0.4317	-0.3659	-0.1686	-0.3988	
4.468	0.7190	-0.2344	-0.2673	-0.3659	-0.2015	-0.4974	
4.499	0.5217	-0.2673	-0.3659	-0.1358	-0.0371	-0.2673	
4.532	0.8834	-0.1029	-0.2344	-0.2015	0.1272	-0.4645	
4.562	0.6204	-0.2673	-0.4645	-0.4645	-0.2344	-0.3001	
4.594	0.5875	-0.3659	-0.3002	-0.4316	-0.2344	-0.3988	
4.626	0.6204	-0.3330	-0.3330	-0.4645	-0.2673	-0.2673	
4.655	0.6204	-0.4317	-0.3330	0.1930	-0.2015	-0.4316	
4.687	0.5875	-0.2344	-0.3002	-1.0234	-0.2673	-0.3988	
4.717	0.6532	-0.2673	-0.1358	-0.3330	-0.1029	2.0997	
4.750	0.6532	-0.2344	-0.3002	-0.3988	-0.1358	1.1464	
4.780	0.7847	-0.2344	-0.2673	-0.5631	0.0615	-0.2344	
4.810	0.6861	-0.0043	-0.3330	-0.3988	-0.1686	-0.5631	
4.846	0.7847	-0.3002	-0.2344	0.0615	-0.2015	-0.2015	
4.873	0.8176	-0.3002	-0.3330	0.6532	-0.3001	-0.5631	
4.906	0.5546	-0.1686	-0.4974	-0.5303	-0.2344	-0.5631	
4.940	0.5875	-0.3002	-0.4317	-0.4645	-0.2344	-0.4316	
4.969	0.7519	-0.0371	-0.2344	-0.2673	-0.0371	-0.3330	
4.999	0.8834	-0.1029	-0.2015	-0.2344	-0.3659	-0.3988	
5.030	0.8505	-0.0371	-0.2673	-0.3001	-0.1686	-0.6946	
5.061	0.6204	-0.3330	-0.3330	-0.3988	-0.1686	-0.5303	
5.092	0.6861	-0.3988	-0.4317	-0.3330	-0.3001	-0.3330	
5.130	0.7847	-0.2344	-0.4645	1.3436	-0.0700	-0.3001	
5.159	0.6532	0.0286	0.1272	-0.3001	-0.2344	-0.4316	
5.186	0.6861	-0.3659	-0.3330	-0.4316	-0.1686	-0.2673	
5.222	0.7190	-0.2673	-0.3988	-0.5303	-0.2673	-0.4645	
5.253	0.6532	-0.2344	0.1272	-0.1029	0.3574	-0.0043	
5.280	0.8505	-0.1358	-0.3002	0.1601	-0.1029	-0.2344	
5.312	0.8176	0.0286	-0.2344	-0.2673	-0.1358	-0.4645	
5.347	0.8176	-0.1686	-0.1686	0.1272	-0.0700	-0.2673	
5.375	0.7190	-0.1029	-0.5632	-0.2344	-0.1029	-0.1358	
5.412	1.1464	0.2259	0.3574	0.2916	0.5217	0.1930	
5.436	0.6204	-0.2344	-0.4317	-0.3330	-0.1686	-0.4316	
5.467	0.6532	-0.1358	-0.1686	-0.3988	-0.1029	-0.4974	
5.498	0.7847	-0.3002	-0.2344	-0.2344	-0.1029	-0.2344	
5.530	0.7519	-0.2673	-0.0043	-0.2344	-0.0043	0.0286	
5.561	0.8176	-0.2673	-0.2673	-0.3330	-0.2344	-0.3001	
5.594	1.0149	-0.3002	-0.2015	-0.2015	-0.1686	-0.2673	
5.627	0.8505	-0.2673	-0.1029	-0.3001	-0.1029	-0.2015	
5.656	0.6861	-0.3330	-1.1878	-0.3988	-0.2344	-0.3988	
5.692	0.4889	-0.2344	-0.4645	-0.4316	-0.3001	-0.5631	
5.721	0.6532	-0.3002	-0.3002	-0.4316	-0.2673	-0.5631	
5.750	0.7519	-0.3330	-0.3330	-0.3330	-0.0700	-0.2673	
5.781	0.7847	-0.3002	-0.0043	-0.3001	-0.2015	4.0065	
5.814	0.8834	-0.2673	-0.3002	-0.2673	-0.1358	-0.3659	
5.844	0.5217	-0.3330	-0.3330	-0.3988	-0.2344	-0.3659	
5.880	0.6861	-0.2344	-0.3330	-0.4316	-0.0700	-0.2673	
5.904	-0.5303	-0.3659	-0.3330	-0.3659	0.0286	-0.3988	
5.936	0.5546	-0.3002	-0.4645	-0.4645	-0.2015	-0.4974	
5.971	0.6204	-1.0234	-0.3659	-0.4974	-0.3330	0.7190	
5.997	0.7847	-0.1686	-0.5303	-0.1686	-0.0371	0.1930	
6.029	0.4560	-0.3002	-0.2344	-0.3001	0.0286	-0.2673	
6.063	0.6861	-0.2015	-0.2344	-0.2673	-0.1686	-0.2015	
6.094	0.7847	-0.2673	-0.3002	-0.3988	-0.1686	-0.3001	
6.124	0.6532	-0.3659	-0.2344	-0.3001	-0.3001	-0.3988	
6.160	0.6861	-0.2673	-0.2344	-0.3001	-0.1358	-0.3001	
6.191	0.6861	-0.3002	-0.3659	-0.2673	-0.2015	-0.2344	
6.217	0.7519	-0.2015	-0.4974	-0.9248	-0.4645	-0.4316	
6.248	0.8505	-0.3659	-0.3330	-0.3659	-0.2344	3.6120	
6.281	0.7519	-0.0371	-0.2673	-0.3659	-0.0700	-0.3659	
6.310	0.6861	-0.3659	-0.2015	-0.3001	0.1601	-0.1686	
6.346	0.7190	-0.2344	-0.2673	-0.3988	-0.2015	-0.4645	
6.374	1.0806	-0.1686	-0.2673	-0.3001	-0.3330	-0.3659	
6.407	0.7190	-0.4317	-0.3659	-0.3001	-0.2673	-0.3330	
6.436	0.6861	-0.3002	-0.4317	-0.2015	-0.2015	-0.3001	
6.471	0.6861	-0.2344	-0.3988	-0.1686	-0.2015	1.2121	
