% Time	A1	A2	A3	A4	A5	A6	
3.485	1.1464	-0.2673	-0.2344	-0.1358	-0.0700	-0.2015	
3.503	1.0149	-0.3002	-0.3330	-0.3988	-0.1029	-0.3988	
3.509	1.0477	-0.3002	-0.3002	-0.3330	-0.2344	-2.7658	
3.532	1.0477	-0.2673	-0.2015	-0.3330	-0.1029	-0.3659	
3.536	1.0806	-0.2344	-0.3330	-0.3330	-0.1686	-0.4974	
3.563	1.1135	-0.7275	-0.3002	-0.2344	-0.0700	-0.0700	
3.568	1.1135	-0.3002	-0.1686	-0.2344	-0.1029	-0.1686	
3.599	1.1792	-0.2673	-0.1358	-0.2344	-0.1029	4.3024	
3.603	1.4094	-0.0043	-0.1686	-0.0043	0.0286	-0.2015	
3.626	0.9820	-0.3002	-0.4317	-0.3659	-2.0425	-1.3521	
3.630	1.1464	-0.3330	-0.2344	-0.4645	-0.1029	-0.3988	
3.666	1.1464	-0.2015	-0.3330	-0.4316	-0.1029	-0.3988	
3.687	1.0149	-0.1358	-0.3988	-0.2673	-0.0700	-2.0754	
3.720	1.0806	-0.3002	-0.3002	-0.3330	-0.2015	-0.4645	
3.732	1.0806	-0.3330	0.1930	-0.3988	-0.1029	-0.4316	
3.752	1.1135	-0.2673	-0.2344	-0.3001	-0.2344	0.7847	
3.754	0.9820	-0.2344	-0.3988	-0.2344	-0.0371	-0.3330	
3.783	1.0149	-0.1686	-0.2673	-0.3659	-0.0371	-0.3330	
3.789	1.2121	-0.2673	-0.3330	-0.2673	-2.7000	-0.5960	
3.812	1.0149	-0.2015	-0.3330	-0.2673	-0.1358	-0.6618	
3.818	1.2121	-0.2344	-0.1358	-0.1686	-0.1029	-0.0700	
3.851	1.4094	-0.0700	-0.0371	-0.2015	-0.0700	-0.2344	
3.881	1.0477	-0.1358	-0.1686	-0.3001	0.0286	-2.3384	
3.915	1.0806	0.3574	-0.2673	-0.4316	-0.1358	-0.4645	
3.931	1.0149	-0.2673	-0.7604	-0.0043	-0.1358	-0.3988	
3.943	1.0806	-0.3002	-0.2673	-0.3001	-0.1029	-0.4316	
3.970	1.0149	-0.2344	-0.3988	-0.2344	-0.1029	-0.3659	
3.974	1.1464	-0.3002	-0.3002	-0.3001	-0.2015	-0.4645	
4.001	1.0477	-0.1686	-0.3002	-0.3001	-0.0371	-0.3330	
4.007	1.0477	-0.4317	-0.5303	-0.3001	-0.2015	-0.5631	
4.039	1.0806	-0.2673	-0.3988	-0.3001	-0.1686	-0.2673	
4.063	1.0477	-0.1029	-0.3002	-0.3330	-0.0371	-0.2015	
4.067	1.2450	-0.2015	-0.2344	-0.2015	0.0944	-0.2344	
4.094	1.0477	-0.2673	-0.3988	-0.3330	-0.1358	-0.3988	
4.100	1.0806	-0.2673	-0.2344	-0.3001	-0.1686	-0.4974	
4.129	1.4422	0.0944	-0.2344	-0.1029	0.1272	-0.0700	
4.130	1.3436	0.0615	-0.1358	-0.0700	0.0944	-0.1029	
4.165	1.0149	-0.2015	-2.7329	-0.3001	-0.2015	-0.3659	
4.188	0.9162	-0.3002	0.0944	-0.0371	-0.3330	-0.1029	
4.194	1.1135	-0.3002	-0.3988	-0.3659	-0.2015	-0.3659	
4.220	1.0806	-0.3002	-0.9248	-0.3988	-0.2673	-0.3988	
4.224	1.2450	-0.2344	-0.3659	-0.2344	-0.1029	-0.2344	
4.251	1.1135	-0.3659	-0.3002	-0.3988	-0.1358	-0.3659	
4.256	0.9491	-0.3002	-0.3002	-0.3659	-0.3001	-0.5631	
4.282	1.1135	-0.2673	-0.2673	-0.2344	-0.1686	4.9270	
4.288	1.0806	-0.1029	-0.3988	-0.3001	-0.2015	-0.1686	
4.320	1.0149	-0.2673	-0.3988	-0.3330	-0.1686	-0.3988	
4.351	1.2779	-0.2344	-0.1029	-0.2015	1.1135	0.0944	
4.377	1.1135	-0.0700	-0.0043	0.0615	0.1930	-0.0043	
4.381	1.1464	-0.2344	-0.2673	-0.2673	1.2779	0.0944	
4.413	1.0806	-0.1686	-0.3330	0.0944	0.0286	-0.1029	
4.428	1.1464	-0.2673	-0.3659	-0.3001	-0.0371	-0.4316	
4.443	1.0149	-0.1686	-0.3988	-0.3988	-0.1358	-0.5960	
4.469	1.2450	-0.2015	-0.2673	-0.1686	-0.0043	-0.2344	
4.473	1.2450	-0.1358	-1.3193	0.4889	-0.0043	-0.3001	
4.501	1.0806	-0.3330	-0.2344	-0.4316	-0.1358	-0.2344	
4.505	1.0477	-0.3002	-0.4317	-0.3988	-0.1029	-0.3659	
4.538	1.4751	-0.2015	-0.4645	-0.3988	-0.4316	-0.4316	
4.563	1.0806	-0.2344	-0.2673	-0.2673	-0.1686	4.6640	
4.568	1.0477	-0.2344	-0.3330	-0.2673	-0.2344	-0.3001	
4.596	1.0806	-0.3002	-0.6947	-0.3330	-0.3001	-0.3330	
4.599	1.0149	-0.1029	-0.3002	-0.4316	-0.1029	-0.4974	
4.628	1.0806	-0.3659	-0.2344	-0.3001	-0.2673	-0.3001	
4.633	1.0149	-0.1358	-0.2344	-0.3988	0.0286	-0.2673	
4.667	1.2779	-0.0043	-0.0371	-0.1686	0.3902	-0.6289	
4.691	1.0477	-0.3002	-0.2344	-0.3659	-0.1029	3.4476	
4.694	1.1135	-0.3330	-0.3002	-0.3330	-0.1358	-0.4316	
4.722	1.0149	0.0615	-0.3330	-0.4316	-0.1358	-0.5303	
4.725	1.0149	-0.2673	-1.8782	-0.5960	-0.1686	-0.4316	
4.751	1.0149	-0.2344	-0.3659	-0.2344	-0.1358	2.6586	
4.757	1.1135	-0.2673	-0.1686	1.8367	-0.0043	-0.2015	
4.788	1.0806	-0.2344	-1.3193	-0.5631	-0.2344	-0.3988	
4.818	1.0806	-0.2344	-0.2673	-0.3330	-0.2015	-0.3659	
4.821	1.0149	-0.3988	-0.2673	-0.3659	-0.1029	-0.3659	
4.853	1.2779	-0.1358	-0.6618	-0.1358	-0.0371	-0.3659	
4.881	1.0806	-0.1358	-0.1358	-0.2015	-0.7933	-0.3001	
4.918	1.0806	-0.2673	-0.7604	-0.3988	-0.1029	-0.3988	
4.929	1.0806	-0.3002	-0.2673	-0.2673	0.0286	-0.4645	
4.945	1.4422	-0.0043	-0.2015	-0.0371	0.0944	-1.0234	
4.979	1.1135	-0.2673	-0.7604	-0.1029	-0.2015	-0.1358	
5.008	0.9491	-0.3330	-0.5303	-0.3001	-0.3001	0.2916	
5.033	0.9491	-0.7275	-0.2344	-0.3988	-0.0043	-0.1358	
5.037	0.9820	-0.3002	-0.4317	-0.2673	-0.2344	-0.3001	
5.065	1.0806	-0.2015	-0.3659	-0.3988	-0.0371	-0.3330	
5.069	1.2121	-0.2015	-0.1686	-0.1358	0.0286	-0.2015	
5.095	1.2121	-0.0700	-0.0371	0.0286	0.1272	-0.1029	
5.099	1.1464	-0.2673	-0.3002	-0.2344	-0.0371	-0.4316	
5.128	1.2121	-0.1686	-0.1358	-0.1686	-0.1029	-0.2344	
5.133	1.1792	-0.3988	-0.0371	-0.1686	0.0286	0.0944	
5.169	1.0806	-0.3002	-0.2344	-0.2673	-0.1358	-0.3001	
5.188	1.0806	-0.2673	-0.3002	-0.3659	-0.2015	-5.4287	
5.193	1.1464	-0.2344	-0.2015	-0.5631	-0.1686	-0.3659	
5.219	1.0806	-0.1029	-0.2015	-0.2344	-0.1029	-0.2344	
5.227	1.2779	-0.1686	-0.3659	-0.2673	-0.0700	-0.3330	
5.276	1.0477	-0.2015	-0.4317	-0.2344	-0.1029	-0.5303	
5.290	1.0149	-0.2015	-0.5303	-0.4316	-0.2344	-0.8919	
5.316	1.0477	-0.1358	-0.3988	-0.3659	-0.2015	-0.7604	
5.317	1.0806	0.2916	-0.1358	-0.2015	-0.0043	-0.4974	
5.348	1.3107	-0.2673	-0.2673	-0.2015	-0.1029	-0.6289	
5.350	1.1135	-0.2673	-0.3002	1.5080	-0.0043	-0.3001	
5.383	1.0149	-0.2673	-0.2015	-0.3001	0.9491	-0.3001	
5.432	1.0806	-0.3330	-0.3659	-0.2673	-0.2344	-4.0150	
5.445	1.1135	-0.2344	-0.3002	-0.2673	-0.2344	-0.3659	
5.460	0.9820	-0.3988	-0.3988	-0.3330	-0.2344	-0.3330	
5.473	1.4422	-0.2673	-0.3002	-0.3001	-0.2344	-0.2344	
5.502	0.9491	-0.3330	-0.2673	-0.3659	-0.2015	-0.3988	
5.507	0.9820	-0.3002	-0.4645	-0.3001	-0.1358	-2.8315	
5.537	1.0477	-0.3002	-0.3659	-0.3988	-0.1686	-0.5303	
5.568	1.0806	-0.2673	-0.2673	-0.4645	-0.1358	-0.4316	
5.570	1.0477	-0.3330	-0.4317	-2.8973	-1.1549	-0.4974	
5.594	1.1792	-0.2673	-0.3330	-0.3001	-0.5303	0.0944	
5.601	0.9820	0.3574	-0.1686	-0.1686	-0.0700	-0.9576	
5.629	1.1135	-0.1686	-0.2015	-0.3330	-0.1029	-0.3988	
5.632	1.0149	-0.3002	-0.3002	-0.2015	-0.1029	-0.1686	
5.670	1.2121	-0.2015	-0.2344	-0.2673	-0.1029	1.9682	
5.689	1.0477	-0.3988	-0.3002	-0.3659	-0.2344	-0.2344	
5.695	1.0477	-0.3002	-0.3988	-0.2344	-0.2015	-0.3330	
5.722	1.0149	-0.8262	-0.2673	-0.4316	-0.3659	0.5875	
5.724	1.1464	-0.1029	-0.3330	-0.3988	-0.1686	-0.6289	
5.753	1.2779	-0.0043	-0.2673	-0.1358	-0.0043	-0.3659	
5.757	1.0477	-0.4974	-0.4317	-0.3988	-0.2344	-0.1358	
5.793	1.1464	-0.0700	-0.1029	-0.3330	-0.2015	-0.2673	
5.829	1.0806	-0.3002	-0.2673	-0.3659	-0.1029	-0.3001	
5.851	1.0806	-0.2673	-0.2015	-0.2344	-0.4645	0.2259	
5.875	0.9491	-0.3330	-0.3988	-0.3001	-0.2673	-0.4974	
5.880	1.1464	-0.3002	-0.2344	-0.2673	0.0944	-0.1358	
5.914	1.0806	-0.2344	-0.2015	-0.4316	-0.2015	-0.3001	
5.929	1.0806	-0.1358	-0.4317	-0.2673	-0.2673	-0.4316	
5.942	1.1792	-0.3330	-0.3330	-0.3659	-0.3988	-0.4645	
5.970	1.0477	-0.3002	-0.4317	-0.4645	-0.1686	-0.4645	
5.975	1.0806	-0.3002	-0.2673	-0.3330	-0.1358	-0.3988	
6.003	1.1464	-0.3002	-0.3988	-0.2673	-0.1029	-0.3659	
6.006	0.9491	-0.4974	-0.4645	-0.2015	-0.1686	-0.3001	
6.037	1.0477	-0.3002	-0.2673	-0.4316	-0.2673	-0.3988	
6.040	1.0477	-0.6289	-0.5303	-0.3988	-0.1686	-0.1029	
6.064	1.0477	-0.2673	-0.1686	-0.2673	-0.1686	0.0286	
6.067	1.1135	-0.2344	-0.3988	-0.4316	-0.2015	-0.3330	
6.096	1.0477	-0.3002	-0.2673	-0.3330	-0.2673	-0.3001	
6.098	1.1792	-0.4974	-0.2015	-0.3988	-0.1029	-0.2015	
6.127	1.2121	-0.1029	-0.2344	-0.2015	-0.0700	-0.3001	
6.132	1.0149	-0.3659	-0.2673	-0.2673	-0.1029	-0.4316	
6.164	1.0149	-0.1686	-0.3002	-0.2015	-0.0700	-0.2344	
6.191	1.0149	-0.4317	-0.4645	-0.3988	-0.9248	-0.5960	
6.194	1.4422	-0.0043	-0.2344	-0.0700	1.4422	1.2779	
6.220	1.1464	-0.2015	-0.2344	-0.2015	-0.3001	-0.2673	
6.225	1.1135	-0.0700	-0.3002	-0.3659	-0.1358	-0.6946	
6.251	0.9820	-0.3330	-0.2344	-0.3988	0.2587	-0.2344	
6.254	1.2779	-0.1029	-0.3002	-0.2015	-0.0371	-0.2673	
6.281	1.0806	-0.2015	-0.4974	-0.2015	-0.1358	-0.2344	
6.288	1.0149	-0.3002	-0.4317	-0.6618	-0.2673	-0.4316	
6.313	1.1135	-0.1686	-0.3988	-0.3001	-0.1358	2.3299	
6.317	1.0806	-0.2015	-0.3330	-0.3001	0.2259	-0.1686	
6.346	0.9820	-0.3002	-0.5632	-0.6289	-0.3001	-0.3001	
6.350	1.1792	-0.3002	-1.8782	-0.3330	0.0615	-0.3330	
6.379	1.1135	-0.3659	-0.2344	-0.3001	-0.1686	-0.1686	
6.382	1.2121	-0.2673	-1.2207	-0.0371	-0.0371	-0.3001	
6.412	1.1464	-0.2015	-0.3659	-0.3001	-0.1686	-0.3001	
6.429	1.1135	-0.1358	-0.3002	-0.3001	-0.1029	-0.2344	
6.443	1.4751	0.1272	0.0615	-0.1029	0.0944	3.0531	
6.469	1.1792	-0.1029	-0.3002	-0.2015	-0.0700	-0.1358	
6.473	1.1464	-0.1686	-0.0043	-0.2344	-0.0371	-0.2673	
6.500	1.0477	-0.2673	-0.2015	0.1272	-0.0700	-0.3001	
6.505	1.2121	-0.1029	-0.2673	-0.2673	-0.1029	-0.0371	
6.532	0.6861	-0.3002	-0.3988	-0.3330	-0.1029	-0.3330	
6.536	1.4094	0.0615	-0.5303	-0.2673	0.1272	-0.2015	
6.569	1.0477	-0.2673	-0.1358	-0.3001	-0.1358	-0.3988	
6.601	1.2121	-0.2344	-0.3330	-0.3001	-0.0700	2.6915	
6.628	1.0477	-0.2344	-0.3002	-0.2673	-0.2015	-0.4645	
6.632	1.3107	-0.1029	-0.2673	-0.1686	-0.2015	-0.0700	
6.664	0.9820	-0.2673	-0.2015	-0.2673	0.0286	-0.3001	
6.687	1.0477	-0.2673	-0.3988	-0.3330	-0.2673	-0.3330	
6.693	1.1792	-0.0700	-0.2673	-0.1686	0.1272	-0.3001	
6.720	1.1135	-0.1029	-0.2015	-0.2344	-0.1358	-0.2673	
6.725	1.0806	-0.1358	-0.8262	-0.1029	-0.1029	-4.5082	
6.750	1.0477	-0.3002	-0.3002	-0.4316	-0.1029	-0.1686	
6.756	1.0806	-0.3002	-0.3330	-0.2344	-0.1358	-0.5303	
6.789	1.0149	-0.0371	-0.3659	-0.3330	-0.2344	-0.5631	
6.814	1.0806	-0.2673	-0.3002	-0.3330	-0.1358	-0.3001	
6.817	1.1464	-0.2015	-0.1686	2.0997	0.3245	-0.2015	
6.849	1.0149	-0.1686	-0.6289	-0.3330	0.0286	-0.4316	
6.879	1.1464	-0.1358	-0.2344	-0.3001	-0.0043	-0.2673	
6.881	1.0806	-0.2344	-0.3659	0.5546	-0.3988	-0.4316	
6.926	1.0477	-0.2344	-0.3988	-0.3330	-0.1686	-0.4316	
6.942	0.9820	-0.4317	-0.4317	-0.2344	-0.3659	-0.3659	
6.945	0.9820	-0.2344	-0.2344	-0.3001	-0.2015	-0.3001	
6.963	1.0149	-0.4317	-0.2673	-0.5631	-0.2015	-0.4645	
6.976	1.2450	-0.2673	-0.3002	-0.2673	-0.1686	-0.3988	
7.013	1.0477	-0.1358	-0.2015	-0.2344	0.0286	-0.2673	
7.041	1.0149	-0.1686	-0.4317	0.0286	-0.0700	-0.2015	
7.064	1.0806	-0.2015	-0.2344	-0.1686	-0.1029	-0.2344	
7.068	1.2779	-0.1686	-0.3002	-0.2344	0.0286	-0.3001	
7.095	1.0477	-0.1686	-0.3330	-0.3330	-0.0700	-0.1358	
7.100	1.2450	-0.2344	-0.3330	-0.3330	-0.0700	-0.2673	
7.140	1.0149	-0.3002	-0.4974	-0.0700	-0.1358	-0.3659	
7.168	1.1135	-0.8262	-0.2344	-0.3001	-0.2015	0.5546	
7.188	1.1135	-0.2344	-0.3002	-0.3330	-0.2015	-0.3330	
7.192	1.2450	0.5217	-0.2344	-0.1358	-0.1029	-1.0563	
7.222	0.6861	-0.2015	-0.3988	-0.3659	-0.1686	-0.3330	
7.224	0.9491	-0.3002	-0.3988	-0.3330	-0.2344	-0.4316	
7.255	1.0149	-0.3002	-0.3659	-0.3001	-0.3001	-0.8590	
7.257	0.8505	-0.3002	-0.4317	-0.0700	-0.0371	-0.3659	
7.282	1.0149	-0.2673	-0.3659	-0.3001	-0.2344	1.2450	
7.288	1.1464	-0.2673	-0.4317	-0.2673	-0.0700	-0.4316	
7.321	0.9491	-0.1686	-0.2673	-0.3659	-0.1686	-0.4645	
7.346	1.2121	-0.1358	-0.3002	-0.2673	-0.1686	-0.3330	
7.349	1.0806	-0.3002	-0.2344	-0.2673	-0.0700	-0.3659	
7.375	1.1135	-0.2344	-0.2673	-0.2344	-0.2015	3.5134	
7.382	1.0806	-0.3002	-0.0700	-0.3988	-0.1358	0.5217	
7.410	1.0477	-0.3330	-0.4645	-0.2673	-0.1358	-0.5960	
7.413	1.4422	-0.2344	-0.1358	-0.1029	0.0286	-0.2344	
7.429	1.1792	-0.3002	-0.3002	-0.2673	-0.0700	-0.2015	
7.445	0.8176	-0.4317	-0.3330	-0.2673	-0.1029	-0.3659	
7.470	1.1135	-0.0700	-0.1686	-0.3988	-0.2015	-0.4645	
7.473	1.0806	-0.7275	-0.4645	-0.1029	0.0615	0.7847	
7.503	1.0149	-0.3330	-0.3988	-0.5303	-0.1029	-0.4316	
7.506	0.9820	-0.3330	-0.3988	-2.2398	-0.3659	-0.4645	
7.536	1.1135	-0.2015	-0.3002	-0.2015	-0.3659	-0.2344	
7.539	1.0806	-0.3002	-0.5303	-0.4316	-0.2344	-0.3988	
7.563	1.1792	-0.1358	-0.2673	-0.1029	-0.0371	-0.2673	
7.568	1.2121	-0.1358	-0.2015	0.0944	0.0944	-0.1358	
7.611	1.2450	-0.0371	-0.0371	-0.0043	0.0615	-0.1686	
7.629	1.1464	-0.2015	-0.5960	-0.3988	-0.1029	-0.4974	
7.633	1.2121	-0.2015	1.0477	-0.1358	-0.0043	-0.2344	
7.664	1.0806	-0.3659	-0.2673	-0.3659	-0.9248	-0.5631	
7.703	1.0477	-0.3002	-0.2673	-0.3330	-0.0700	-0.2673	
7.725	1.0806	-0.3002	-0.4317	-0.3988	-0.2015	-0.3330	
7.727	0.8176	-0.4317	-0.3659	-0.3330	-0.0371	-0.3001	
7.751	1.0806	-0.2015	-0.6618	-0.2344	-0.0371	-0.3330	
7.756	0.9491	-0.2673	-0.3330	-0.2344	-0.2015	-0.2673	
7.786	1.1464	-0.2673	-0.3659	-0.1686	-0.1686	-0.3001	
7.788	1.1792	-0.1029	-0.3002	-0.2015	0.0615	-0.3330	
7.814	1.0149	-0.3002	-0.3330	-0.3330	0.0944	-0.1029	
7.817	1.7052	-0.2673	-0.1686	-0.3659	-0.3001	-0.2673	
7.846	1.3765	0.0615	-0.0371	-0.0043	0.1272	-0.1029	
7.849	1.1792	-0.1029	-0.3002	-2.4041	-0.4974	-0.2344	
7.878	1.0477	-0.2673	-0.2344	-0.2673	-0.0371	-0.3001	
7.880	1.2121	-0.2673	-0.1358	-0.3001	-0.0700	-0.3001	
7.913	1.0477	-0.3002	-0.3330	-0.5631	-0.1686	-0.3001	
7.929	1.0477	-0.3002	-0.3988	-0.3001	-0.1358	-0.4316	
7.944	1.1135	-0.2673	-0.3002	-0.5303	-0.1686	-0.3988	
7.992	0.9820	-0.3002	-0.4645	-0.4645	-0.3330	-0.5303	
7.998	0.9820	-0.2015	-0.3988	-0.4645	-0.1686	-0.1358	
8.008	1.1792	-0.0700	-0.3330	-1.3521	-0.1686	-0.3330	
8.051	1.1792	-0.1029	-0.4317	-0.1358	-0.0700	2.5271	
8.084	1.2450	0.6204	0.0944	-0.3001	-0.0043	-1.5823	
8.106	0.9162	-0.2344	-0.4974	-0.3330	0.0286	-0.4316	
8.128	1.1464	-0.1358	-0.3988	-0.3001	-0.5303	-0.1358	
8.130	1.3107	-0.2673	-0.0371	-0.3001	-0.1686	-0.3659	
8.168	1.1135	-0.4317	-0.1358	-0.0043	-0.0371	-0.3330	
8.189	1.0477	-0.3002	-0.2673	-0.3988	-0.6946	-0.1029	
8.195	1.1135	-0.3659	-0.3659	-0.3330	-0.3001	-0.2344	
8.219	1.0149	-0.1358	-0.3659	-0.2344	-0.1029	-0.3001	
8.224	2.6915	-0.0371	-0.0700	-0.0043	-0.1358	-0.4645	
8.252	1.2779	-0.2344	-0.2673	-0.3001	-0.1686	-0.3001	
8.256	1.2450	-0.1358	-0.1029	-0.2015	-0.0371	0.9162	
8.290	0.7190	-0.3659	-0.4974	-0.4316	-0.2673	-0.3001	
8.320	1.0149	-0.3002	-0.2344	-0.4316	-0.2344	-0.3988	
8.347	1.0806	-0.1686	-0.2344	-0.3988	-0.1029	-0.3988	
8.348	1.2121	-0.2015	-0.2015	-0.3330	0.1930	-5.0670	
8.375	1.0477	-0.2344	-0.4317	-0.3330	-0.1358	-2.3055	
8.380	1.0806	-0.3002	0.3245	-0.2673	-0.2673	-0.3659	
8.413	1.1464	-0.2344	-0.3002	-0.3330	-0.0371	-1.3850	
8.430	1.1135	-0.2344	-0.3002	-0.3330	-1.6151	-0.7933	
8.442	1.1464	-0.2673	-0.2015	-0.2015	-0.1686	3.2175	
8.465	1.0477	-0.3002	-0.2673	-0.3659	-0.0043	-0.4316	
8.473	1.0149	-0.3659	-0.2344	-0.4316	-0.2015	-0.3988	
8.509	1.1464	-0.2344	-0.3988	-0.1686	-0.2015	1.1135	
8.544	1.0477	-0.2344	-0.3988	-0.3330	-0.2344	-0.1686	
8.571	0.9491	-0.3002	-0.4645	-0.3659	-0.2015	-0.4974	
8.593	0.9491	-0.3002	-0.3330	-0.3659	-0.3001	-0.4645	
8.600	1.2450	-0.1686	-0.2344	0.9491	0.4231	-0.3330	
8.628	1.1135	-0.3330	-0.3330	-0.4316	-0.2344	-0.3659	
8.630	1.0806	-0.2344	-0.2673	-0.3330	-0.1686	-0.4316	
8.664	1.0806	-0.0371	-0.3002	-0.1686	-0.0371	-0.1686	
8.690	1.1464	0.1930	-0.3002	-0.3001	-0.0700	-0.5631	
8.692	1.0806	-0.2344	-0.3002	-0.3001	-0.3001	7.0967	
8.724	1.3107	-0.1358	0.0286	-0.1029	0.0944	-2.9630	
8.726	1.0149	-0.3002	-0.3002	-0.3659	-0.1686	3.6120	
8.761	1.2121	-0.2344	-0.3659	-0.2344	-0.0043	-1.1549	
8.794	0.9162	-0.2015	-0.4317	-0.3659	-0.2344	-0.4316	
8.823	1.2121	-0.3988	-0.3659	-0.3988	-0.2673	-0.5303	
8.853	1.1464	-0.2344	-0.3988	-0.2673	-0.0043	-0.2344	
8.877	0.9820	0.0286	-0.2673	-0.3001	-0.0700	-0.5631	
8.879	1.1135	-0.2673	-0.2673	-0.2344	-0.1686	-0.5960	
8.917	0.9820	-0.2015	-0.2015	-0.3988	-0.1358	-1.4836	
8.929	1.3107	-0.0700	-0.1029	-0.0700	-0.0043	-0.2015	
8.945	0.9820	-0.3002	-0.4645	-0.4316	-0.2673	-0.4316	
8.971	1.0806	-0.3002	-0.4317	-0.1358	-0.1029	-0.4316	
8.973	1.0806	-0.3659	-0.3330	-0.5303	-0.1686	-0.3988	
9.003	0.9491	-0.1358	-0.2344	-0.2015	0.0286	-0.3988	
9.006	1.0149	-0.3002	-0.5303	-0.2344	-0.3659	-0.4316	
9.032	1.0149	-0.2344	-0.0700	-2.1740	-0.4974	-0.3001	
9.037	1.2779	-0.0700	-0.1029	-0.2344	0.1272	-0.2015	
9.063	1.0477	-0.1686	-0.3002	-0.3988	-0.1358	-0.4316	
9.067	0.6204	-0.1029	-0.2344	-0.3988	0.3902	-0.3330	
9.097	1.0806	-0.0700	-0.4645	-0.3330	-0.1686	-0.6946	
9.100	1.0149	-0.2673	-0.2673	-2.3713	-0.6289	-0.3988	
9.125	0.9820	-0.3330	-0.4974	-0.3659	-0.2673	-0.3659	
9.130	1.0149	-0.1686	-0.4317	-0.3330	-0.1029	-0.3988	
9.161	1.2450	-0.2673	-0.3659	-0.2673	-0.1358	-0.3330	
9.164	1.0477	-0.2673	-0.3002	-0.3330	-0.2015	-0.3330	
9.191	1.0477	-0.4317	-0.3659	-0.4316	-1.2206	-0.4974	
9.194	0.9491	-0.3659	-0.3988	-0.4645	-0.2673	-0.4974	
9.223	1.0477	-0.3330	-0.3002	-0.1358	-0.2344	-0.5303	
9.228	1.0806	-0.1358	-0.2673	-0.3001	-0.0700	-0.1358	
9.250	1.1464	-0.2015	-3.4562	-0.1686	0.0615	-0.1358	
9.256	0.9491	-0.0043	-0.0700	-0.1358	0.2916	-0.3330	
9.300	1.1135	0.4889	-0.3002	-0.3988	-0.1358	-1.1220	
9.326	0.9162	-0.2015	-0.3988	-0.3988	0.3574	-0.4974	
9.355	0.9162	-0.3002	-0.4317	-0.4645	-0.2673	-0.4974	
9.386	1.0477	-0.2673	-0.1358	-0.2015	-0.1029	-0.3659	
9.419	1.1792	-0.2673	-0.2673	-0.2344	-0.6289	-0.3001	
9.431	1.0477	-0.2673	-0.4317	-0.5303	-0.2673	-0.3659	
9.444	0.9491	-0.3659	-0.3330	-0.4645	-0.2673	-0.3988	
9.477	0.9820	-0.2344	-0.4317	-0.4316	-0.2015	-0.4645	
9.496	1.2779	-0.1358	-0.1686	-0.1686	0.0286	0.0944	
9.506	0.9491	-0.3330	-0.2673	-0.4316	-0.1686	-0.4316	
9.543	1.1464	-0.4645	-0.3330	-0.2673	-0.2344	-0.0043	
9.584	1.0806	-0.2673	-0.3659	-0.3988	-0.2344	-0.2673	
9.601	0.8834	-0.5303	-0.4645	-0.6289	-0.3988	-0.4974	
9.626	1.2779	-0.6947	-0.5960	-0.3659	-0.7275	-0.5631	
9.630	1.1464	-0.2344	-0.3002	-0.3001	0.1930	-0.1686	
9.666	1.1464	-0.2015	-0.2344	-0.2673	-1.2864	-0.3988	
9.688	0.9491	-0.4317	-0.3330	-1.1878	-0.4645	-0.4645	
9.695	1.1135	-0.2015	-0.2344	-0.3001	-0.1358	-0.3001	
9.724	1.1464	-0.2344	-0.3002	-0.2344	-0.1029	2.3956	
9.725	1.0149	-0.3002	-0.4974	-0.5631	-0.3659	-0.4316	
9.754	0.7519	-0.4645	-0.5632	-0.7275	-0.4645	-0.6618	
9.757	1.2779	-0.0043	-0.4645	-0.0043	-0.0700	-0.2015	
9.781	1.1792	-0.1358	0.0286	-0.1686	0.0615	-0.1686	
9.787	1.1135	-0.2673	-0.2673	-0.2673	-0.1029	-0.3659	
9.815	1.0806	-0.2673	-0.3659	-0.2673	-0.2015	-5.5273	
9.817	1.1792	-0.1686	0.1601	-0.1686	-0.0043	0.3574	
9.851	1.0806	-0.1686	-0.2344	-0.2673	1.3436	0.0286	
9.887	1.0806	-0.1358	-0.3659	-0.3330	0.2259	-0.3001	
9.918	1.2121	-0.2015	-0.0371	-0.2673	-1.6809	-0.5303	
9.928	1.4422	-0.1686	-0.3659	-0.3330	-0.3330	-0.4974	
9.943	1.0806	-0.3002	-0.3988	-0.4316	-0.2344	-0.3330	
9.975	2.0669	-0.4317	-0.3659	-0.3330	-0.4645	-0.4645	
10.001	1.0149	-0.2015	-0.3002	-0.2344	-0.0371	-0.3659	
10.005	1.0477	-0.2015	-0.3988	-0.3659	-0.1358	-0.3988	
10.031	1.3107	-0.1358	-0.2344	-0.1358	-0.1029	-0.2015	
10.037	1.0477	-0.2673	-0.3659	-0.9248	0.2587	-0.2673	
10.061	0.8176	-0.4974	-0.5632	-0.3988	-0.7604	-0.7604	
10.068	1.1135	-0.2344	-0.1686	-0.3001	-0.3330	-0.2673	
10.093	1.0477	-0.3002	-2.1083	-0.3988	-0.3001	-0.5631	
10.099	1.0477	-0.0371	-0.2015	-0.1686	-0.0700	3.0531	
10.130	0.9820	-0.2015	-0.4317	-0.4316	-0.1686	-0.4645	
10.132	1.0149	-0.3330	-0.3659	-0.3988	0.2587	-0.1686	
10.164	1.0806	-0.1358	-0.3330	-0.1686	0.4889	-0.0700	
10.191	0.9820	-0.0700	-0.3988	-0.3988	0.5875	-0.3330	
10.193	1.1135	-0.3330	0.6532	-0.2344	-0.2344	-0.3330	
10.221	1.0477	-0.2673	-0.2673	-0.4316	-0.1686	-0.4316	
10.225	1.0149	0.8834	-0.4317	-0.3330	-0.1358	-1.1549	
10.253	1.1792	-0.2344	-0.2673	-0.1686	-0.0043	-0.0043	
10.256	1.0149	-0.2673	-0.4317	-0.2015	0.0286	-0.2673	
10.281	1.0149	-0.3002	-0.4974	-0.3330	-0.2344	0.3902	
10.286	0.7847	-0.5303	-0.5632	-0.5631	-0.4645	-0.5631	
10.332	1.0477	-0.3330	-0.3330	-0.2673	-0.2673	-0.2673	
10.362	1.0149	-0.2673	-0.1686	-0.3330	0.5546	-0.2344	
10.387	1.1464	-0.1686	-0.3002	-0.0043	-0.1686	-0.2673	
10.420	1.0806	-0.3330	-0.2673	-0.3659	-0.1686	-0.7275	
10.428	1.1792	-0.2344	-0.3330	-0.2673	-0.1358	-1.3193	
10.442	1.0149	-0.2673	-0.7604	-0.4316	-0.2673	-0.7604	
10.473	1.0806	-0.2015	-0.2673	-0.4645	-0.0043	-0.5631	
10.476	1.0149	0.1272	-0.2344	-0.3988	-0.2673	-1.1220	
10.507	1.0477	-0.1686	-0.4317	-0.3988	-0.2344	-0.8919	
10.533	0.9820	-0.3330	-0.3002	-0.3659	-0.2344	-7.4012	
10.537	1.1464	-0.1686	-0.3002	-0.3001	-0.0043	-0.2673	
10.566	1.0806	-0.5632	-0.2344	-0.4645	-0.2673	-0.2344	
10.568	1.0149	-0.3002	-0.3659	-0.2673	0.0286	0.3574	
10.603	1.0477	-0.2015	-0.3002	-0.2344	-0.1029	-0.2673	
10.626	0.9162	-0.4317	-1.0234	-0.3659	-0.2673	-0.3659	
10.629	1.1464	-0.2344	-0.3988	-0.3659	0.0286	-0.3988	
10.665	1.0477	-0.3330	-0.2344	-0.3988	-0.0700	-0.3330	
10.689	0.9820	-0.2344	-0.4974	-0.3988	-0.2344	-0.3988	
10.692	1.1464	-0.3002	-0.3988	-0.3001	-0.2344	-0.3330	
10.719	0.9820	-0.4645	-0.4974	-0.3988	-0.3001	-0.4316	
10.723	0.8505	-0.4645	-0.3330	-0.5303	-0.2015	-0.4316	
10.751	1.2121	-0.2673	-0.3002	-0.2015	-0.0700	-0.1686	
10.755	1.1792	-0.3002	-0.2344	-0.2344	-0.2344	0.0615	
10.783	1.0149	-0.2673	-0.4974	-0.3330	-0.1686	2.3956	
10.786	0.8505	-0.3659	-0.3330	-0.5960	-0.2344	-1.2864	
10.819	1.3107	0.0286	-0.1358	-0.1686	0.0615	-0.0371	
10.854	0.9491	-0.3002	-0.3659	-0.3659	-0.0371	-0.3988	
10.885	1.0149	-0.4317	-0.2673	-0.4645	-0.2344	-0.3001	
10.919	1.0149	-0.3330	-0.2673	-0.3988	0.0286	-0.2673	
10.931	0.9820	-0.3988	-0.2673	-0.2673	-0.0371	-0.3659	
10.943	1.6066	-0.2344	-0.3659	-0.3988	-0.4645	-0.5960	
10.976	1.1792	-0.2673	-0.3659	-0.5303	-0.2344	-0.4974	
10.996	0.6532	-0.4645	-0.3659	-0.3988	-0.1029	-0.3659	
11.005	1.1792	-0.0371	-0.1029	-0.3001	0.0944	-0.3001	
11.033	1.0806	-0.2673	-0.3988	-0.6946	-0.1029	-0.2673	
11.037	1.2779	0.0286	-0.3002	-0.1686	0.0286	-0.2015	
11.065	1.0806	-0.2344	0.8176	-0.2673	-0.2344	-0.3330	
11.069	1.1792	-0.4645	-0.2673	-0.1686	-0.0371	0.2587	
11.094	1.1135	-0.4974	-0.2673	-0.2673	-0.1029	-0.0043	
11.098	1.3107	-0.3330	-0.1358	-0.1358	0.0286	-0.2344	
11.134	1.1464	-0.6618	-0.2673	-0.3001	-0.1686	0.1601	
11.187	1.1135	-0.1358	-0.2673	-0.2344	-0.4316	-0.3988	
11.196	1.2121	-0.1686	-0.0700	-0.3001	-0.0043	-0.3330	
11.221	1.0806	-0.1358	-0.3002	-0.5303	-0.1358	-0.4316	
11.225	0.5546	-0.2673	-0.3002	-0.3988	-0.1358	-0.3330	
11.252	1.2121	-0.2015	-0.2344	-0.2015	-0.8919	-0.5631	
11.255	1.0806	-0.2344	-0.3002	-0.1686	-0.1029	-0.3001	
11.287	1.1135	-0.2344	-0.3330	-0.3330	-0.2015	-0.4316	
11.316	1.1135	-0.3002	-0.2673	-0.3988	-0.5960	-0.2673	
11.317	1.1135	-0.1358	-0.2673	-0.3001	0.0615	-0.3988	
11.351	1.1464	-0.1358	0.5546	-0.3001	-0.1686	-0.1358	
11.378	1.0149	-0.2673	-1.1549	-0.3988	-0.3001	-0.4645	
11.381	1.1464	-0.1029	-0.2015	-0.2344	-0.5303	-0.1358	
11.417	1.0806	-0.3002	-0.3002	-0.3001	-1.9768	-0.7604	
11.445	0.6532	-0.2015	-0.3659	-0.3659	-0.0700	-0.2673	
11.477	1.1135	-0.3659	-0.3659	-0.3330	-0.6618	-0.4645	
11.491	0.9491	-0.2673	-2.2398	-0.4645	-0.3001	-0.3001	
11.507	0.9820	-0.3002	-0.4974	-0.3988	-2.2726	-0.2673	
11.533	1.0477	-0.2344	-0.3659	-0.2344	-0.2015	-0.2015	
11.537	0.7847	-0.3988	-0.2015	-0.3330	-0.0043	-0.2344	
11.575	0.9820	-0.1686	0.6861	-0.1029	-0.1686	-0.4316	
11.596	1.0477	-0.3659	-0.4974	-0.3330	-0.2015	-0.3988	
11.600	1.1135	-0.3002	-0.3002	-1.1220	-0.3001	-0.3659	
11.629	0.9162	-0.3002	-0.3002	-1.8453	-0.3659	-0.4645	
11.633	1.1135	-0.2344	-0.4317	-0.3001	0.1601	-0.3001	
11.668	1.1135	-0.2673	-0.2015	-0.2015	-0.1686	-0.3001	
11.691	1.1135	-0.3330	-0.2673	-0.2673	-0.4316	-0.5631	
11.694	1.1792	-0.1686	-0.3988	-0.2015	-0.0700	-0.4316	
11.729	1.1792	-0.2344	-0.3002	-0.3330	-0.1686	-0.3659	
11.760	0.9162	-0.2673	-0.5632	-0.4316	-0.3001	-0.4974	
11.786	1.0477	-0.1686	0.8505	-0.2015	-0.0043	-0.3001	
11.789	0.9820	-0.2673	-0.3988	-0.3001	-0.1029	-0.3659	
11.823	1.1464	-0.2673	-0.3002	-0.2015	-0.0043	-0.3988	
11.850	1.3436	-0.0371	-0.2344	-0.1358	0.0286	1.6066	
11.878	1.1135	-0.3002	-0.4317	-0.3988	-0.3001	-0.4974	
11.883	1.0806	-0.3988	-0.2673	-0.2673	0.7190	-0.0700	
11.923	1.1792	0.3574	-0.3330	-0.2673	-0.0700	-0.8261	
11.930	1.0149	-0.2673	-0.2673	-0.2673	-0.1358	-0.2673	
11.944	1.1464	-0.1686	-0.4974	-0.3659	-0.2344	-0.4645	
11.967	0.9162	-0.1686	-0.2673	-2.2069	-0.2673	-0.3659	
11.973	1.0149	-0.2344	-0.4645	-0.5960	-0.1686	-0.3988	
12.001	0.9820	-0.3330	1.4094	-0.5303	-0.1358	-0.4645	
12.006	1.0149	-0.2344	-0.2673	-0.3659	-0.1358	-0.3988	
12.035	-0.5303	-0.3659	-0.4974	-0.3988	0.0944	-0.3001	
12.037	1.3436	-0.1358	-0.2015	-0.1686	-0.0700	-0.2344	
12.062	0.9491	-0.3330	-0.2015	-0.3330	-0.1029	-0.3659	
12.068	1.2121	-0.1686	-0.0700	-0.2015	0.0286	-0.2673	
12.096	1.0477	-0.3330	-0.3988	-0.9905	-0.4974	-0.3988	
12.099	1.0806	-0.1029	-0.3002	0.3245	-0.1029	-0.1358	
12.125	0.9162	-0.3659	-0.2344	-0.4316	-0.3001	0.7190	
12.131	1.2450	0.3245	0.1930	-0.2344	0.2259	-0.2344	
12.163	1.1792	-0.1358	-0.2344	-0.2015	-0.0371	-0.3659	
12.189	1.0806	-0.3330	-0.3002	-0.3659	-0.1358	-0.5303	
12.193	1.0806	0.0944	-0.4317	-0.2673	-0.1029	-0.8261	
12.226	0.9820	-0.2673	-0.4317	-0.3659	-0.2673	-0.4645	
12.252	1.1464	-0.3002	-0.2344	-0.4316	-0.1358	-0.3001	
12.255	1.3107	0.0286	-0.2015	-0.1029	0.0944	-0.2015	
12.286	0.9162	-0.2344	-0.3002	-0.4316	-0.0700	-0.2673	
12.288	1.1792	-0.2015	-0.1686	-0.2673	-0.0700	-0.2344	
12.324	0.8505	-0.2673	-0.3659	-0.3988	-0.2015	-0.3330	
12.346	1.1135	-0.2673	-0.3988	-0.1686	-0.1029	-0.3330	
12.348	1.0149	-0.2673	-0.5303	-0.3001	-0.1686	-0.2673	
12.380	0.8834	-0.4317	-0.4974	-0.5631	-0.2673	-0.8590	
12.416	0.9820	-0.3002	-0.1029	-0.4316	-0.2673	-0.1029	
12.430	1.0477	-0.3659	-0.3002	-0.4316	-0.3330	-0.4316	
12.445	0.9491	-0.3659	-0.4317	-0.4316	-0.2673	-1.0891	
12.477	1.0149	-0.2344	-0.7275	-0.4974	-0.1686	-0.7275	
12.495	1.1135	-0.2673	-0.3659	-0.3001	-0.2344	-0.3988	
12.506	0.9491	-0.2673	-0.3659	-0.4316	-0.2344	-0.4316	
12.535	1.0806	-0.2015	-0.2344	-0.1358	-0.0700	-2.0425	
12.536	0.9820	-0.1686	-0.3988	-1.4508	-0.4974	-0.4316	
12.572	1.0806	-0.3002	-0.2673	-0.3330	-0.0700	-0.2015	
12.596	1.0477	-0.3002	-0.4317	-0.3001	-0.2015	-0.3330	
12.599	1.0149	-0.1358	-0.3330	-0.3988	-0.1029	-0.4645	
12.637	1.1135	-0.2344	-0.2344	0.0286	0.2587	-0.3988	
12.684	1.1135	-0.2673	-0.2673	-0.4645	-0.0371	-0.3659	
12.700	1.0806	-0.6289	-0.3330	-0.2344	-0.2344	-0.0700	
12.721	1.0806	-0.3002	-0.3002	-0.3988	-0.2015	-0.4645	
12.724	0.7847	-0.6289	-0.4645	-0.7275	-0.4974	-0.7933	
12.758	1.0477	-0.3002	-0.4317	-0.3001	-0.0043	-0.5631	
12.782	1.3765	-0.0371	-0.1686	-0.1358	0.0944	-0.1029	
12.788	0.9820	-0.3002	-0.3988	-0.3659	-0.4645	-0.3988	
12.812	1.0477	-0.3330	-0.2673	-0.3330	-0.1686	-0.3659	
12.817	1.1464	-0.1686	-0.3002	-0.2015	-0.0700	-0.1358	
12.844	1.0806	-0.3002	-0.3988	-0.3330	-3.5877	-1.2864	
12.850	1.1792	0.3574	-0.2015	-0.3330	0.0615	-0.7933	
12.876	1.1135	-0.2673	-0.2673	-0.2344	-0.2015	-0.4316	
12.881	1.1135	-0.1686	-0.3659	-0.3659	-0.0371	-0.3659	
12.917	1.0149	-0.2344	-0.3988	-0.3659	0.7847	-0.2015	
12.942	0.9162	-0.4317	-0.5303	-0.3988	-1.4179	-0.4974	
12.944	0.9162	-0.3002	-0.4645	-0.4316	-0.1686	2.2312	
12.977	0.6204	-0.3988	-0.3659	-0.4645	-0.2015	-0.4316	
12.991	1.0149	-0.3002	-0.4974	-0.3001	-0.3001	-0.3330	
13.006	1.0149	-0.3659	-0.2673	-0.3330	-0.2015	-0.3330	
13.048	1.1464	-0.2673	-0.3330	-0.3330	-0.2015	-0.2344	
13.075	1.0149	-0.2015	-0.3659	-0.3001	-0.2344	-0.4974	
13.095	1.0477	-0.3659	-0.6289	-0.3330	-0.3659	-0.3001	
13.099	1.1792	0.1930	-0.2344	-0.1358	0.2916	-0.1358	
13.139	1.1792	-0.1029	-0.3002	-0.2344	-0.0043	-0.3659	
13.196	1.0477	-0.2673	-0.3659	-1.0563	-0.8590	-0.4645	
13.215	1.0806	-0.1686	-0.3330	-0.2015	-0.0043	-0.2344	
13.225	0.9491	-0.2344	-0.0700	-0.3001	-0.2344	-0.4316	
13.253	1.2450	-0.2015	-0.1686	-0.2015	-0.1029	-0.3659	
13.273	1.0477	-0.3659	-0.3330	-0.4974	-0.3001	-0.3988	
13.288	1.0149	-0.3330	-0.3002	-0.3001	-0.9576	-0.3001	
13.320	1.1792	-0.0700	-0.2673	-0.0700	0.2587	-0.6289	
13.347	1.0477	-0.2673	-0.2015	-0.3988	-0.1686	-0.1686	
13.349	1.2121	-0.3659	-0.2015	-0.1029	0.0286	0.3245	
13.378	1.0806	-0.3002	0.3902	-0.3001	-0.2015	-0.5631	
13.380	0.6532	-0.5303	-0.5960	-0.7275	-0.2673	-0.4645	
13.422	1.0806	-0.2673	-0.6289	-0.2344	-0.1686	-0.4974	
13.428	1.1135	-0.2673	-0.3988	-0.3001	-0.1686	-0.3330	
13.442	1.0477	-0.3988	-0.3002	-0.3988	-0.2673	-0.0700	
13.470	1.0149	-0.2015	-0.1686	-0.3659	0.2916	-0.3330	
13.478	1.1135	-0.2673	-0.4317	-0.3659	0.0286	-0.5960	
13.513	1.0477	-0.2015	-0.3002	-0.2673	-0.2673	-0.3988	
13.526	1.0806	-0.3002	-0.3988	-0.2344	-0.1358	-0.3659	
13.537	0.9820	-0.2673	-0.3330	-0.3001	-0.0700	0.6861	
13.564	1.1464	-0.3659	-0.3330	-0.2673	-0.1029	-0.2015	
13.570	1.0477	-0.3002	0.0944	-0.3988	-0.0371	-0.3330	
13.597	1.2121	-0.2015	-0.3002	-0.2344	-0.1358	-0.7604	
13.598	1.0477	0.0944	-0.3002	-0.1358	-0.0043	-0.1358	
13.630	1.1792	-0.2344	-0.3002	-0.2673	-0.2015	-0.3001	
13.632	1.3107	-0.3002	-0.2015	-0.2673	-0.1686	-0.3330	
13.669	1.1464	-0.2344	-0.3002	-0.3001	-0.1029	0.5217	
13.691	0.9820	-0.2673	-0.3988	-0.3659	-0.1358	-0.4645	
13.693	1.0149	-0.2344	-0.3659	-0.3001	-0.1029	-0.5631	
13.729	2.0669	0.5546	0.4560	0.7847	0.8834	0.2259	
13.763	1.0806	-0.3002	-0.4645	-0.3988	-0.2344	-0.4316	
13.798	0.9491	-0.3002	-0.2673	-0.3659	-1.3521	-0.7275	
13.819	1.2779	-0.0371	-0.0700	-0.0371	0.0944	-0.1358	
13.851	0.9162	-0.2673	-0.3988	-0.3659	-0.2673	-0.3988	
13.883	1.1792	-0.0043	-0.1686	-0.2673	0.1601	-2.0096	
13.923	1.1135	-0.1358	-0.2015	-1.3850	-0.2673	-0.3001	
13.932	0.9491	-0.3330	-0.4974	-0.6618	-0.2344	-0.4974	
13.944	1.0477	-0.3002	-0.0700	-0.4316	-0.2673	-0.3659	
13.992	1.0477	-0.3330	-0.4645	-0.3659	-0.2673	-0.4645	
13.996	1.1464	-0.2344	-0.4645	-0.3659	-0.1686	-0.3988	
14.006	1.0149	-0.2673	-0.3988	-0.2673	-0.2015	-0.3988	
14.043	0.9162	0.4231	-0.4317	-0.3988	-0.1358	-1.1549	
14.097	1.0806	-0.2015	-0.2673	-0.3330	-0.1029	-0.4645	
14.117	1.1792	-0.3002	-0.2673	-0.2673	-0.0043	0.0286	
14.132	1.1464	-0.2673	-0.0371	0.1930	0.3245	-0.0700	
14.172	1.0477	-0.3002	-0.5632	-0.4316	-0.2015	-0.3330	
14.195	0.9162	-0.6289	-0.3002	-0.4316	-0.3001	0.3245	
14.230	0.9820	-0.2344	-0.5632	-0.3001	-0.1686	-0.4645	
14.263	1.0149	-0.3002	-0.3988	-1.4508	-0.0371	-0.3659	
14.295	1.0806	-0.2673	-0.3330	-0.2673	-0.2015	-0.4316	
14.315	1.3436	-0.4974	-0.2344	-0.2344	-0.0700	-0.1029	
14.317	1.1464	-0.1029	-0.1029	-0.4645	0.1272	-0.3001	
14.345	0.9820	-0.1686	-0.4317	-0.3988	-0.2344	-0.5631	
14.348	1.0806	-0.3002	-0.3330	-1.1220	-0.6618	-0.4316	
14.381	1.2450	-0.3002	-0.3002	-0.3001	-0.1686	-0.3001	
14.413	1.1792	-0.1686	-0.3002	-0.2344	-0.0371	-0.8261	
14.427	0.9820	0.4889	-0.3002	-0.3001	-0.3001	-1.0891	
14.443	1.1792	-0.1686	-0.4974	-0.3330	0.7190	-0.3330	
14.477	1.1135	-0.0043	-0.2673	-0.3659	-0.2015	-0.8919	
14.491	1.0806	-0.2673	-0.3002	-0.3988	-0.1029	-0.3988	
14.507	1.1464	-0.4317	-0.2344	-0.3988	-0.2344	-0.3330	
14.542	0.7190	0.4889	-0.7275	-0.8590	-0.6289	-1.6480	
14.567	1.0477	-0.2015	-0.0700	-0.1686	-0.0700	1.5737	
14.569	1.0806	-0.2015	-0.2673	-0.2673	-0.0371	-0.3659	
14.599	0.9820	-0.1029	-0.3988	-0.3330	-0.1358	-0.3988	
14.629	1.1135	-0.2344	-0.3659	-0.2673	-0.1029	-0.4316	
14.631	1.1792	-0.1358	-0.3002	-0.2015	-0.0700	-0.1686	
14.674	1.1792	-0.2015	-0.1686	-0.1686	-0.1358	-0.3001	
14.699	1.2450	-0.1686	-0.1686	-0.2673	-0.0043	-0.4316	
14.731	1.4094	-0.1029	-0.2673	-0.1686	-0.0371	-0.1686	
14.761	1.0477	-0.2015	-0.4645	-0.3988	-0.2673	-0.5303	
14.786	1.2450	-0.2015	-0.2015	-0.1686	-0.1029	-0.1358	
14.787	1.2779	-0.2015	0.0615	-0.2015	-0.0371	-0.1686	
14.822	0.9491	-0.3330	-0.3002	-0.3659	-0.2015	-0.2015	
