% Time	A1	A2	A3	A4	A5	A6	
8.752	0.6204	-0.3002	-0.3002	-0.0043	0.1601	-0.3001	
8.764	0.6861	-0.1358	-0.0700	0.1930	0.2259	6.8337	
8.778	0.7847	-0.2673	-0.1686	-0.3001	0.5217	-0.3988	
8.796	0.7519	-0.1686	-0.3330	-0.2015	-0.1686	-1.1878	
8.811	0.6532	-0.1686	-0.2344	0.0944	0.0286	-0.3330	
8.831	0.7190	-0.2015	-0.1686	-0.2673	-0.0371	-0.2673	
8.843	0.7519	-0.2015	-0.3330	-0.3330	-0.1358	-0.3988	
8.863	0.7847	-0.3002	-0.1686	-1.0234	-0.1358	-0.1358	
8.872	0.7190	-0.2015	-0.1358	-0.3659	-0.0700	3.9736	
8.888	0.6861	-0.4317	-0.5632	-0.3001	-0.2344	-0.2673	
8.903	0.7847	-0.2673	-0.3002	0.0615	-0.2015	-0.3659	
8.923	0.6861	-0.6947	-0.4645	-0.3659	-0.3001	0.1601	
8.936	0.6861	-0.2015	-0.5303	0.4560	0.7190	-0.3001	
8.950	0.6861	-0.2015	-0.3002	-0.3330	-0.1029	-0.3659	
8.966	0.7519	-0.1686	-0.2015	-0.2015	-0.1029	-0.3001	
8.982	1.0149	-0.1029	-0.0371	-0.0371	0.1601	-0.1358	
8.996	0.7847	-0.2015	-0.2015	-0.3330	-0.0371	-0.2344	
9.015	0.8176	-0.2673	-0.2673	-0.3001	-0.1686	-3.3575	
9.028	0.7519	-0.2673	-0.3330	-0.3330	-0.2344	-0.4316	
9.047	0.7190	-0.0700	-0.3002	-0.4645	-0.0371	-0.2015	
9.060	0.7519	-0.3002	-0.3330	-0.2344	-0.1686	-0.3330	
9.075	0.5546	-0.8262	-0.3659	-0.4974	-0.2015	-0.1029	
9.091	0.7847	0.4889	-0.3988	-0.2673	-0.1686	-1.0234	
9.107	0.6204	-0.3002	-0.5303	-0.3659	-0.2344	-0.5303	
9.123	0.7190	-0.3330	-0.3659	-0.2344	-0.2015	1.5737	
9.143	0.6861	-0.3659	-0.1029	-0.2673	-0.2015	-0.3330	
9.154	0.5546	0.0944	-0.1358	-0.8590	-0.0043	-0.2673	
9.170	0.6204	-0.2015	-0.4645	-0.1029	-0.0371	-0.3659	
9.186	0.6204	-0.2344	-0.8262	-0.3001	-0.2344	-0.3988	
9.205	0.6532	-0.3330	-0.3659	-0.3659	-0.3001	-0.3659	
9.217	0.6861	-0.1686	-0.3988	-0.3330	-0.1358	-0.4316	
9.238	0.7519	-0.1686	-0.3988	-0.2673	-0.1029	-1.5494	
9.248	1.0477	-0.0700	-0.1358	-0.1029	0.0286	-0.2344	
9.263	0.7190	-0.2344	-3.6205	-0.2344	-0.2673	-0.3001	
9.278	0.6204	-0.4317	-0.2673	-0.3330	-0.2673	-0.1029	
9.294	0.7519	-0.1029	-0.8590	-0.1686	-0.0043	-0.2344	
9.310	0.6532	-0.3988	-0.3002	-0.3659	-0.2344	-0.2344	
9.330	0.7519	-1.6152	-0.3002	-0.3001	-0.1358	0.2916	
9.342	0.7519	-0.3002	-0.3002	-0.4316	-0.1686	-0.4316	
9.356	0.5875	-0.3988	-0.6289	-0.3330	-0.2344	0.7190	
9.372	0.6204	-0.3002	-0.3002	0.7519	-0.1029	-0.4645	
9.392	0.6204	-0.1686	-0.3988	-0.3001	-0.1029	-0.3659	
9.405	0.8505	-0.2344	-0.3988	-0.1358	-0.0371	0.0615	
9.420	0.6861	-0.1686	-0.3659	-0.3001	-0.2015	0.1272	
9.436	0.6204	-0.2015	-0.2015	-0.4316	0.6532	-0.3001	
9.450	0.8176	-0.2673	-0.3002	-0.4316	-0.1686	-0.3988	
9.466	0.6204	-0.3988	-0.3988	-0.5631	-0.1686	-0.3001	
9.483	0.7190	-0.1358	-0.4317	-0.2015	-0.1029	-0.3659	
9.497	0.6861	-0.3002	-0.3002	-0.3659	-0.1358	-8.3874	
9.516	0.8176	-0.2344	-0.2344	-0.1686	-0.1686	-0.1029	
9.530	0.7190	0.1272	-0.2015	-0.3330	-0.1029	-0.8261	
9.544	0.7847	-0.1358	-0.3659	-0.2344	-0.4645	-0.2673	
9.561	0.6861	-0.1686	-0.3659	-0.3001	-0.0700	-0.4645	
9.581	1.4422	-0.1686	-0.1686	-0.3001	-0.3001	-0.4316	
9.593	0.7519	-0.2015	-0.1358	-0.3659	-0.1686	-0.2344	
9.606	0.6861	-0.2015	-0.7275	-0.3330	-0.2015	-0.4645	
9.622	0.8834	-0.1358	-0.3002	-0.3330	-0.1686	-0.3330	
9.637	0.6532	-0.3002	-0.3002	-0.3659	-0.1358	-0.0371	
9.657	0.7190	-0.2344	-1.7467	-0.2673	-0.1358	-0.3330	
9.677	0.7847	-0.2015	-0.3002	-0.3659	-0.1686	-0.4316	
9.689	0.6861	-0.0371	-0.2673	-0.2344	-0.1686	-0.2344	
9.703	0.7190	-0.0371	-0.2344	-0.2673	-0.0700	-0.4974	
9.716	0.8176	-0.2344	-0.2344	-0.2344	-0.1358	-0.3330	
9.731	0.6861	-0.3002	-0.2673	-0.1686	-0.0371	-0.3330	
9.746	0.7519	-0.3659	-0.0371	-0.2344	0.4231	-0.3988	
9.766	0.6532	-0.3659	-0.3659	-0.3659	-0.1029	-0.2673	
9.779	0.7847	-0.2015	-0.3002	-0.3001	0.2259	-0.3001	
9.796	1.0477	0.1601	-0.1029	-0.0371	0.0286	-0.5303	
9.811	0.8505	-0.1358	0.1601	0.1601	-0.1358	-0.2673	
9.825	0.7519	-0.2015	-0.4974	-0.6289	-0.1029	-0.3659	
9.841	1.0806	-0.2015	-0.1686	-0.1029	-0.1358	-0.2015	
9.861	0.9162	-0.0371	-0.2015	-0.1029	0.3245	-0.6618	
9.872	0.6204	-0.3659	-0.4974	-0.3001	0.1272	-0.3988	
9.889	0.3245	-0.5632	-0.2344	-0.4316	-0.4645	-0.6618	
9.904	0.7847	-0.2673	-0.3988	-1.8453	-0.1358	-0.4316	
9.919	0.6861	-0.2673	-0.2015	-0.3001	-0.2344	-0.3330	
9.936	0.9162	0.0615	-0.2015	-0.1029	0.1272	-0.2015	
9.950	0.7190	-0.1358	-0.3002	-0.3659	-0.1686	-0.4316	
9.967	0.8176	0.0615	-0.1029	-0.1686	0.0944	-0.0700	
9.983	0.8834	-0.1029	-0.0700	-0.1029	-0.0371	-0.2015	
9.997	0.7847	-0.2673	-0.2673	-0.3001	-0.7604	-0.1686	
10.012	0.9491	-0.0371	2.3627	-0.1358	0.1272	-0.0700	
10.033	0.8176	-0.2673	-0.2673	-0.2673	-0.1029	-0.3330	
10.048	0.6861	0.1272	-0.1686	-0.3001	0.0286	-0.4974	
10.060	0.6861	-0.3330	-0.3330	-1.0234	-0.3988	-0.2673	
10.080	0.8834	0.0944	-0.2673	-0.2015	-0.1686	-0.3001	
10.093	0.7190	-0.3002	-0.3002	-0.3988	-0.1358	-0.3001	
10.107	0.6204	-0.3002	0.2587	-0.4316	-0.2344	-0.4645	
10.122	0.7519	-0.4317	-0.3002	-0.3659	-0.2673	-0.3001	
10.142	0.6532	-0.2344	-0.3330	-0.2673	0.1601	0.1930	
10.154	0.6532	-0.3002	0.0286	-0.3330	-0.2673	-0.3330	
10.176	0.7519	-0.1686	-0.2015	-0.2673	-0.0700	-0.2344	
10.188	0.6532	-0.4645	-0.3330	-0.4316	-0.4974	-0.4316	
10.200	0.6861	-0.2673	-0.2344	-0.3330	-0.1358	-0.3988	
10.217	0.6861	-0.2673	-0.0043	-0.0043	-0.0700	-0.2015	
10.232	0.9491	-0.0043	-0.1029	-0.1358	-0.1358	-0.1358	
10.248	0.7847	-0.2344	-0.4317	-0.3001	-0.0700	-0.2015	
10.267	0.7847	-0.2344	-0.4974	-0.3988	-0.1686	-0.4645	
10.278	0.8505	-0.1358	0.0286	-0.2015	-0.0700	-0.2015	
10.295	0.8505	-0.2344	-0.3988	-0.2344	-0.0043	-4.7054	
10.311	0.5217	-0.3002	-0.1686	-0.2673	-0.0043	-0.1686	
10.328	0.7847	-0.1358	-0.0043	-0.1029	-0.0043	-0.2673	
10.340	0.9491	-0.0700	-0.2015	-0.2015	0.0286	-0.2344	
10.358	0.7847	-0.2673	-0.4645	-0.3001	-0.2344	-0.3988	
10.375	0.7190	-0.2344	-0.3330	-0.3001	-0.1686	-0.3001	
10.388	0.6204	-0.3002	-0.2673	-0.7604	-0.1029	-0.4974	
10.404	0.7847	-0.2673	-0.3330	-0.3001	0.3245	-0.7275	
10.424	0.6532	-0.2344	-0.0371	-0.3001	-0.1686	-0.2673	
10.435	0.7847	-0.2015	-0.3659	-0.2673	-0.1686	-0.3659	
10.451	0.7190	-0.3330	-0.3659	-0.2673	-0.1358	-0.3659	
10.466	0.6204	-0.3659	-0.3330	-0.3988	-0.2015	-0.2015	
10.482	0.6861	-0.2015	-0.2015	-0.3330	-0.0371	-0.3988	
10.497	0.8834	-0.3330	-0.2344	-0.2344	0.0286	0.0615	
10.517	0.7190	-0.2344	-0.2344	0.2587	0.2916	-0.3330	
10.529	1.8367	-0.2015	-0.2673	-0.1686	-0.3001	-0.3001	
10.549	0.7847	-0.1686	-0.4317	-0.2344	-0.0043	-0.3988	
10.561	0.4889	-0.3988	-0.3002	-0.5303	-0.3659	-0.3988	
10.576	0.9820	-0.1358	-0.4974	-0.1358	0.0286	-0.2673	
10.592	0.6861	-0.3002	-0.3002	-0.3330	-0.2344	-0.3330	
10.612	0.6861	-0.2344	-0.3002	-0.2673	-0.1358	-0.2344	
10.626	0.7190	-0.2015	-0.2673	-0.2344	-0.1029	-0.3001	
10.638	1.9682	-0.2344	-0.3330	-0.3659	-0.3330	-0.4974	
10.653	0.8834	-0.5632	0.0286	0.1272	-0.0043	0.1272	
10.669	0.5217	-0.2344	-0.5960	-0.3001	-0.3330	0.8834	
10.686	0.5875	-0.3330	-0.3659	0.3574	-0.2673	-0.3988	
10.700	0.6861	-0.2344	-0.3330	-0.3001	-0.1686	-0.4316	
10.718	0.7519	-0.2673	-0.2015	-0.3001	-0.1358	-0.3330	
10.732	0.7190	-0.1686	-0.3002	-0.3330	-0.0043	0.2916	
10.747	1.0149	0.0615	-1.2207	-0.0043	0.2259	-0.1358	
10.763	0.7519	-0.7275	-0.3330	-0.2344	-0.0700	0.0944	
10.779	1.4422	-0.1358	-0.1358	-0.3001	0.0286	-0.3659	
10.795	0.6861	-0.1029	-0.2015	-0.3330	0.7190	-0.3988	
10.810	0.8505	-0.2015	-0.1358	-0.1358	0.0286	-0.2673	
10.825	0.7847	-0.2673	-0.2673	-0.2673	-0.1029	-0.2344	
10.843	0.7847	-0.2015	-0.2344	-0.3001	-0.3001	-0.3001	
10.857	0.7847	-0.2673	-0.6947	-0.3330	-0.1686	-0.3001	
10.875	0.6861	-0.3002	-0.3659	-0.3330	-0.1686	-0.3988	
10.896	0.8176	-0.2344	-0.4645	-0.2344	-0.0371	-0.4645	
10.905	0.6204	-0.3330	-0.3988	-0.1029	-0.2673	-0.4645	
10.924	1.1792	0.1601	-0.2015	-0.1029	0.0286	-0.3330	
10.936	0.6861	-0.4974	-0.3659	-0.4645	-0.2015	-0.4316	
10.951	0.7847	-0.2344	-0.2344	-0.2015	-0.6618	-0.9248	
10.967	0.7519	-0.3002	-0.3330	-0.3330	-0.0700	-0.0371	
10.984	0.7847	-0.2673	-0.3002	-0.2344	-0.1029	-0.3001	
10.998	0.7847	-0.2344	-0.2673	-0.3001	-0.0700	-1.6480	
11.014	0.7190	-0.1686	-0.3002	0.3574	-0.0371	-0.3988	
11.029	0.9162	-0.2673	-0.2344	1.4422	0.1930	-0.2344	
11.045	0.8176	-0.2673	-0.1358	-0.8261	-0.0371	-0.4316	
11.061	0.7847	-0.2015	-0.1686	-0.2673	0.0615	-0.2015	
11.079	0.7519	-0.2673	-0.2344	-0.1029	-0.1029	-0.4974	
11.093	0.7847	-0.3002	-0.1686	-0.3988	-0.0700	-0.3001	
11.113	0.8505	-0.1029	-0.3002	-0.2673	-0.0371	-0.3330	
11.126	0.7519	-0.2673	-0.3659	-0.2673	-0.2344	-0.4316	
11.139	0.8834	-0.5960	-0.2015	-0.2344	0.0615	0.1930	
11.153	0.8834	-0.0371	-0.2015	-0.1686	0.2587	-0.3330	
11.169	0.6204	-0.3988	-0.4317	-0.3001	-0.0371	0.0286	
11.186	0.4560	-0.2344	-0.5632	-0.3659	-0.2344	-0.3988	
11.205	0.5546	-0.2673	-0.4974	-0.3330	-0.9248	-0.5960	
11.216	0.6532	-0.2673	-0.3330	-0.3659	-0.1358	-0.4316	
11.231	0.7847	-0.3988	-0.3330	-0.3001	-0.1029	0.1272	
11.248	0.8505	-0.1686	-0.1358	0.2916	0.0944	-0.2673	
11.264	0.7847	-0.2344	-0.2673	-0.3330	-0.1358	-0.2673	
11.280	1.0149	0.0615	0.0286	0.9491	0.2916	-0.1358	
11.300	0.6204	-0.3002	0.1601	-0.1686	-0.1029	-0.3988	
11.310	0.8176	-0.2015	-0.2015	-0.2015	-0.0700	-0.3330	
11.327	0.6861	-0.0043	-0.1686	-0.0371	0.2259	0.0286	
11.343	0.8176	-0.2673	-0.3659	-0.1686	-0.0700	-0.3659	
11.362	2.1984	-0.1029	-0.2673	-0.3001	-0.5303	-0.3988	
11.375	0.7519	-0.3659	-0.2344	-0.3659	-0.1686	-0.3330	
11.388	0.5875	-0.3988	-0.3988	-0.4316	-0.1358	-0.2673	
11.404	0.6861	-0.2673	0.1272	-0.3001	-0.2673	-0.4316	
11.419	0.4889	-0.3659	-0.3330	-0.4316	-0.4645	-0.5631	
11.436	0.8176	-0.3659	-0.3330	-0.5303	-0.3001	-0.4974	
11.451	0.6204	-0.2015	-0.5303	-0.3988	-0.1358	-0.4645	
11.466	0.9491	-0.1358	-0.3659	-0.2344	-0.1686	-0.2344	
11.485	0.6532	-0.3002	-0.3330	-0.3330	-1.3850	-0.2015	
11.498	0.7847	-0.1029	-0.2344	-0.0371	0.1601	-0.2015	
11.514	0.6861	-0.1686	-0.4645	-0.2673	-0.0371	-0.3001	
11.528	1.0806	-0.0700	-0.0043	-0.0700	1.2121	-0.3001	
11.545	0.8505	-0.2015	-0.2015	-0.1686	-0.0043	-0.2344	
11.561	0.5875	-0.3002	-0.4645	-0.3330	-0.3330	-0.3659	
11.579	0.6861	-0.3002	-0.3330	-0.3330	-0.1029	-0.2673	
11.595	0.8834	-0.0371	-0.2673	0.0944	0.0944	-0.1358	
11.606	0.6861	-0.3002	-0.9248	-0.4645	-0.2673	-0.4974	
11.623	0.5217	-0.3330	-0.3988	-0.3659	0.0286	-0.2015	
11.638	0.8505	-0.1029	-0.2344	-0.5960	-0.0700	-0.3659	
11.653	0.7190	-0.2015	-0.3002	-0.3330	-0.2015	-0.8919	
11.670	0.6532	-0.3002	-0.4974	-0.3988	-0.2344	-0.3659	
11.686	0.5875	-0.3988	-0.2673	-0.3001	-0.2344	-0.6618	
11.702	0.6861	-0.2015	-0.1358	-0.2673	0.0615	-0.2673	
11.717	0.7847	-0.2344	-0.3330	-0.2344	-0.1686	-0.3001	
11.735	0.6861	-0.2344	-0.4974	-0.1358	-0.0371	-0.2015	
11.749	0.7847	-0.2673	-0.2673	-0.6946	-0.3330	-0.2344	
11.762	0.8834	-0.1686	-0.0371	-0.1029	-0.0700	0.6204	
11.779	0.7519	-0.1686	-0.3330	-0.3001	-0.0700	-0.2673	
11.795	0.6861	-0.2344	-0.2344	-0.2015	-0.0371	-0.1686	
11.813	0.8505	-0.2673	-0.2673	-0.3001	-0.2015	-0.2344	
11.832	0.8505	-0.3002	-0.2673	-0.0371	-0.1686	-0.2344	
11.840	0.5875	0.0944	-0.4645	-0.2673	0.2916	-0.0043	
11.861	0.7519	-0.3988	-0.1686	-0.3001	-0.1358	-0.1029	
11.873	0.5875	-0.2344	-0.3988	-0.4316	-0.2673	-0.6289	
11.887	-0.0371	-0.0371	-0.2344	-0.3001	0.1601	-0.3659	
11.903	0.5546	-0.4317	-0.3002	-0.5960	-0.2344	-0.6289	
11.923	0.5875	-0.3002	-0.3002	-0.4974	-0.2673	-0.3330	
11.937	0.7847	-0.2673	-0.2673	-0.3330	-0.2015	-0.3988	
11.952	0.6204	-0.2673	-0.6618	-0.3330	-0.0700	-0.3659	
11.967	0.7190	-0.2673	-0.3659	-0.3001	-0.1358	-0.3659	
11.981	0.7519	-0.1686	-0.2344	-0.3001	-1.2206	-0.9248	
11.998	0.7190	-0.2015	-0.2673	-0.4316	-0.0371	-0.2344	
12.017	0.5875	-0.3330	-0.2344	-0.4316	-0.1686	-0.4316	
12.030	0.7847	-0.2344	-0.1358	0.5875	-0.0043	-0.2015	
12.045	0.8176	-0.0043	-0.4317	-0.1686	0.1930	2.1655	
12.062	0.7847	0.0286	1.6395	-0.2344	-0.0371	-0.3001	
12.076	0.8505	-0.2344	-0.2015	-0.3988	-0.1686	-0.3001	
12.094	0.6204	-0.2344	-0.2015	-0.2673	0.1272	-0.3001	
12.110	0.7847	-0.2673	-0.1029	-0.2673	-0.0371	-0.3001	
12.123	0.2916	-0.2673	-0.3002	-0.4974	-0.2015	-0.3330	
12.143	0.6861	-0.1029	-0.2015	-0.2673	0.0286	-0.3330	
12.157	0.7190	-0.2344	-0.1686	-0.2673	-0.1029	-0.2344	
12.168	0.7190	-0.2344	0.5875	-0.3001	-0.1686	-0.3659	
12.185	0.8505	-0.0371	-0.2673	-0.0043	0.0286	-0.1358	
12.201	0.8834	-0.1686	-0.2344	-0.1686	0.0286	-0.3001	
12.216	0.7519	-0.2344	-0.3659	-0.3001	-0.1686	-0.3330	
12.235	0.8176	-0.1686	-0.4317	-0.2673	-0.2015	-0.4974	
12.247	0.2259	-0.1686	-0.2344	-0.2344	0.2259	-0.1686	
12.263	0.6861	-0.3330	-0.2673	-0.3659	-0.1358	-0.2344	
12.279	0.7847	-0.2673	-0.2673	-0.3001	-0.1686	-0.3330	
12.294	0.8505	-0.1686	0.0286	-0.1686	0.1930	4.2366	
12.309	0.6861	-0.1358	-0.2344	-0.2015	0.2587	-0.2673	
12.332	0.7190	-0.2015	-0.3002	-0.3001	-0.1358	-0.3659	
12.343	0.7519	-0.2344	-0.3002	-0.0700	-0.0700	-0.2015	
12.356	0.1930	-0.3002	-0.3002	-0.3001	0.0615	-0.2015	
12.373	0.7519	-0.5303	-0.3002	-0.3659	-0.1686	-0.0700	
12.392	0.7847	-0.1686	-0.3330	-0.3330	-0.1358	-0.3001	
12.405	0.7190	-0.3330	0.0286	-0.3988	-0.3001	-0.4974	
12.424	0.7847	-0.1358	-0.3002	0.2587	0.0944	-0.3001	
12.439	0.7519	-0.2344	-0.3659	1.7381	0.0286	-0.4645	
12.450	0.8505	-0.3002	-0.3330	-0.3659	-0.1029	-0.3001	
12.467	0.6532	-0.4317	-0.3002	-0.3988	-0.2344	-0.2673	
12.485	0.6532	-0.1686	-0.4974	-0.1686	-0.2344	-0.3330	
12.498	0.7847	-0.4645	-0.2015	-0.1358	0.2587	0.9491	
12.514	1.0149	-0.0700	-0.2673	-0.1029	0.0615	-0.1686	
12.529	0.6861	-0.2344	-0.2673	-0.2344	-0.1686	-5.0999	
12.545	0.9162	-0.3659	-0.1029	-0.3001	-0.3001	-0.3659	
12.560	0.7190	-0.2344	-0.3659	-0.3988	-0.0371	-0.2015	
12.580	1.6724	0.0944	-0.2673	-0.3001	-0.2673	-0.3001	
12.592	0.7519	-0.2344	-0.2673	-0.5631	-0.7604	-0.3988	
12.612	0.8505	-0.1358	-0.1686	-0.3659	0.0286	-0.3001	
12.628	0.8505	-0.4974	-0.2344	-0.2673	0.0286	-0.0371	
12.638	0.6532	-0.4317	-0.3330	-0.3988	0.3245	-0.4645	
12.654	0.5546	-0.3330	-0.5303	0.0944	-0.3001	-0.4316	
12.674	0.6204	-0.3002	-0.3659	-0.3988	-0.2344	-0.4316	
12.687	0.5546	-0.3659	-0.3988	-0.8590	-0.3330	-0.3330	
12.700	0.7519	-0.1686	-0.3988	-0.3001	-0.1358	-0.3988	
12.717	0.7190	-0.2015	-0.2673	-0.2673	-0.0371	0.0286	
12.731	0.7847	-0.2673	-0.2015	-0.1358	-0.1358	-0.2673	
12.748	0.8834	-0.1029	-0.2673	-0.1686	0.0615	-0.9248	
12.768	0.4560	-0.2344	-0.3330	-0.2673	-0.0700	-0.4316	
12.778	0.9162	-0.0700	-0.2344	-0.0700	0.0944	-2.6343	
12.794	0.8176	0.4889	-0.1686	-0.2673	0.0615	-0.6289	
12.812	0.6532	-0.2015	-0.3988	-0.2673	-0.0700	-0.2344	
12.825	0.6861	-0.2673	-0.8262	-0.5303	-0.2015	-0.3330	
12.841	0.6204	-0.2344	-0.3002	-0.2015	-0.0371	-0.3988	
12.862	0.8505	-0.2015	-0.2344	-0.1029	-0.0371	-0.2015	
12.873	0.5546	-0.2344	-0.2344	-0.4316	-0.1029	2.7572	
12.893	0.6861	-0.3330	-0.2673	-0.2344	-0.1029	0.3245	
12.908	0.3245	-0.6289	-0.4645	-0.8261	-0.3659	-0.7275	
12.920	0.5875	-0.3988	-0.4317	-0.6289	-0.3330	-0.6618	
12.935	0.6861	-0.1686	-0.3330	-0.3330	-0.2015	1.2779	
12.952	0.5546	-0.2344	-0.4317	-0.3659	-0.2015	-0.2673	
12.966	0.8505	-0.2015	-0.3988	-0.1029	-0.0043	-0.3001	
12.981	0.8176	-0.9577	-0.2673	-0.1029	-0.0371	0.4560	
12.998	0.6532	-0.1029	-0.2015	-0.4974	0.0286	-0.3659	
13.013	0.7519	-0.3330	-0.2015	-1.5165	-0.3330	-0.4316	
13.029	0.7519	-0.3002	-0.2015	-0.5303	-0.1029	-0.4645	
13.048	0.7847	-0.1358	-0.1029	-0.1358	0.0286	-0.2015	
13.061	0.6861	-0.2015	-0.1686	-0.3988	0.2587	-0.1686	
13.075	0.6861	-0.2673	-0.2673	-0.2344	-0.8261	-1.0234	
13.092	0.6204	-0.3002	-0.2673	-0.3001	-0.1358	-0.3330	
13.107	0.8176	-0.0700	-0.1358	-0.3001	-0.0043	-0.2344	
13.123	0.5875	-0.3659	-0.3002	-0.3659	-0.3001	-0.4316	
13.144	0.7190	-0.2015	-0.4974	-0.4316	0.1272	-3.1603	
13.155	0.7519	-0.1686	-0.2673	-0.3001	-0.1358	-0.7275	
13.174	0.7847	-0.0371	-0.2015	-0.1358	-0.0043	-0.3330	
13.186	0.7519	-0.3002	-0.1358	-0.3001	-0.0371	1.3107	
13.200	0.7519	-0.2344	-0.0700	-0.0043	0.1930	-0.2015	
13.216	1.1792	0.0615	-0.0043	0.0615	0.1601	-0.0371	
13.236	0.9162	-0.3659	-0.2015	-0.0700	-0.0043	0.5875	
13.248	0.8505	-0.2344	-0.1029	0.2587	-0.2673	-0.1686	
13.268	0.6861	-0.2673	-0.3330	-0.3659	-0.1358	-0.4316	
13.278	0.8834	-0.1358	-0.2344	-0.2673	-2.6014	-0.4316	
13.296	0.8176	-0.1358	0.0615	-0.0700	-0.0043	2.2641	
13.312	2.0011	-0.1029	-0.2015	-0.1029	-0.1358	-0.3001	
13.333	0.6861	-0.2344	-0.3659	-0.4316	-0.2015	-0.3001	
13.341	0.6861	-0.2673	-0.3659	-0.3659	-0.2015	-0.4974	
13.361	0.6532	-0.1686	-0.4317	-0.2673	-0.1686	-0.0371	
13.373	0.8176	-0.2344	1.7381	-0.3659	-0.1358	-0.3659	
13.388	0.9491	-0.1686	-0.2344	-0.2015	-0.1686	-0.2344	
13.408	0.7519	-0.3002	-0.2344	-0.2673	-0.1029	-0.3330	
13.428	0.7847	-0.2015	-0.8262	-0.3001	-0.0371	-0.2344	
13.434	0.8505	-0.2673	-0.2673	-0.2015	-0.0700	-0.2344	
13.451	0.6532	-0.2344	-0.2344	-0.3659	-0.1358	-0.3659	
13.467	1.0149	-0.0700	-0.0371	-0.1686	-0.3001	-0.3001	
13.482	0.6861	-0.3002	-0.2344	-0.4316	-0.1686	-0.2673	
13.497	0.5875	-0.2673	-0.3002	-0.2344	-0.0371	-0.2015	
13.513	0.7847	-0.1358	-1.2207	-0.2344	0.0615	-0.1686	
13.530	0.7519	-0.1358	-0.1686	-0.1686	-0.0700	-0.2015	
13.545	0.6532	-0.2344	-0.3330	-0.2344	-0.0700	-0.3001	
13.559	0.7519	-0.2344	-0.1686	-0.2673	-0.1686	-0.2015	
13.576	0.6532	-0.3002	-0.1686	-0.3001	-0.0371	-0.3001	
13.593	0.7519	-0.3002	-0.2673	-0.3988	-0.0371	-0.2673	
13.613	0.6532	-0.2673	-0.1029	-0.3330	-0.0371	0.8505	
13.625	0.9491	-0.1686	-0.1358	-0.1686	-0.1358	-0.2015	
13.644	0.9162	-0.1686	-0.1358	-0.2344	-0.2344	-0.3330	
13.656	0.5875	-0.3659	-0.3330	-0.3659	-0.2344	-1.4508	
13.669	0.6861	-0.3002	-0.3988	-0.2015	-0.1686	-0.4974	
13.686	0.5546	-0.2344	-0.3659	-0.3001	-0.0043	-0.3988	
13.701	0.8176	-0.2015	-0.1358	-0.2015	-0.1358	-0.1358	
13.717	0.7847	0.1601	-0.1358	-0.0371	0.1601	-0.8919	
13.736	0.6204	-0.3659	-0.4645	-0.4316	-0.2015	-0.4316	
13.748	0.8176	-0.2015	-0.2673	-0.3659	-0.2015	-0.2344	
13.763	0.6861	-0.3659	-0.3659	-0.3330	-0.1686	-0.3001	
13.779	0.8834	-0.1358	-0.3988	-0.2344	0.0286	-0.1686	
13.819	0.6204	-0.3330	-2.9302	-0.4974	-0.2673	-0.3988	
13.835	0.4889	-0.1686	-0.4645	-0.3988	0.6204	-0.3001	
13.841	1.1464	0.0944	-0.3659	-0.2673	-0.1029	-0.4316	
13.859	0.6532	-0.3330	-0.3330	-0.3659	-0.2344	-0.4316	
13.891	0.6861	-0.3330	-0.2673	-0.3659	-0.1686	-0.3330	
13.906	0.6204	-0.2015	-0.2344	-0.3330	-0.2673	-1.5494	
13.920	0.5546	-1.0563	-0.3002	-0.4316	-0.3330	0.6861	
13.935	0.8834	-0.1358	-1.0892	-0.2015	0.0944	-0.2344	
13.952	0.7519	-0.3002	-0.5632	-0.3659	-0.3659	-0.3988	
13.970	0.7190	-0.1029	-0.3659	-0.2344	-0.1358	-0.1358	
13.985	0.6861	-0.2344	-0.4645	-0.3330	-0.2673	-0.3001	
13.999	0.7190	-0.2673	-0.3659	-0.3330	-0.2344	-0.3659	
14.018	0.5875	-0.2344	-0.5632	-0.3330	-1.1549	-0.3330	
14.033	0.7519	-0.1686	-0.2673	-0.2015	-0.0371	-0.3001	
14.044	0.4889	-0.2673	-0.3659	-0.4316	-0.0371	-0.3330	
14.060	0.8176	-0.2015	-0.6289	-0.2673	0.0615	-0.3659	
14.079	0.7847	-0.3002	-0.0043	-0.2344	-0.1686	-0.1686	
14.095	0.9162	-0.1029	-0.7933	-0.1358	-0.1358	-0.1029	
14.113	0.7519	-0.2344	-0.2015	-0.3330	-0.1029	-0.3001	
14.127	0.6532	-0.1686	-0.3659	-1.0234	0.1272	-0.2015	
14.137	0.6204	-0.3002	-0.3002	-0.4316	-0.5631	-0.3330	
14.153	0.6532	-0.1686	-1.4179	-0.3001	-0.3001	-0.3988	
14.170	0.6204	-0.2673	-0.5303	-0.3330	-0.2344	-0.4645	
14.184	0.3574	-0.4974	-0.6618	-0.6289	-0.4316	-0.5631	
14.203	0.7847	-0.2344	-0.4317	0.6532	-0.0371	-0.3988	
14.215	0.8505	-0.0700	-0.2015	-0.0700	-0.0043	-0.8919	
14.232	0.6204	-0.3002	-0.3330	-1.5494	0.6532	-0.3659	
14.246	0.7847	-0.2344	-0.1358	-0.3330	-0.1029	-0.3659	
14.263	0.8505	-0.1686	-0.0371	-0.3001	0.0615	-0.1029	
14.278	0.8834	0.9491	-0.4317	-0.2673	-0.0371	-1.2206	
14.295	0.9491	-0.1358	-0.2344	-0.2673	0.1272	0.0944	
14.311	0.8834	-0.1686	-0.4974	-0.3001	0.1601	-1.2535	
14.325	0.7190	-0.2344	-0.3330	-0.3988	-0.0371	-0.4316	
14.341	0.9491	-0.1358	-0.3002	-0.2673	-0.0700	-0.3001	
14.362	0.7847	-0.1686	-0.5632	-0.3001	0.0615	-0.2673	
14.372	0.6532	-0.3002	-0.3330	-0.2673	-0.1686	-0.3001	
14.388	0.6532	-0.1686	-0.3988	-0.5303	-0.3001	-0.4645	
14.403	0.5875	-0.3988	-1.2864	-0.3330	-0.3330	-0.3988	
14.419	0.9162	-0.2344	-0.0700	-0.2673	-0.3001	-0.3330	
14.435	1.0149	-0.1358	-0.0700	-0.1029	-0.0371	-5.2314	
14.453	0.6532	-0.3659	-1.2207	-0.4316	-0.2673	-0.3001	
14.467	0.5546	-0.3659	-0.5303	-0.4316	-0.3001	-0.4645	
14.486	0.5217	-0.3330	-0.5960	-0.4645	-0.3659	2.0997	
14.502	0.6861	-0.3988	-0.3330	0.7190	-0.0371	-0.4316	
14.514	0.9162	-0.2015	-0.2015	-1.2535	0.2587	-0.1358	
14.528	0.7847	-0.2344	-0.2344	-0.3001	-0.1029	-0.2015	
14.549	0.6861	-0.2673	-0.3659	-0.3330	-0.2344	-0.3988	
14.565	0.7519	-0.2673	-0.2015	-0.4316	-0.2015	-0.3001	
14.575	0.7190	-0.3330	-0.3988	-0.3988	-0.1358	-0.4645	
14.592	0.7190	-0.2344	-0.1029	-0.3988	-0.1686	-0.2015	
14.606	0.6861	-0.3002	-0.2344	-0.3001	-0.2015	-0.4974	
14.622	0.6532	-0.2344	-0.2673	-0.2344	-0.1686	0.0286	
14.642	0.8176	-0.1686	-0.2344	-0.1686	-0.0371	0.6532	
14.658	0.8505	-0.2015	-0.2673	-0.1686	-0.1029	-0.3330	
14.671	0.6861	-0.2344	-0.2344	-0.2015	0.0286	-0.4645	
14.687	0.7190	0.0615	-0.3988	-0.3659	-0.0043	-0.3988	
14.702	0.7190	-0.3330	-0.4317	-0.7933	-0.3330	-0.3988	
14.718	0.6861	-0.2344	-0.4645	-0.6289	-0.2015	-0.1686	
14.733	0.6861	-0.3002	-0.3659	-0.3330	-0.2344	-0.4316	
14.748	0.8505	-0.2015	-0.2344	-0.2673	0.0286	-0.2344	
14.767	0.7190	-0.2673	-0.4317	-0.3330	-0.2344	-0.2015	
14.780	0.6861	-0.2673	-0.1358	-0.2673	-0.0371	0.0615	
14.794	0.7519	-0.3002	1.0477	-0.2344	-0.1029	-0.2015	
14.810	0.7190	-0.0043	-0.3988	-0.1686	-0.1358	-0.2673	
14.831	0.8505	-0.2015	-0.0700	-0.1029	-0.0371	3.7764	
14.841	0.6532	-0.2015	-0.3659	-0.3330	-0.1358	-0.3001	
14.862	0.8176	-0.2344	-0.1686	-0.2344	1.1464	-0.2673	
14.875	0.6861	-0.2673	-0.2344	-0.3330	-0.2344	-5.9875	
14.890	0.5875	-0.3002	-0.1686	-0.5303	-0.3001	-0.4974	
14.904	0.8834	-0.2673	-0.4317	0.1601	-0.6289	-0.5960	
14.921	0.5875	-0.3330	-0.4974	-0.2344	-0.2673	-0.3988	
14.937	0.5875	-0.3002	-0.3988	-0.4974	-0.4316	-0.4316	
14.954	0.7847	-0.1686	-0.3002	-0.6946	-0.0371	-0.4974	
14.969	0.6204	-0.2344	-0.3330	-0.3659	-0.2344	-0.3988	
14.981	0.7190	-0.1686	-0.2015	-0.4645	-0.0371	-0.3330	
14.996	0.6204	-0.3330	-0.1029	-0.2673	0.0286	-0.1686	
15.017	0.6532	-0.3330	-0.4645	-0.3001	-0.2673	-0.4645	
15.031	0.6861	-0.4317	-0.4317	-0.3988	-0.1029	-0.2015	
15.051	0.6532	-0.3330	-0.3002	-0.3988	-0.0043	-0.2015	
15.067	0.6861	-0.3002	-0.3002	-0.3988	-0.1358	-0.3659	
15.076	0.5875	-0.2344	-1.4179	-0.3659	-0.0700	-0.4316	
15.092	0.6532	-0.3002	-0.2673	-1.6809	-0.5631	-0.3330	
15.112	0.6861	-0.2673	-2.6343	-0.4645	-0.1358	-0.3659	
15.127	0.7519	-0.2673	-0.1686	-0.4974	-0.1029	-0.3330	
15.140	0.6861	-0.3659	-0.3330	-0.3330	-0.1358	-0.3659	
15.155	0.3902	-0.3659	-0.3988	-0.4316	-0.1686	-0.5303	
15.169	0.9162	-0.2015	-0.2344	-0.0371	-0.0371	-0.1686	
15.185	0.5875	-0.2344	-0.5303	-0.3659	-0.0043	-0.3001	
15.201	0.8505	-0.1686	-0.2344	-0.3001	-0.0371	-0.2344	
15.215	0.8176	-0.1358	-0.6947	-0.3330	-0.0700	-0.3330	
15.238	0.7190	-0.2015	-0.3330	-0.3330	0.0615	-0.4974	
15.250	0.6861	-0.3988	-0.2344	-0.3988	-0.2673	-0.2673	
15.265	0.7519	-0.2344	-0.2015	-0.3001	-0.1358	-0.3001	
15.278	0.8176	-0.1358	-0.0700	-0.1358	-0.7275	-0.0371	
15.295	0.9820	-0.1686	-0.2673	-0.1686	-2.7000	-1.2535	
15.310	0.6532	-0.0043	-0.1686	-0.1029	-0.0043	-0.0371	
15.325	0.8176	-0.2673	-0.3330	-0.2015	-0.0700	-0.1686	
15.340	0.7519	-0.2344	-0.2344	-0.3001	-0.2015	-0.3001	
15.358	0.7190	-0.3659	-0.4317	-0.2673	-0.2344	-0.3659	
15.371	0.1601	-0.2015	-0.2015	-0.2673	0.0286	-0.3001	
15.391	0.7190	-0.3330	-0.2015	-0.3330	-0.5303	0.2259	
15.407	0.7519	-0.3330	-0.2015	-0.2344	-0.2015	-0.2673	
15.419	0.9491	-0.2673	-0.1358	-0.4974	0.0286	-0.3659	
15.435	0.6861	-0.2344	-0.2344	-0.1358	-0.1029	-0.4316	
15.450	0.6861	-0.3659	-0.2673	-0.3330	-0.1358	-0.2673	
15.468	0.5217	-0.3002	-0.0043	0.3245	0.3574	0.1930	
15.483	0.7847	-0.3002	-0.3330	-0.2344	0.0286	-0.5631	
15.498	0.6861	-0.3330	-0.3002	-0.4316	-0.2344	-0.3988	
15.518	0.7847	-0.1358	-0.3330	-0.2015	-0.1029	-0.2015	
15.533	0.7190	-0.2344	-0.2673	-0.2344	-0.1358	-0.3001	
15.545	0.8176	-0.0700	2.4614	0.1272	0.0286	-0.2673	
15.563	0.9162	-0.1358	-0.0700	-0.2344	-0.0043	-0.1029	
15.584	0.6532	-0.3330	-0.5303	-0.4316	-0.2673	-0.6289	
15.599	0.6204	-0.3330	-0.3002	-0.2673	-0.1358	-0.2344	
15.606	0.7519	-0.2673	-0.2344	-0.3001	-0.2015	-0.3988	
15.622	0.5546	-0.2673	-0.4645	-0.3330	-0.1686	-0.4316	
15.638	0.5546	-0.3330	-0.2015	-0.4316	-0.2673	-0.4316	
15.654	0.6532	-0.2673	-0.2673	-0.3330	-0.2673	-1.7795	
15.671	0.6204	-0.1686	-0.2673	-0.3330	-0.0043	-0.3001	
15.685	0.6204	-0.1358	-0.4645	-0.1029	-0.0043	-0.2344	
15.704	0.4889	-0.3330	-0.3659	-0.4316	-0.2015	0.5875	
15.716	0.6532	-0.2015	-0.4645	-0.2673	-0.2015	-0.4974	
15.732	0.6532	-0.3002	-0.2344	-0.3659	-2.0096	-0.8261	
15.749	0.6204	-0.3659	-0.3002	-0.3988	-0.2015	-0.6618	
15.770	0.3902	-0.6289	-0.5303	-2.3384	-0.5960	-0.6289	
15.778	0.7190	-0.3002	-0.0371	-0.4316	-0.1686	0.6204	
15.800	0.8834	-0.2015	0.3245	-0.0700	-0.0371	-0.2673	
15.812	0.8834	-0.1029	0.2259	-0.1358	0.0944	-0.2015	
15.827	0.8176	-0.2015	-0.2015	-0.3001	-0.0043	-0.3988	
15.843	0.6861	-0.3002	-0.2673	-0.1686	-0.1029	-0.3659	
15.862	1.9354	0.1601	-0.2673	-0.3001	-0.3330	-0.1029	
15.874	0.6532	-0.3330	-0.2673	-0.4974	-0.2015	-0.3330	
15.889	0.6861	-0.2344	0.4889	-0.2344	-0.2344	-0.4974	
15.903	0.7190	-0.5632	-0.3002	-0.3988	-0.3330	-0.4645	
15.919	0.6204	-0.3659	-0.2015	-0.3001	-0.2673	5.4201	
15.934	0.6532	-0.1358	-0.2673	-0.2673	-0.1686	-0.3659	
15.953	0.8505	-0.2344	-0.2673	-0.3001	-0.1358	-8.6504	
15.968	0.7190	-0.1686	-0.2673	-0.4316	-0.1358	-0.5303	
15.987	0.6532	0.1930	-0.3002	-0.2015	-0.0700	-0.2673	
16.001	0.4231	-0.3002	-0.3988	-0.3659	-0.0043	-0.2673	
16.013	0.6861	-0.0371	-0.2015	-0.3001	-0.1686	-0.5960	
16.028	0.9491	-0.1029	-0.3002	-0.1686	0.2259	-1.8124	
16.046	0.8176	-0.2344	-0.3002	-0.2673	-0.0700	3.8092	
16.059	0.9491	0.0286	0.1601	-0.1358	0.1272	0.5546	
16.078	0.6204	-0.2673	-0.4645	-0.3330	-0.1029	-7.1053	
16.094	0.6204	-0.2673	-0.3988	-0.3330	-0.1686	0.4231	
16.106	0.6861	-0.3002	-0.3002	-0.4645	-0.1686	-0.6618	
16.123	0.8176	-0.2673	-0.1686	-0.2344	-0.1029	-1.0891	
16.138	0.0286	-0.3988	-0.2344	-0.2673	-0.1358	-0.2673	
16.154	0.5875	-0.3002	-0.2673	-1.0891	-0.3001	-0.4316	
16.170	0.7190	-0.2673	-0.3659	-0.3001	-0.1686	4.9270	
16.187	1.0477	-0.2015	-0.3330	-0.1686	-0.2344	-0.4974	
16.202	0.6204	-0.2344	-0.3988	-0.3988	-0.0371	2.8887	
16.216	0.7847	-0.3002	-0.3330	-0.3330	-0.1686	-0.3001	
16.236	0.7190	-0.2015	-0.1686	-0.2673	-0.0371	-0.5303	
16.249	0.6204	-0.2673	-0.1358	-0.3001	-0.2015	-1.3521	
16.269	0.7519	-0.3330	-0.3002	-0.3330	-0.1686	-2.4041	
16.279	0.8176	-0.1686	-0.3659	-0.5303	-0.1029	-0.2673	
16.295	0.8834	-0.3659	-0.1686	-0.2015	-0.0371	0.0944	
16.313	0.8834	-0.2344	-0.3330	-0.2673	-0.2344	-0.3659	
16.326	0.6532	-0.2015	-0.3988	-0.2015	-0.0371	-0.1358	
16.342	0.6204	-0.2015	-0.1686	-0.3001	0.0615	-0.3330	
16.358	0.7190	-0.3330	-0.2344	-0.4316	-0.1029	-3.3575	
16.375	0.8505	-0.1686	-0.2673	-0.3001	-0.1686	-0.3001	
16.388	0.5875	-0.3002	-0.3002	-0.4645	1.9354	0.1601	
16.403	0.5875	-0.3002	-0.5960	-0.4316	-0.3001	-0.5631	
16.421	0.5875	-0.3330	-0.3659	-0.3659	-0.1686	-0.0700	
16.436	0.5217	-0.3002	-0.4317	-0.3988	-0.1686	-0.5303	
16.455	0.7190	-0.2673	1.9025	-0.0371	-0.0043	-0.4645	
16.470	0.7190	-0.9248	-0.2344	-0.2673	-0.0371	0.2916	
16.483	0.6204	-0.3002	-0.4317	-0.3659	-1.6809	-1.6151	
16.497	1.5080	0.3902	0.1601	0.9162	0.6861	0.2587	
16.518	0.6204	-0.2344	-0.3659	-0.7604	-0.1358	-0.3988	
16.532	0.6204	-0.3330	-0.6947	-0.3330	-0.2344	-0.4645	
16.546	0.7190	-0.3002	-0.0700	-0.1029	-0.1029	-0.2015	
16.561	0.7847	-0.2015	1.4422	-0.0043	0.2259	-0.1029	
16.575	1.1135	0.1930	0.2587	0.1272	0.4231	-0.0371	
16.591	0.6204	-0.3002	-0.3330	-0.6289	-0.2673	-0.3659	
16.611	0.8834	-0.1358	0.3574	-0.2344	-0.0371	-0.2344	
16.626	0.7190	-0.6947	-0.3330	-0.2344	-0.2015	0.1601	
16.638	0.6861	-0.1358	-0.3988	-0.2673	0.0944	-0.3988	
16.654	0.6861	-0.3002	-0.3659	-0.7275	-0.3001	-0.3330	
16.670	0.7519	0.1601	-0.3002	-0.2344	-0.1358	-0.5960	
16.686	0.9491	-0.2344	-0.1358	-0.2015	-0.1358	-0.2344	
16.705	0.6861	-0.2673	-0.3659	-0.3330	-0.2344	-0.1686	
16.718	0.6532	-0.3002	-0.4645	-0.2015	-0.1686	-0.3988	
16.738	0.7847	-0.0043	-0.3002	-0.4316	-0.0700	-0.3330	
16.749	0.6532	-0.3988	-0.3002	-0.3330	-0.8261	-0.3001	
16.765	0.5875	-0.3659	-0.3988	-0.5631	-0.2673	-0.3988	
16.779	0.8834	-0.1686	-0.1358	-0.1358	0.1272	-0.2015	
16.796	0.8505	-0.1686	-0.2015	-0.0700	0.0286	-0.2344	
16.809	1.1135	0.0286	-0.2673	0.0286	0.1272	-0.1686	
16.830	0.6532	-0.2673	-0.3002	-0.6618	-0.2015	-0.3988	
16.842	0.7847	-0.3002	-0.2673	-0.3001	-0.2015	-0.3001	
16.858	0.7519	-0.2015	-0.1686	-0.5303	-0.1358	-0.3659	
16.873	0.6204	-0.2344	-0.4645	-0.3001	-0.1358	-0.3001	
16.889	0.7190	-0.2015	-0.2015	-0.2673	0.3902	-0.3988	
16.904	0.7190	-0.3002	-0.2344	0.3574	-0.2344	0.0615	
16.922	0.7519	-0.3330	-0.3659	-0.6289	-0.2344	-0.5303	
16.937	0.5875	-0.3002	-0.2344	-0.3659	-0.2344	-0.4974	
16.951	0.6861	-0.2344	-0.4317	-0.3001	-0.2015	-0.3330	
16.968	-0.3659	-0.3330	-0.5303	-0.3330	-0.3001	-0.2673	
16.988	0.6861	-0.3002	-0.4645	-0.2673	-0.0700	-0.2015	
17.002	0.5546	-0.3659	2.0669	-0.4645	-0.3001	-0.3001	
17.017	0.7190	-0.1686	-0.4974	-0.2673	-0.1686	-0.2344	
17.031	0.8176	-0.0700	-0.2015	-0.2015	-0.0700	-0.2344	
17.044	0.7847	-0.3002	-1.4508	-0.4316	-0.0700	-0.3659	
17.061	0.7847	-0.3002	-0.2673	-0.3330	-0.9576	-0.2015	
17.081	0.6861	-0.2344	-0.3988	-0.3330	-0.1686	-0.5631	
17.096	1.2779	-0.1029	-0.2015	-0.1358	-0.3988	-0.2673	
17.111	0.8834	-0.2015	-0.2015	-0.2673	0.2259	-0.3659	
17.126	0.6532	-0.3002	-0.4974	-0.4316	-0.1686	-0.5960	
17.138	0.6532	-0.1358	-0.3659	-0.3001	0.0944	-0.5303	
17.154	0.7190	-0.3988	-0.3659	-0.3001	-2.9630	-0.8590	
17.173	0.6861	-0.2015	-0.3659	-0.2673	-0.0700	-0.1686	
17.185	0.5217	0.0615	-0.5632	-0.3988	-0.2015	-0.7275	
17.205	0.6861	-0.3659	-0.2344	-0.3659	-0.4316	-0.3988	
17.216	0.6532	-0.3659	-0.3002	-0.3001	-0.2015	-0.1029	
17.233	0.7519	-0.2673	-0.2015	-0.4316	-0.1029	-0.5303	
17.248	0.6532	-0.3330	-0.3002	-0.3001	-0.2344	-0.4316	
17.268	0.7190	-0.3659	-0.6289	-0.4316	-0.4974	-0.3988	
17.278	0.4560	-0.3988	-0.1029	-0.3330	-0.2673	-0.3001	
17.294	0.6861	-0.3330	-0.0371	-0.2344	-0.0700	-0.2344	
17.309	0.6861	-0.2015	-0.3988	-0.2673	0.0286	-0.0371	
17.327	0.8505	-0.2015	0.0286	-0.1358	0.1272	-0.2344	
17.343	0.6204	-0.1686	-0.5632	-0.3988	-0.1358	-0.3001	
17.358	0.6532	-0.1358	-0.1686	-0.3001	-0.2344	-0.0043	
17.373	0.6532	-0.3002	-0.4645	-0.2344	-0.1686	-1.0563	
17.393	0.8176	-0.1358	-0.2673	-0.1686	-0.0700	-1.6151	
17.408	0.7519	-0.1358	-0.3002	-0.3001	-0.0700	-0.3001	
17.425	0.6204	-0.3002	-0.8919	-0.4645	-0.1686	-0.4316	
17.438	0.4231	-0.2015	-0.3988	-0.3659	-0.1029	-0.3988	
17.454	0.7519	-0.1686	0.9162	-0.2344	-0.1029	-0.4645	
17.469	0.7190	-0.3659	-0.3002	-0.2673	-0.1686	-0.4316	
17.487	0.6861	-0.2344	-0.4317	0.3245	-0.3001	-0.4316	
17.503	0.5875	-0.2673	-0.3330	-0.4316	-0.3001	-0.3659	
17.513	0.6204	-0.3330	-0.3002	-0.3988	-0.1029	-0.1686	
17.534	0.6204	-0.3330	-0.4317	-0.3001	-0.3001	-0.2015	
17.553	0.6532	-0.4317	-0.0371	-0.3659	-0.2673	-0.3659	
17.568	0.9162	-0.3002	-0.1686	-0.2673	-0.6946	0.5875	
17.577	0.8176	-0.1686	-0.1358	-1.0234	-0.0043	-0.3330	
17.594	0.6532	-0.3002	-0.1358	-0.3659	-0.0371	-0.3988	
17.608	0.7519	-0.2015	-0.3002	-0.0043	-0.0371	-0.2344	
17.624	0.6204	-0.3330	-0.3988	-0.4645	-0.1358	-0.3988	
17.638	1.1464	-0.1029	-0.1358	-0.4645	-0.0371	-0.2015	
17.654	0.0286	-0.4645	-0.4974	-0.5960	-0.3001	-0.6289	
17.673	0.7519	-0.1686	-0.2673	-0.2344	-0.0371	-0.2673	
17.688	0.7847	-0.1029	-0.1358	0.8834	0.1601	-0.3001	
17.702	0.7519	-0.3002	-0.4317	-0.7604	-0.2673	-0.4974	
17.716	0.6532	-0.2344	-0.3988	-0.3659	-0.0371	-0.4316	
17.736	0.5875	-0.3330	-0.3988	-3.1932	-1.1549	-0.5960	
17.749	0.6532	-0.3330	-0.2015	-0.4316	-0.0700	-0.2344	
17.771	0.6532	-0.2015	-0.3659	-0.3001	-0.0700	-0.4316	
17.781	0.7847	-0.2344	-0.3002	-0.2673	-0.1029	-0.3330	
17.797	0.8176	-0.2344	-0.3659	-0.3001	-0.0371	-0.1686	
17.814	0.8834	-0.1686	-0.3330	-0.3988	-0.0371	-0.3001	
17.828	0.7847	-0.3330	-0.2344	-0.1358	0.0615	-0.1358	
17.840	0.7847	-0.2673	-0.3330	-0.2673	-0.2015	-0.2344	
17.860	0.6532	-0.1358	-0.3330	-0.2015	-0.0700	-1.5823	
17.872	0.6861	-0.2673	-0.3659	-0.3659	-0.1686	-0.4316	
17.888	0.6532	-0.3002	-0.5303	-0.3988	-0.2015	-0.1029	
17.906	0.6204	-0.2673	-0.3988	-0.3659	-0.1686	-0.1029	
17.921	0.7190	-0.2673	-0.6289	-0.3330	-0.2015	-0.3001	
17.934	0.6861	-0.2015	-0.4317	-0.3659	-0.0700	-0.3659	
17.954	0.7190	-0.1686	-0.3659	-0.3330	-0.1686	-0.3988	
17.970	0.5217	-0.3659	-0.3988	-0.5303	-0.2344	0.5875	
17.982	0.6532	-0.2344	-0.3659	-0.3988	-0.1358	-0.4645	
17.997	0.8176	0.0286	-0.3330	-0.3001	-0.1686	-0.7604	
18.017	0.5546	-0.2344	-0.5632	-0.2344	-0.2344	-0.3330	
18.032	0.6532	-0.2344	-0.3002	-0.3988	-0.1686	-0.3988	
18.048	0.6204	-0.1358	0.2259	-0.3659	-0.1686	-0.2673	
18.064	0.6861	-0.2015	-0.3002	-0.1686	0.0615	-0.3001	
18.076	0.7519	-0.3002	-0.2673	-0.3330	-0.0700	-0.4316	
18.092	0.7190	-0.3330	-0.5303	-0.3330	-0.1358	0.2916	
18.106	0.3245	-0.4974	-0.5303	-0.6946	-0.5303	-0.7604	
18.123	0.6532	-0.3002	-0.2344	-0.3001	-0.1029	-0.3330	
18.138	0.7847	-0.2673	-0.3002	-1.1549	-0.1686	-0.3659	
18.153	0.5217	-0.2673	-0.4317	0.3574	-0.1686	-0.5960	
18.170	0.6861	-0.3330	-0.3002	-0.2015	-0.1686	-0.4645	
18.187	0.6861	-0.3002	-0.3988	-0.6618	0.0944	-0.4316	
18.206	0.6861	-0.2344	-0.1029	-0.1358	-0.0371	-0.2015	
18.221	0.3574	-0.8919	-0.5960	-0.6289	-0.4974	-0.3001	
18.232	0.6861	-0.3002	-0.3002	0.4231	0.3574	-0.2344	
18.250	0.6204	-0.2344	-0.3330	-0.2015	-0.1358	-0.4316	
18.267	0.6204	0.0615	-0.2015	-0.1686	0.0286	-0.7275	
18.279	0.7519	-0.3330	-0.2015	-0.3988	1.7381	0.0615	
18.296	0.7519	-0.2673	-0.1686	-0.3001	-0.1358	3.1189	
18.309	0.7519	-0.0043	-0.2344	-0.2344	0.0615	-0.6946	
18.329	0.6861	0.0615	-0.2344	-0.2673	-0.0700	-0.6289	
18.342	0.6861	-0.2344	-0.3988	-0.5303	-0.2015	0.0944	
18.359	0.7519	-0.2673	-0.2673	-1.1220	-0.1686	-0.3001	
18.373	0.7190	-0.2673	-0.3330	-0.3659	-0.2015	-0.4316	
18.390	0.7190	-0.2673	-0.3988	-0.3330	0.0944	-1.9110	
18.409	0.7847	-0.2015	-0.2344	-0.3659	-0.0371	-0.3988	
18.442	0.6861	-0.2015	-0.3002	-0.2015	-0.0700	-0.2344	
18.476	0.7519	-0.1686	-0.1029	-0.2673	0.0615	-0.4645	
18.509	0.6204	-0.2015	0.0286	-0.3988	-0.0700	-0.3001	
18.542	0.8505	-0.1686	-0.2673	-0.1686	-0.1686	-0.3001	
18.576	0.8176	-0.5960	-0.2015	-0.1686	0.1272	0.0944	
18.609	0.6204	-0.2673	-0.3988	0.0615	-0.2015	-0.3001	
18.642	0.6861	-0.2673	-0.3659	-0.6946	-0.0700	-0.3330	
18.676	0.7519	-0.2673	0.1272	-0.4645	-0.1358	-0.3001	
18.708	1.0806	0.1272	0.1601	-0.2015	0.2259	-0.2015	
18.743	0.7190	-0.3330	-0.2344	-0.2015	-0.0371	-0.2673	
18.776	0.7519	-0.3002	-0.3330	-0.3330	-0.0700	1.2121	
18.809	0.6861	-0.2015	-0.3002	-0.2344	-0.2015	-0.2015	
18.843	0.6532	-0.2344	-0.4974	-0.2673	-0.2344	-0.1686	
18.875	0.8505	-0.1358	-0.2015	-0.2344	-0.0043	-3.2918	
18.909	0.6204	-0.3002	-0.4317	-0.3659	-0.4316	-0.3988	
18.942	0.6861	-0.2344	-1.7795	-0.3001	-0.1358	-0.3001	
18.975	0.7519	-0.3988	-0.2673	-0.3988	-0.2673	-0.3988	
19.009	0.7190	-0.0043	-0.3659	-0.1686	-0.0700	-0.3330	
19.042	0.6861	-0.2673	-0.3330	-0.3659	-0.4316	-0.4974	
19.076	0.6861	-0.5632	-0.2673	-0.3330	-0.0371	-0.1029	
19.109	0.6204	-0.3002	-0.2344	-0.3659	-0.2015	-0.1358	
19.143	0.9162	-0.1686	-2.9630	-0.6289	0.0944	-0.1029	
19.176	0.7519	-0.2344	-0.1686	-0.4974	-0.1029	-0.4974	
19.208	0.8176	-0.3659	-0.2015	-0.2673	0.5217	-0.1686	
19.241	0.8176	-0.2673	-0.1358	-0.1358	-0.0371	-0.2673	
19.276	0.6532	-0.1358	-0.2015	-0.2673	-0.1029	3.4147	
19.309	0.5875	-0.3330	-0.2344	-0.4316	-0.1029	-0.4316	
19.343	0.4889	-0.3002	-0.1358	-0.3330	-0.0043	-0.3330	
19.375	0.6532	-0.2015	0.6532	-0.2673	-0.2344	-0.2015	
19.409	0.9162	-0.3002	-0.4645	-0.3001	-0.0043	-0.3988	
19.442	0.7190	-0.2344	-0.4317	-0.3330	-0.1358	-0.1686	
19.476	0.8834	-0.2015	-0.1029	-0.1358	0.1272	-0.3659	
19.510	0.7190	-0.3002	-0.2344	-0.4316	-0.2015	-0.2673	
19.542	0.7847	-0.1686	-0.3659	0.1601	0.0615	-0.1029	
19.577	0.7847	-0.2015	-0.3002	-0.2673	-0.0371	-5.9547	
19.609	0.6532	-0.3330	-1.2535	-0.4316	-0.2344	-0.3659	
19.643	0.8176	0.4231	-0.1686	-0.1358	0.0944	-0.7933	
19.676	0.5546	-0.3002	-0.3659	-1.0234	-0.1029	-0.3001	
19.710	0.8176	-0.3002	-0.3002	-0.4316	-0.1029	-0.3659	
19.742	0.6204	-0.3002	0.1601	-0.0043	-0.0043	-0.2015	
19.776	0.6532	-0.2015	-0.1686	-0.3988	-0.1358	1.5409	
19.810	0.6204	-0.3002	-0.3330	-0.3001	-0.1029	-6.6451	
19.843	0.6204	-0.3002	-0.1358	-0.3001	-0.0043	-0.3659	
19.877	0.7190	-0.4317	-0.1686	-0.3659	-0.1029	-0.1686	
19.910	0.8505	-0.1358	-0.3330	-0.2344	-0.1029	-2.8315	
19.942	0.8176	-0.1358	-0.3330	-0.1686	-0.0043	-0.2344	
19.976	0.5546	-0.1686	-0.1358	0.1272	-0.0371	-0.2673	
20.009	0.9162	-0.2344	-0.2673	0.5546	-0.0700	-0.4645	
20.043	0.5546	-0.1358	-0.4317	-1.5823	-0.4316	-0.3001	
20.077	0.7190	-0.3002	-0.3002	-0.3659	-0.2673	-0.4645	
20.110	0.7190	-0.2673	-0.4645	0.1601	0.0615	-0.3001	
20.143	0.6532	-0.2015	-0.2015	-2.0754	-0.2344	-0.2673	
20.177	0.8834	-0.1029	0.0944	-0.1686	-0.0371	-0.1358	
20.210	0.8834	-0.0700	-0.1358	0.6532	-0.0043	-0.2344	
20.244	0.7847	-0.2344	-0.2344	-0.2015	-0.0371	0.5546	
20.277	0.6532	-0.2015	-0.3002	-0.4316	-0.1358	-0.3001	
20.311	0.6861	-0.2673	-0.3002	-0.4316	-0.1358	-0.3001	
20.344	0.8176	-0.2673	-0.3330	-0.2015	-0.1686	-0.4645	
20.377	0.8505	-0.3659	-0.2344	-0.2015	-2.2726	-1.0891	
20.411	0.7519	-0.0700	-0.1358	-0.4974	0.9491	-0.1686	
20.443	0.7847	-0.1686	-0.3988	-0.6618	-0.1029	-0.3330	
20.477	0.8505	-0.4974	-0.3659	-0.3330	-0.1358	0.0615	
20.510	0.7847	-0.1358	-0.1358	-0.1686	0.0286	-0.1358	
20.543	0.7190	-0.2015	-0.2673	-0.1686	0.8176	0.0286	
20.577	0.5875	-0.2015	-0.4645	-0.3001	-0.2673	-0.3001	
20.610	0.8505	-0.2015	-0.1686	-0.2673	-0.1686	1.9025	
20.644	0.7519	-0.2673	-0.3002	-0.3330	-0.2673	-0.3988	
20.677	0.7847	-0.2344	-0.2673	-0.3330	-0.1686	-0.2344	
20.710	0.7519	-0.3330	-0.3988	-0.3988	-0.1686	-0.3988	
20.743	0.6204	-0.2344	-0.6947	-0.3330	-0.1686	-0.3988	
20.777	0.7519	-0.3002	-0.2673	-0.3001	-0.2015	2.9545	
20.810	0.6532	-0.1029	-0.2673	-0.3001	-0.0371	-0.4974	
20.844	0.7190	-0.3002	-0.3002	-1.3521	-0.2344	-0.2344	
20.877	0.3902	-0.2673	-0.3330	-0.3001	-0.0700	-0.2344	
20.910	0.6532	-0.3659	-0.3330	-0.4316	-0.6289	-0.4316	
20.944	0.9162	-0.3002	0.5546	-0.3988	0.0286	-0.4316	
20.977	0.6532	-0.3002	-0.1686	-0.3001	-0.2673	-1.7795	
21.011	0.7190	-0.3002	-0.3330	-0.3988	-1.2864	-0.0700	
21.044	0.7190	-0.2673	0.2259	-0.1358	-0.1686	-0.3659	
21.078	0.7519	-0.2015	-0.4317	-0.3330	-0.1686	-0.4316	
21.110	0.6861	-0.3002	-0.2015	-0.2673	-0.2015	-0.2673	
21.144	0.7847	-0.1686	-0.2015	-0.2673	0.0286	6.1762	
21.177	0.5875	-0.4974	-0.5632	-0.6289	-0.6289	-0.5303	
21.210	0.7190	-0.2673	-0.1358	-0.3330	0.0286	-2.2726	
21.243	0.7847	-0.3002	-0.2344	-0.3001	-0.1358	-0.2673	
21.277	0.7519	-0.1029	-0.2015	-0.3001	-1.9110	-0.4974	
21.311	0.6204	-0.2344	-0.3659	-0.3659	-0.0371	-0.4316	
21.344	0.6861	-0.2344	-0.2015	-0.3330	-0.2015	5.0256	
21.378	0.7519	-0.1358	-0.1686	-0.2015	-0.1029	6.8009	
21.410	0.6861	-0.2015	-0.2015	-0.3659	0.0944	-0.3001	
21.444	0.6532	-0.4645	-0.3002	-0.3988	-0.2015	0.1601	
21.477	0.5546	-0.2015	-0.1358	0.1601	-0.0371	-0.1358	
21.511	0.6204	-0.2015	-0.3330	-1.7138	-0.4645	-0.3988	
21.545	0.7847	-0.2344	-0.2344	0.4560	-0.0700	-0.3001	
21.578	0.6861	-0.3002	-0.1686	-0.3988	-0.1358	-1.2206	
21.611	0.6861	-0.2673	-0.3659	-0.3001	-0.1358	1.4422	
21.644	0.6204	-0.3659	-0.2673	-0.3330	-0.0700	-0.1686	
21.678	0.6861	-0.2344	-0.1686	-0.3988	-0.1358	-0.2673	
21.712	0.7847	-0.3330	-0.2344	-0.3001	1.5080	0.2259	
21.746	0.7847	-0.5632	-0.5632	-0.3330	-0.2015	0.4560	
21.778	0.6532	-0.2344	-0.3988	-0.1358	-0.2015	-0.3659	
21.812	1.2121	-0.2015	-0.3988	-0.2673	-0.3001	-0.4645	
21.845	0.6204	-0.3002	-0.2344	-0.3330	-0.1686	-0.2673	
21.878	0.8176	-0.0700	0.1930	-0.1686	0.0286	0.7190	
21.911	0.6532	-0.2673	-0.3330	-0.2344	-0.2015	-0.3659	
21.945	0.7519	-0.3659	-0.2344	-0.5303	-0.1686	-0.4316	
21.978	0.6204	-0.7604	-0.2344	-0.3988	-0.1358	0.8176	
22.012	0.5217	-0.3988	-0.3659	-0.2673	-0.2015	-0.2673	
22.044	0.7847	-0.2015	2.8230	-0.3330	-0.0371	-0.2015	
22.080	0.7190	-0.2344	-0.2673	-1.0891	-0.2344	-0.3659	
22.111	0.8834	-0.1686	0.6532	-0.1029	-0.0371	-0.2344	
22.145	0.7847	-0.3988	-0.1358	-0.3001	-0.1358	-0.2015	
22.179	0.7847	0.0944	-0.3988	-0.1686	-0.0371	-0.5631	
22.211	0.7190	-0.2344	-0.2344	-0.2015	-0.0371	-0.2673	
22.245	0.6204	0.1272	-0.3002	-0.3330	-0.2344	-0.2344	
22.278	0.6532	-0.2015	-0.2344	-0.3988	-0.1358	-0.3330	
22.312	0.8505	-0.0700	-0.3659	-0.2344	-0.1029	-0.3659	
22.345	0.8176	-0.3002	-0.2673	-0.3001	0.8834	-0.0371	
22.378	0.6532	-0.2344	-0.2673	-0.3988	-0.0371	-0.3001	
22.411	0.7519	-0.2015	-0.3002	-0.3330	-0.1029	-0.4316	
22.445	0.8505	-0.2015	-0.2015	-0.2344	-0.0043	-0.3330	
22.478	0.7519	-0.2344	-0.1686	-0.2344	-0.1029	-0.5960	
22.512	0.7519	-0.3002	1.5737	-0.2344	-0.1686	-0.3330	
22.545	0.7847	-0.2344	-0.0700	-0.2344	-0.2015	-0.1686	
22.578	0.8834	-0.1686	-0.1358	-0.1358	-1.4508	-0.3001	
22.611	0.6861	-0.3659	1.8039	-0.5303	-0.1029	-0.2673	
22.645	-0.0700	-0.3659	-0.3002	-0.3330	-0.0700	-0.2015	
22.678	1.6066	-0.1686	-0.2673	-0.2673	-0.2344	-0.3001	
22.712	0.6861	-0.3002	-1.4508	-0.2673	-0.2015	-0.2344	
22.745	0.6532	-0.3659	-0.3659	-0.3988	-0.1686	-0.2344	
22.779	0.6861	-0.2673	-1.2207	-0.2344	-0.1686	-0.3001	
22.813	0.6204	-0.3002	-0.2344	-0.4645	-0.1358	-0.3988	
22.846	0.6532	-0.3002	0.0944	-0.3330	-0.2015	-0.2015	
22.879	1.1464	-0.2015	-0.3659	-0.3330	-0.3330	-0.3988	
22.912	0.7847	-0.3330	-0.3330	0.1930	-0.0371	-0.2673	
22.946	0.6861	0.0944	-0.3002	-0.3001	-0.2015	-0.5960	
22.978	0.5875	-0.3002	-0.3002	-0.3988	-0.1358	-0.3330	
23.012	0.6861	-0.3002	-0.3330	-1.7138	-0.1029	-0.3330	
23.046	0.6532	-0.1686	-0.3002	-0.3330	-0.0700	-0.3001	
23.079	0.7847	-0.3002	-0.1029	-0.3330	-0.3659	-0.2015	
23.112	0.5217	-0.3002	-0.1029	-0.3001	-0.1686	-0.2015	
23.145	0.7519	-0.2673	-1.4179	-0.2344	-0.2344	-0.2015	
23.178	0.7847	-0.3988	-0.3988	-0.1686	-0.1686	0.5875	
23.212	0.6861	-0.2344	-0.3988	-0.3001	-0.0371	-0.0700	
23.246	0.6532	-0.3002	-0.9577	-0.4316	-0.2673	-0.4974	
23.280	0.6204	-0.2015	-0.2015	-0.3659	-0.1029	-0.3988	
23.313	0.6204	-0.2344	-0.3002	-0.3330	-0.1358	-0.4316	
23.346	0.6532	-0.3988	-0.3659	-0.3988	-0.1358	1.5737	
23.378	0.6861	-0.3330	-0.2673	-1.1549	-0.1686	-0.4316	
23.412	0.6861	-0.2344	-0.3659	-0.3001	-0.1029	-0.3001	
23.446	0.6532	-0.3002	-0.2015	-0.2673	-0.2015	-0.3001	
23.479	0.3902	-0.5960	-0.3330	-0.7275	-0.4974	1.0806	
23.514	0.6861	-0.2673	-0.3002	-0.3001	-0.2344	-0.2673	
23.547	0.6532	-0.2344	-0.2344	-0.4645	-0.2673	-0.3659	
23.580	0.6861	-0.1686	-0.3002	-0.3001	-0.1358	-0.0700	
23.613	0.6861	-0.3002	-0.2015	-0.3330	-0.2344	-0.3988	
23.647	0.7190	-0.2673	-0.3330	-0.3988	-0.2015	-0.4316	
23.679	0.7519	-0.6947	-0.3002	-0.2673	-0.2015	-0.0700	
23.713	0.6861	-0.4317	-0.2344	-0.2673	-0.1358	0.0944	
23.746	0.6861	-0.2673	-0.3659	-0.3659	-0.1029	-0.5631	
23.779	0.9162	-0.0371	-0.1358	-0.2015	0.0615	0.4560	
23.812	0.7190	-0.2344	-0.2673	-0.3001	-0.0700	-0.3330	
23.846	0.6204	-0.3330	-0.4645	-0.3988	-0.2673	-1.4836	
23.879	0.6861	-0.1686	-0.3988	-0.2673	-0.1358	-0.2344	
23.912	0.6861	-0.2673	-0.2673	-0.3988	-0.0700	-0.3001	
23.946	0.5875	-0.3988	-1.5494	-0.4645	-0.2673	-0.3659	
23.980	0.7847	-0.1686	-0.1029	-0.3659	-0.0043	0.0615	
24.013	0.3902	-0.6289	-0.3988	-0.7604	-0.4974	-0.5303	
24.047	0.7190	-0.3330	-0.3988	-0.3001	-0.2015	-0.3988	
24.080	0.5875	-0.3330	-0.3002	-0.3988	-0.2015	-0.3330	
24.113	0.7190	-0.2344	-0.2015	-0.3001	0.0944	-0.2015	
24.147	0.6204	-0.2673	-0.0371	-0.1358	0.0615	-0.2344	
24.180	0.8834	-0.2344	-0.2344	-0.1686	-0.0700	-0.2673	
24.213	0.6204	-0.3002	-0.3002	-0.3988	-0.2015	-0.3001	
24.247	0.6532	-0.3330	-0.3659	-0.3330	-0.2344	-0.3001	
24.280	0.6532	-0.3002	-0.3002	-0.3659	-0.2673	-0.3330	
24.313	0.7519	-0.2015	-0.3659	0.0286	-0.1029	-0.3659	
24.346	0.6861	-0.3988	-0.4317	-0.3988	-0.3659	-0.3330	
24.380	0.7190	-0.2673	-0.2673	-0.3988	-0.1358	-0.3330	
24.413	0.6861	-0.3002	-0.3330	-0.3988	-0.1358	-0.2673	
24.447	0.7190	-0.2015	-0.3002	-0.3001	-0.1686	-0.3001	
24.479	0.7519	-0.3002	-0.3659	-1.5494	-0.3988	-0.3988	
24.513	0.5875	-0.3002	-0.3659	-0.3988	-0.0700	-0.4645	
24.547	0.7190	-0.1686	-0.1358	-0.2015	-0.1029	-0.2015	
24.580	0.7519	-0.3330	-0.3002	-0.3001	-0.2344	-0.4316	
24.613	0.6861	-0.2673	-0.3002	-0.3001	-0.2344	-0.3330	
24.647	0.7190	-0.2344	-0.3002	-0.3001	-0.1686	-0.2344	
24.680	0.7190	-0.3002	-0.4317	-0.2673	-0.2015	-0.3988	
24.714	0.6861	-0.3002	-0.3659	-0.3988	-0.1686	-0.4316	
24.747	0.9491	-0.1029	-0.2015	-0.0371	0.0286	-0.2673	
24.780	0.6532	-0.3002	-0.3330	-0.3001	-0.1358	-0.3659	
24.814	0.6532	-0.3002	-0.3988	-0.9576	-0.8261	-0.4645	
24.847	0.5217	-0.2015	-0.2344	-0.3988	0.0615	-0.3001	
24.880	0.7190	-0.3659	-0.5632	-0.3330	-0.2015	-0.3330	
24.914	0.6204	-0.3002	-0.3002	-0.4316	-0.2015	0.1601	
24.947	0.7190	-0.3330	-0.2673	-0.4316	-0.2344	-0.3330	
24.982	0.6861	-0.2344	-0.3002	-0.3330	0.1272	-0.5631	
25.016	1.2779	-0.2673	-0.2673	-0.3330	-0.3001	-0.4316	
25.048	0.6532	-0.3988	-0.5960	-0.3330	-0.2673	-0.2673	
25.081	0.5875	-0.2673	-0.3002	-0.4316	-0.0700	-0.4974	
25.114	0.5875	-0.0043	-0.2673	-0.3659	-0.2015	-0.4974	
25.148	0.6204	-0.3330	-0.3659	-0.4316	-0.2673	-0.3988	
25.180	0.6532	-0.3002	-0.3002	-0.4316	-0.1358	-0.3988	
25.214	0.7190	-0.3659	-0.2015	0.2587	0.4231	-0.2344	
25.249	0.6532	-0.2673	-0.0371	-0.0371	-0.0700	-0.2673	
25.281	0.6532	-0.3002	-0.5632	-0.3659	-0.3001	0.1272	
25.316	0.7190	-0.3659	-0.3330	-0.4316	-0.2673	-0.5303	
25.347	0.7847	-0.2673	-0.3988	-0.2673	-0.1686	0.7190	
25.382	0.9162	-0.1358	-0.3002	-0.2673	-0.1686	-0.2673	
25.413	0.7519	-0.2015	-0.2344	-0.1686	-0.0700	-0.3001	
25.448	0.6204	-0.2673	-0.3330	-0.4645	-0.1686	-0.5303	
25.481	0.6532	-0.3002	-0.3002	-0.3988	-0.2673	-0.3001	
25.515	0.7519	-0.3659	-0.2673	-0.2344	-0.2015	-0.3001	
25.548	0.7847	-0.2673	-0.2344	-0.1686	-0.1029	-0.3659	
25.581	0.7519	-0.1686	-0.1686	-0.4974	-0.0700	-0.1686	
25.615	0.3574	-0.5303	-0.5960	-0.6946	-0.6618	-0.5631	
25.648	0.6204	-0.3002	-0.0371	-0.3988	-0.1029	-0.3988	
25.681	0.2259	-0.6289	-0.5632	-0.7275	-0.5303	-0.4974	
25.714	0.6861	-0.3659	-0.4317	-0.4316	-0.3001	-0.3001	
25.748	0.6532	-0.1686	-0.2673	-0.3659	-0.1358	-0.4974	
25.781	0.6204	-0.3330	-0.3988	-0.4316	-0.1358	-0.5960	
25.815	0.6532	-0.2015	-0.3330	-0.2673	0.3245	0.0944	
25.848	0.6204	-0.3002	-0.3659	-0.3001	-0.1686	-0.5303	
25.881	0.4889	-0.2344	-0.4645	-0.3659	-0.1686	-0.4645	
25.914	0.7519	-0.2344	-0.2673	-0.2673	-0.1686	-0.2015	
25.948	0.7190	-0.1029	-0.3330	-0.1686	-0.8261	-0.3988	
25.981	0.7190	-0.2015	-0.4317	-0.1686	-1.2535	-0.8590	
26.015	0.6532	-0.4317	-0.3002	-0.5303	-0.2673	-0.4974	
26.048	0.7190	-0.3988	-0.4974	-0.3988	-0.2015	-0.4316	
26.081	0.6204	-0.1358	-0.2015	-0.4316	-0.2015	-0.4974	
26.115	0.6532	-0.3330	-0.2673	-0.3659	-0.2673	-0.4316	
26.148	0.6204	-0.3002	-0.2673	-0.3659	-0.1029	-0.4316	
26.182	0.6861	-0.6618	-0.3002	-0.4974	-0.2673	-0.0043	
26.215	0.6532	-0.3330	-0.4317	-0.3659	0.0286	-0.5303	
26.248	0.6204	-0.1358	-0.4645	-0.3330	-0.3001	-0.5631	
26.281	0.7190	-0.3988	-0.6947	-0.3659	-0.2673	-0.5303	
26.315	0.6861	-0.3002	-0.2015	-0.3330	0.1272	-0.3988	
26.348	0.4560	-0.3330	-0.5632	-0.3001	-0.2344	-0.3001	
26.381	0.6204	-0.2344	-0.3988	-0.3659	-0.1029	-0.4974	
26.415	0.6204	-0.3002	-0.5303	-0.3330	-0.7604	-0.6946	
26.450	0.5875	-0.3002	-0.0700	-0.3659	-0.2673	-0.4974	
26.481	0.6861	-0.3330	-0.5632	-0.4316	-0.3330	-0.3330	
26.515	0.9491	-0.3330	-0.2673	-0.3988	-0.0371	-0.4974	
26.548	0.7519	-0.2673	-0.1029	-0.3330	-0.2015	-0.4974	
26.581	0.6532	-0.1029	-0.2015	-0.1358	0.0286	-0.2344	
26.616	1.6724	-0.3330	-0.4645	-0.3988	-0.5631	-0.4316	
26.648	0.6532	-0.3988	-0.3988	-0.4316	-0.1686	-0.3988	
26.681	0.6204	-0.3988	-0.2673	-0.3330	-0.2673	-0.2673	
26.715	0.5875	-0.3002	-0.4645	-0.2673	-0.3659	-0.3001	
26.748	0.8834	-0.3002	-0.4645	-0.3988	-0.3330	-0.4316	
26.783	0.6204	-0.3988	-0.3988	-2.2726	-0.3988	-0.4645	
26.815	0.7190	-0.2673	-0.0700	-0.3659	-0.1029	-0.5303	
26.848	0.5875	-0.3330	-0.4645	-0.3001	-0.1686	-0.3988	
26.881	0.5875	-0.2673	-0.5303	-1.2535	-0.3988	-0.3988	
26.915	0.4231	-0.2673	-0.3002	-0.2673	-0.1029	-0.5303	
26.948	0.7519	-0.1358	-0.2015	-0.1358	-0.0043	-0.5303	
26.982	0.6204	-0.3330	-0.4317	-0.3001	-0.2015	0.4560	
27.016	1.9682	-0.2344	-0.3002	-0.3988	-0.6289	-0.5631	
27.049	0.6204	-0.3330	-0.3002	-0.2344	-0.1029	-0.2673	
27.082	0.9820	0.5546	-0.0043	-0.2015	-0.0043	-0.9248	
27.116	0.7190	-0.3659	-0.4317	0.1601	-0.3001	-0.4974	
27.148	0.6861	-0.3002	-0.2344	-0.3330	-0.0700	-0.4645	
27.182	0.6204	-0.3330	-0.2344	-0.4316	-0.2015	6.6036	
27.215	0.7519	-0.1686	-0.2344	-0.3001	0.0286	-0.4316	
27.250	0.6532	-0.2344	-0.3659	-0.3330	-0.1358	1.2450	
27.282	0.8176	-0.3002	-0.4317	-0.2344	-1.6809	0.0286	
27.316	0.6532	-0.2673	-0.4974	-1.5823	-0.5631	-0.2673	
27.349	0.4231	-0.2673	-0.5632	-0.2673	-0.1358	-0.2673	
27.383	0.7190	-0.2344	-0.3988	0.7190	0.2259	-0.4645	
27.415	0.7519	-0.3988	-0.2015	-0.3330	-1.0234	-0.3988	
27.449	0.8176	-0.3659	-0.0371	-0.3659	-0.1686	3.4147	
27.482	0.6204	-0.3659	-0.4317	-0.3001	-0.2344	0.6532	
27.516	0.6532	-0.2673	-0.3988	-0.3988	-0.2673	-0.4316	
27.549	0.6532	-0.2344	-0.2673	-0.4316	-0.0700	-0.3988	
27.582	0.6532	-0.4317	-0.3330	-0.3659	-0.2015	-0.3330	
27.615	0.6861	-0.3002	-0.3988	-0.2673	-0.5631	-0.3659	
27.649	0.6532	-0.2344	-0.3659	-0.1029	-0.1686	-0.3330	
27.682	0.7519	-0.3988	-0.2673	-0.3659	-0.2344	-0.4316	
27.716	0.5875	0.1272	-0.5632	-0.3659	-0.2344	-0.8261	
27.749	0.7847	-0.2015	-0.3330	-0.2015	-0.1029	-0.3988	
27.783	0.5875	-0.3659	-0.3988	0.6204	-0.1686	-0.4974	
27.817	0.6861	-0.1029	-0.3659	-0.3659	-0.1686	-0.5631	
27.849	1.0149	-0.0043	-0.0371	-0.2344	0.0944	-0.3659	
27.882	0.6532	-0.3659	3.0860	-0.5960	-0.2673	-0.3659	
27.916	0.8176	-0.2673	-0.3330	0.0286	-0.2344	-0.4316	
27.950	0.5875	-0.2344	-0.5632	-0.1358	-0.1686	-0.3988	
27.983	0.6532	-0.2015	-0.3988	-0.3659	-0.2673	-0.7604	
28.016	0.5875	-0.3002	-0.5303	-0.4645	-0.3001	-0.3330	
28.050	0.5546	-0.2673	-0.4645	-0.3988	-0.4316	-0.5960	
28.083	0.6204	-0.3330	0.1272	-0.3659	-0.2015	-0.5303	
28.117	0.6204	-0.3659	-3.1274	-0.5303	-0.2344	-0.4974	
28.149	0.5217	-0.3330	-1.3850	-0.4974	-0.3001	-0.3659	
28.183	0.6204	-0.2673	-0.0043	-0.4316	-0.2015	-0.4316	
28.224	0.7519	-0.1686	0.1272	-0.3330	-0.0043	-0.4645	
28.250	0.4231	-0.3330	-0.3659	-0.4645	-0.2015	-0.3330	
28.283	0.7847	-0.0700	-0.3330	-0.2015	-0.1358	-0.2344	
28.317	1.4751	-0.3330	-0.3988	-0.3659	-0.3330	-0.5631	
28.349	0.6861	-0.3330	-0.2673	-0.3988	-0.2344	0.5875	
28.383	0.5875	-0.4317	-1.1878	-0.3988	-0.3330	-0.2344	
28.416	0.7519	-0.3002	-0.7275	-0.2673	-0.2015	-0.4645	
28.450	0.6532	-0.4317	-0.3330	-0.3988	-0.5631	-0.5960	
28.483	0.6532	-0.3330	-0.3659	-0.5303	-0.2673	-0.2344	
28.516	0.5546	-0.4317	-0.5632	-0.4974	-0.2344	-0.4316	
28.550	0.5546	-0.3002	-0.4317	0.4889	-0.2344	-0.5631	
28.582	0.5217	-0.2344	-0.4974	-0.7275	0.4231	-0.3330	
28.617	0.7190	-0.2015	-0.3330	-0.2344	-0.1358	-0.4974	
28.650	0.5217	-0.2673	0.3574	-0.3988	-0.2344	-0.5303	
28.683	0.8176	-0.2015	-0.2673	-0.2344	-0.3659	-0.3330	
28.718	0.5875	-0.4317	-0.3330	-0.4974	-0.1686	-0.5303	
28.751	0.7847	0.7190	-0.2673	-0.2673	-0.1686	-1.1220	
28.783	0.5875	-0.3002	-0.2673	-0.4316	-0.2673	6.6365	
28.816	0.8834	-0.0700	-0.1358	-0.0371	-0.0043	-0.1358	
28.850	0.9491	-0.1686	-1.0234	-0.1686	-0.0371	-0.3988	
28.883	0.7190	-0.3330	-0.3988	-0.2344	-0.1686	-0.2344	
28.916	0.7519	-0.7933	-0.3659	-0.3659	-0.2673	-0.1029	
28.950	0.6532	-0.2673	-0.3659	-0.3988	-0.9576	-0.5631	
28.984	0.6532	-0.2673	0.1930	-0.3659	-0.2015	-0.4974	
29.017	0.6532	-0.1686	-0.3988	-0.3001	1.1792	-0.3659	
29.050	0.6532	-0.3002	-0.4645	-0.2673	-0.2015	-0.4974	
29.084	0.7519	0.7847	-0.3330	-0.2344	-0.2015	-1.0891	
29.118	0.8505	-0.1686	-0.1686	-0.2344	0.7519	-0.2344	
29.151	0.7847	-0.3330	-0.1686	-0.2344	-0.1686	-0.1686	
29.184	0.6532	-0.1029	-0.3988	-0.3330	-0.1686	-0.6289	
29.219	0.7190	-0.2015	-0.2015	-0.0043	-0.2344	-0.4316	
29.251	0.5217	-0.3002	-0.2344	-0.4316	-0.2344	-0.3330	
29.283	0.6204	-0.3659	0.6204	-0.5303	-0.3001	-0.4645	
29.317	0.8505	-0.2673	-0.3330	-0.1358	-0.3001	-0.4645	
29.350	0.6861	-0.3330	-0.3988	-0.3659	-0.3001	-0.4974	
29.384	0.7190	0.0615	-0.2015	-0.2015	-0.1686	-0.7933	
29.417	0.5546	-0.4317	-0.2673	-0.4316	-0.2015	-0.2344	
29.451	0.7519	-0.2673	0.0286	-0.3001	-0.2673	-0.4316	
29.485	0.7190	-0.3330	-0.2344	-0.3330	-0.1686	-0.3659	
29.517	0.6861	-0.4645	-0.4645	-0.3659	-0.2344	-0.2673	
29.550	0.7190	-0.2344	-0.3988	-0.1686	0.4889	0.1272	
29.584	0.7847	-0.2344	-0.4974	-0.3659	0.1930	-0.4316	
29.618	0.6532	-0.2344	-0.2673	-0.0043	-0.0371	-0.3001	
29.651	0.5546	0.0615	-0.4317	-0.3001	-0.1686	-0.7604	
29.684	0.5875	-0.2015	-0.1686	-0.4316	1.6066	-0.2344	
29.717	0.6861	-0.2015	-0.5303	-0.3001	-0.1686	-0.4645	
29.751	1.0806	-0.1686	-0.3330	-0.2673	-0.2344	-0.4974	
29.784	0.5546	-0.2673	-0.4317	-0.2344	0.1601	-0.2344	
