% Time	SBX	SBY	SBZ	FRX	FRY	FRZ	FLX	FLY	FLZ	WRX	WRY	WRZ	WLX	WLY	WLZ	HDX	HDY	HDZ	HRX	HRY	HRZ	HRLX	HLY	HLZ	SpdCom
0.034	-0.1325	0.0984	2.0888	0.0497	0.0353	2.1481	-0.4417	-0.2614	2.0710	-0.2256	0.4449	2.1581	-0.2546	0.5875	2.0338	-0.2004	0.2309	2.3519	-0.0823	0.1247	1.9989	-0.1793	0.0684	2.1157	0.249	
0.067	-0.1345	0.0967	2.0915	0.0475	0.0358	2.1497	-0.4415	-0.2611	2.0732	-0.2262	0.4475	2.1566	-0.2548	0.5881	2.0334	-0.2008	0.2312	2.3522	-0.0842	0.1230	2.0021	-0.1809	0.0671	2.1175	0.518	
0.100	-0.1369	0.0999	2.0746	0.0534	0.0354	2.1434	-0.4411	-0.2567	2.0616	-0.2264	0.4487	2.1527	-0.2542	0.5726	2.0416	-0.2011	0.2317	2.3517	-0.0856	0.1313	1.9789	-0.1838	0.0667	2.1049	0.581	
0.134	-0.1337	0.1021	2.0795	0.0535	0.0358	2.1437	-0.4423	-0.2587	2.0664	-0.2141	0.4205	2.1610	-0.2547	0.5798	2.0364	-0.2012	0.2320	2.3515	-0.0826	0.1330	1.9839	-0.1804	0.0690	2.1106	0.532	
0.167	-0.1327	0.1036	2.0818	0.0528	0.0362	2.1436	-0.4435	-0.2597	2.0682	-0.2259	0.4493	2.1502	-0.2549	0.5825	2.0341	-0.2018	0.2323	2.3508	-0.0818	0.1343	1.9860	-0.1793	0.0705	2.1131	0.548	
0.200	-0.1338	0.1007	2.0785	0.0537	0.0360	2.1431	-0.4427	-0.2573	2.0664	-0.2257	0.4492	2.1498	-0.2531	0.5826	2.0372	-0.2016	0.2322	2.3507	-0.0827	0.1331	1.9832	-0.1807	0.0650	2.1094	0.559	
0.234	-0.1200	0.0801	2.1099	0.0534	0.0325	2.1499	-0.4465	-0.2603	2.0855	-0.2364	0.4032	2.1491	-0.2535	0.5717	2.0430	-0.2011	0.2315	2.3509	-0.0670	0.1011	2.0273	-0.1707	0.0559	2.1278	0.446	
0.267	-0.1204	0.0805	2.1098	0.0527	0.0332	2.1498	-0.4467	-0.2603	2.0860	-0.2366	0.4031	2.1487	-0.2547	0.5834	2.0337	-0.2012	0.2317	2.3508	-0.0682	0.1025	2.0262	-0.1707	0.0560	2.1283	0.504	
0.300	-0.1429	0.0972	2.0667	0.0515	0.0364	2.1420	-0.4420	-0.2553	2.0664	-0.2373	0.4033	2.1479	-0.2535	0.5843	2.0366	-0.2019	0.2321	2.3498	-0.0915	0.1324	1.9708	-0.1840	0.0581	2.1077	0.600	
0.334	-0.1422	0.0964	2.0663	0.0524	0.0355	2.1416	-0.4419	-0.2549	2.0632	-0.2377	0.4033	2.1477	-0.2540	0.5859	2.0343	-0.2020	0.2316	2.3499	-0.0906	0.1313	1.9706	-0.1846	0.0573	2.1043	0.546	
0.367	-0.1343	0.1029	2.0780	0.0529	0.0359	2.1426	-0.4439	-0.2592	2.0674	-0.2389	0.4043	2.1464	-0.2546	0.5868	2.0326	-0.2022	0.2316	2.3496	-0.0836	0.1345	1.9822	-0.1796	0.0664	2.1113	0.544	
0.400	-0.1322	0.1029	2.0800	0.0537	0.0356	2.1424	-0.4443	-0.2602	2.0682	-0.2390	0.4044	2.1459	-0.2566	0.5940	2.0287	-0.2021	0.2314	2.3494	-0.0814	0.1340	1.9845	-0.1781	0.0672	2.1125	0.559	
0.434	-0.1318	0.1030	2.0810	0.0534	0.0356	2.1424	-0.4447	-0.2608	2.0688	-0.2394	0.4060	2.1450	-0.2563	0.5924	2.0292	-0.2024	0.2313	2.3492	-0.0810	0.1339	1.9857	-0.1778	0.0677	2.1133	0.548	
0.467	-0.1313	0.0995	2.0836	0.0532	0.0345	2.1431	-0.4450	-0.2613	2.0697	-0.2523	0.4241	2.1342	-0.2541	0.5874	2.0349	-0.2025	0.2307	2.3493	-0.0801	0.1280	1.9905	-0.1777	0.0665	2.1141	0.540	
0.500	-0.1310	0.1000	2.0835	0.0533	0.0346	2.1423	-0.4454	-0.2617	2.0694	-0.2584	0.4340	2.1277	-0.2547	0.5881	2.0323	-0.2028	0.2307	2.3485	-0.0797	0.1288	1.9900	-0.1774	0.0670	2.1140	0.544	
0.534	-0.1366	0.0977	2.0707	0.0543	0.0339	2.1398	-0.4437	-0.2569	2.0568	-0.2347	0.4728	2.1300	-0.2538	0.5870	2.0335	-0.2033	0.2306	2.3483	-0.0842	0.1280	1.9778	-0.1846	0.0637	2.0995	0.584	
0.567	-0.1369	0.0972	2.0701	0.0542	0.0340	2.1395	-0.4435	-0.2566	2.0568	-0.2269	0.5266	2.1017	-0.2534	0.5867	2.0345	-0.2032	0.2306	2.3480	-0.0849	0.1281	1.9766	-0.1849	0.0625	2.0992	0.564	
0.600	-0.1377	0.0963	2.0681	0.0543	0.0338	2.1389	-0.4434	-0.2561	2.0556	-0.2330	0.4710	2.1318	-0.2534	0.5864	2.0347	-0.2033	0.2304	2.3477	-0.0857	0.1279	1.9742	-0.1856	0.0612	2.0977	0.581	
0.634	-0.1378	0.0961	2.0676	0.0544	0.0338	2.1387	-0.4433	-0.2559	2.0554	-0.2326	0.4701	2.1325	-0.2536	0.5866	2.0344	-0.2033	0.2305	2.3475	-0.0859	0.1281	1.9735	-0.1856	0.0608	2.0974	0.580	
0.667	-0.1379	0.0953	2.0662	0.0548	0.0330	2.1382	-0.4435	-0.2563	2.0539	-0.2274	0.5261	2.1016	-0.2536	0.5862	2.0343	-0.2034	0.2298	2.3474	-0.0858	0.1272	1.9724	-0.1858	0.0601	2.0959	0.585	
0.700	-0.1409	0.0878	2.0771	0.0468	0.0320	2.1435	-0.4439	-0.2592	2.0601	-0.2274	0.5259	2.1009	-0.2553	0.5857	2.0317	-0.2042	0.2281	2.3473	-0.0902	0.1142	1.9898	-0.1876	0.0570	2.1020	0.546	
0.734	-0.1365	0.0895	2.0805	0.0491	0.0318	2.1428	-0.4451	-0.2610	2.0644	-0.2235	0.4369	2.1497	-0.2541	0.5651	2.0425	-0.2040	0.2281	2.3473	-0.0860	0.1163	1.9914	-0.1828	0.0589	2.1071	0.556	
0.767	-0.1298	0.0966	2.0789	0.0255	0.0072	2.1208	-0.4460	-0.2627	2.0620	-0.2227	0.4330	2.1546	-0.2550	0.5749	2.0356	-0.2032	0.2281	2.3472	-0.0780	0.1245	1.9876	-0.1770	0.0656	2.1067	0.557	
0.800	-0.1267	0.0989	2.0780	0.0277	0.0070	2.1196	-0.4455	-0.2633	2.0608	-0.2205	0.4350	2.1502	-0.2549	0.5805	2.0322	-0.2021	0.2280	2.3471	-0.0749	0.1267	1.9862	-0.1741	0.0681	2.1062	0.554	
0.834	-0.1267	0.0984	2.0795	0.0271	0.0064	2.1197	-0.4458	-0.2646	2.0632	-0.2202	0.4355	2.1506	-0.2531	0.5848	2.0331	-0.2023	0.2273	2.3473	-0.0750	0.1265	1.9868	-0.1740	0.0671	2.1088	0.549	
0.867	-0.1266	0.0965	2.0801	0.0271	0.0060	2.1197	-0.4455	-0.2647	2.0642	-0.2356	0.3729	2.1570	-0.2526	0.5849	2.0338	-0.2020	0.2270	2.3473	-0.0750	0.1249	1.9874	-0.1739	0.0651	2.1094	0.550	
0.900	-0.1311	0.0923	2.0735	0.0268	0.0052	2.1189	-0.4436	-0.2618	2.0603	-0.2201	0.4498	2.1403	-0.2522	0.5844	2.0344	-0.2019	0.2263	2.3474	-0.0793	0.1233	1.9798	-0.1791	0.0578	2.1030	0.573	
0.934	-0.1274	0.0969	2.0749	0.0282	0.0054	2.1187	-0.4443	-0.2637	2.0598	-0.2186	0.4417	2.1458	-0.2526	0.5733	2.0383	-0.2014	0.2265	2.3476	-0.0761	0.1262	1.9812	-0.1745	0.0649	2.1046	0.556	
0.967	-0.1343	0.0905	2.0814	0.0191	0.0062	2.1239	-0.4430	-0.2641	2.0642	-0.2206	0.4413	2.1494	-0.2519	0.5804	2.0369	-0.2017	0.2262	2.3475	-0.0846	0.1171	1.9919	-0.1800	0.0607	2.1080	0.542	
1.000	-0.1338	0.0932	2.0820	0.0187	0.0067	2.1226	-0.4443	-0.2652	2.0652	-0.2215	0.4410	2.1496	-0.2533	0.5861	2.0313	-0.2026	0.2263	2.3468	-0.0837	0.1217	1.9910	-0.1796	0.0626	2.1097	0.550	
1.034	-0.1345	0.0922	2.0796	0.0198	0.0064	2.1217	-0.4439	-0.2640	2.0641	-0.2248	0.4548	2.1425	-0.2553	0.5643	2.0456	-0.2025	0.2262	2.3469	-0.0841	0.1217	1.9871	-0.1808	0.0602	2.1078	0.554	
1.067	-0.1323	0.0951	2.0820	0.0204	0.0066	2.1217	-0.4447	-0.2658	2.0665	-0.2250	0.4536	2.1435	-0.2539	0.5815	2.0351	-0.2025	0.2262	2.3470	-0.0820	0.1246	1.9886	-0.1785	0.0631	2.1113	0.541	
1.100	-0.1325	0.0942	2.0800	-0.0016	-0.0526	2.0979	-0.4432	-0.2641	2.0656	-0.2241	0.4525	2.1445	-0.2539	0.5822	2.0343	-0.2015	0.2264	2.3479	-0.0819	0.1246	1.9862	-0.1789	0.0608	2.1095	0.554	
1.134	-0.1332	0.0943	2.0789	-0.0020	-0.0520	2.0974	-0.4429	-0.2630	2.0651	-0.2235	0.4525	2.1442	-0.2525	0.5833	2.0362	-0.2015	0.2270	2.3480	-0.0825	0.1253	1.9847	-0.1797	0.0605	2.1086	0.552	
1.167	-0.1303	0.0944	2.0801	0.0005	-0.0530	2.0968	-0.4433	-0.2637	2.0649	-0.2271	0.4708	2.1339	-0.2522	0.5839	2.0361	-0.2013	0.2268	2.3485	-0.0780	0.1231	1.9879	-0.1775	0.0621	2.1090	0.548	
1.200	-0.1292	0.0942	2.0817	0.0006	-0.0529	2.0970	-0.4432	-0.2638	2.0663	-0.2377	0.3990	2.1589	-0.2498	0.5805	2.0410	-0.2009	0.2270	2.3487	-0.0771	0.1229	1.9893	-0.1765	0.0622	2.1104	0.546	
1.234	-0.1305	0.0939	2.0759	0.0021	-0.0533	2.0958	-0.4421	-0.2617	2.0618	-0.2100	0.3729	2.1749	-0.2503	0.5824	2.0391	-0.2005	0.2270	2.3494	-0.0783	0.1241	1.9825	-0.1782	0.0607	2.1051	0.567	
1.267	-0.1270	0.0962	2.0837	0.0015	-0.0532	2.0977	-0.4429	-0.2655	2.0704	-0.2293	0.3790	2.1720	-0.2494	0.5717	2.0443	-0.1999	0.2265	2.3506	-0.0757	0.1263	1.9884	-0.1738	0.0630	2.1152	0.529	
1.300	-0.1304	0.0960	2.0798	-0.0002	-0.0520	2.0970	-0.4419	-0.2628	2.0672	-0.2358	0.3946	2.1579	-0.2497	0.5744	2.0428	-0.2001	0.2275	2.3500	-0.0792	0.1274	1.9846	-0.1774	0.0617	2.1111	0.561	
1.334	-0.1294	0.0931	2.0796	0.0014	-0.0538	2.0995	-0.4374	-0.2635	2.0680	-0.2139	0.4602	2.1412	-0.2501	0.5771	2.0416	-0.1964	0.2252	2.3527	-0.0785	0.1261	1.9843	-0.1761	0.0567	2.1109	0.548	
1.367	-0.1318	0.0915	2.0781	0.0002	-0.0542	2.0993	-0.4376	-0.2628	2.0671	-0.2362	0.3976	2.1561	-0.2518	0.5812	2.0370	-0.1972	0.2250	2.3527	-0.0806	0.1250	1.9829	-0.1787	0.0546	2.1094	0.556	
1.400	-0.1288	0.0964	2.0826	-0.0000	-0.0534	2.0996	-0.4390	-0.2658	2.0702	-0.2320	0.4001	2.1598	-0.2519	0.5829	2.0365	-0.1973	0.2254	2.3525	-0.0782	0.1283	1.9867	-0.1752	0.0618	2.1148	0.538	
1.434	-0.1312	0.0945	2.0806	-0.0011	-0.0535	2.0992	-0.4386	-0.2644	2.0684	-0.2333	0.3999	2.1600	-0.2518	0.5838	2.0362	-0.1978	0.2254	2.3521	-0.0802	0.1270	1.9852	-0.1780	0.0591	2.1120	0.554	
1.467	-0.1334	0.0955	2.0780	-0.0021	-0.0387	2.1000	-0.4398	-0.2610	2.0664	-0.2360	0.3981	2.1597	-0.2525	0.5760	2.0391	-0.1993	0.2280	2.3507	-0.0823	0.1283	1.9826	-0.1803	0.0597	2.1094	0.556	
1.500	-0.1323	0.0970	2.0798	-0.0011	-0.0369	2.1009	-0.4397	-0.2597	2.0676	-0.2362	0.3978	2.1600	-0.2533	0.5790	2.0374	-0.1989	0.2299	2.3507	-0.0811	0.1291	1.9851	-0.1792	0.0621	2.1108	0.547	
1.534	-0.1327	0.0966	2.0767	0.0002	-0.0377	2.1005	-0.4396	-0.2586	2.0636	-0.2445	0.4140	2.1532	-0.2531	0.5811	2.0362	-0.1991	0.2298	2.3508	-0.0810	0.1285	1.9828	-0.1801	0.0621	2.1066	0.563	
1.567	-0.1330	0.0962	2.0769	0.0004	-0.0378	2.1011	-0.4395	-0.2585	2.0643	-0.2386	0.4118	2.1518	-0.2530	0.5811	2.0362	-0.1991	0.2298	2.3511	-0.0814	0.1283	1.9829	-0.1805	0.0613	2.1071	0.555	
1.600	-0.1313	0.0980	2.0838	-0.0005	-0.0385	2.1030	-0.4415	-0.2623	2.0712	-0.2256	0.4374	2.1524	-0.2529	0.5838	2.0347	-0.2000	0.2290	2.3520	-0.0801	0.1293	1.9884	-0.1782	0.0640	2.1154	0.535	
1.634	-0.1299	0.1006	2.0850	-0.0004	-0.0378	2.1029	-0.4422	-0.2628	2.0717	-0.2245	0.4365	2.1535	-0.2532	0.5851	2.0335	-0.2001	0.2297	2.3516	-0.0790	0.1315	1.9895	-0.1767	0.0669	2.1168	0.543	
1.667	-0.1292	0.1012	2.0850	0.0002	-0.0382	2.1029	-0.4427	-0.2633	2.0707	-0.2233	0.4336	2.1560	-0.2531	0.5854	2.0349	-0.2003	0.2294	2.3519	-0.0782	0.1316	1.9897	-0.1759	0.0683	2.1162	0.539	
1.700	-0.1292	0.1016	2.0857	-0.0001	-0.0382	2.1031	-0.4432	-0.2637	2.0713	-0.2203	0.4406	2.1535	-0.2531	0.5856	2.0349	-0.2007	0.2293	2.3520	-0.0782	0.1319	1.9904	-0.1759	0.0687	2.1171	0.535	
1.734	-0.1291	0.1025	2.0856	-0.0005	-0.0373	2.1019	-0.4444	-0.2629	2.0712	-0.2168	0.4322	2.1547	-0.2549	0.5835	2.0286	-0.2015	0.2306	2.3505	-0.0782	0.1327	1.9903	-0.1758	0.0696	2.1170	0.537	
1.767	-0.1290	0.1034	2.0862	-0.0008	-0.0366	2.1019	-0.4448	-0.2626	2.0716	-0.2136	0.4389	2.1461	-0.2545	0.5771	2.0385	-0.2018	0.2312	2.3503	-0.0781	0.1336	1.9909	-0.1757	0.0705	2.1176	0.534	
1.800	-0.1311	0.0994	2.0815	0.0001	-0.0371	2.1014	-0.4432	-0.2591	2.0688	-0.2227	0.4489	2.1485	-0.2532	0.5802	2.0392	-0.2013	0.2310	2.3505	-0.0798	0.1318	1.9865	-0.1782	0.0634	2.1123	0.551	
1.834	-0.1328	0.0958	2.0799	0.0003	-0.0386	2.1023	-0.4422	-0.2588	2.0686	-0.2220	0.4461	2.1501	-0.2530	0.5815	2.0390	-0.2011	0.2297	2.3516	-0.0813	0.1296	1.9849	-0.1802	0.0585	2.1109	0.547	
1.867	-0.1290	0.0980	2.0842	0.0014	-0.0389	2.1029	-0.4432	-0.2617	2.0719	-0.2195	0.4454	2.1473	-0.2529	0.5821	2.0389	-0.2006	0.2293	2.3520	-0.0780	0.1303	1.9887	-0.1756	0.0627	2.1159	0.534	
1.900	-0.1266	0.0884	2.1003	-0.0045	-0.0393	2.1086	-0.4453	-0.2625	2.0788	-0.2228	0.4502	2.1469	-0.2530	0.5834	2.0375	-0.2016	0.2298	2.3511	-0.0746	0.1095	2.0185	-0.1743	0.0603	2.1226	0.489	
1.934	-0.1267	0.0886	2.1003	-0.0042	-0.0400	2.1090	-0.4457	-0.2634	2.0792	-0.2264	0.4306	2.1606	-0.2538	0.5856	2.0343	-0.2020	0.2289	2.3524	-0.0754	0.1117	2.0160	-0.1746	0.0604	2.1231	0.514	
1.967	-0.1270	0.0970	2.0937	-0.0012	-0.0383	2.1040	-0.4461	-0.2636	2.0763	-0.2229	0.4417	2.1548	-0.2540	0.5717	2.0418	-0.2023	0.2297	2.3511	-0.0762	0.1291	1.9984	-0.1744	0.0645	2.1213	0.522	
2.000	-0.1362	0.0973	2.0702	0.0010	-0.0390	2.1000	-0.4429	-0.2571	2.0572	-0.2204	0.4518	2.1418	-0.2542	0.5634	2.0450	-0.2025	0.2298	2.3509	-0.0834	0.1294	1.9775	-0.1839	0.0630	2.1001	0.589	
2.034	-0.1350	0.0978	2.0751	-0.0009	-0.0384	2.1002	-0.4446	-0.2582	2.0601	-0.2225	0.4400	2.1532	-0.2544	0.5812	2.0351	-0.2036	0.2304	2.3498	-0.0825	0.1278	1.9838	-0.1828	0.0651	2.1037	0.537	
2.067	-0.1355	0.0974	2.0742	-0.0010	-0.0382	2.0998	-0.4443	-0.2576	2.0600	-0.2294	0.4654	2.1391	-0.2507	0.5793	2.0437	-0.2035	0.2305	2.3495	-0.0836	0.1282	1.9815	-0.1832	0.0637	2.1032	0.570	
2.100	-0.1341	0.0991	2.0793	-0.0020	-0.0384	2.1004	-0.4459	-0.2608	2.0658	-0.2273	0.4578	2.1428	-0.2537	0.5859	2.0340	-0.2041	0.2300	2.3494	-0.0828	0.1293	1.9848	-0.1811	0.0660	2.1102	0.547	
2.134	-0.1307	0.1020	2.0787	0.0001	-0.0383	2.0993	-0.4465	-0.2612	2.0634	-0.2270	0.4567	2.1434	-0.2539	0.5865	2.0333	-0.2037	0.2303	2.3491	-0.0796	0.1311	1.9847	-0.1774	0.0703	2.1091	0.558	
2.167	-0.1300	0.1013	2.0811	-0.0002	-0.0387	2.0998	-0.4469	-0.2624	2.0661	-0.2266	0.4548	2.1439	-0.2545	0.5647	2.0440	-0.2038	0.2298	2.3493	-0.0791	0.1306	1.9866	-0.1767	0.0693	2.1119	0.545	
2.200	-0.1295	0.1013	2.0817	-0.0001	-0.0387	2.0997	-0.4470	-0.2627	2.0668	-0.2253	0.4491	2.1468	-0.2549	0.5836	2.0355	-0.2037	0.2297	2.3491	-0.0787	0.1306	1.9871	-0.1762	0.0691	2.1126	0.547	
2.234	-0.1286	0.1021	2.0826	0.0001	-0.0385	2.0997	-0.4469	-0.2632	2.0673	-0.2284	0.4612	2.1411	-0.2547	0.5841	2.0347	-0.2034	0.2298	2.3489	-0.0778	0.1315	1.9879	-0.1753	0.0699	2.1135	0.543	
2.267	-0.1333	0.0993	2.0758	-0.0006	-0.0383	2.0988	-0.4450	-0.2594	2.0626	-0.2266	0.5284	2.1027	-0.2548	0.5841	2.0345	-0.2033	0.2301	2.3485	-0.0821	0.1309	1.9810	-0.1805	0.0643	2.1064	0.567	
2.300	-0.1317	0.1023	2.0751	-0.0004	-0.0378	2.0973	-0.4463	-0.2601	2.0595	-0.2271	0.5292	2.1018	-0.2550	0.5850	2.0325	-0.2039	0.2307	2.3471	-0.0810	0.1322	1.9808	-0.1785	0.0702	2.1049	0.557	
2.334	-0.1313	0.1045	2.0775	-0.0015	-0.0367	2.0973	-0.4471	-0.2608	2.0618	-0.2202	0.4367	2.1285	-0.2551	0.5856	2.0317	-0.2043	0.2315	2.3465	-0.0806	0.1342	1.9829	-0.1780	0.0724	2.1079	0.554	
2.367	-0.1301	0.1038	2.0781	-0.0000	-0.0389	2.0982	-0.4467	-0.2630	2.0616	-0.2207	0.4360	2.1500	-0.2545	0.5720	2.0384	-0.2038	0.2293	2.3479	-0.0788	0.1328	1.9839	-0.1771	0.0721	2.1083	0.556	
2.400	-0.1301	0.1036	2.0790	-0.0005	-0.0395	2.0984	-0.4474	-0.2639	2.0624	-0.2207	0.4347	2.1498	-0.2531	0.5743	2.0400	-0.2044	0.2287	2.3480	-0.0789	0.1325	1.9847	-0.1772	0.0718	2.1092	0.552	
2.434	-0.1298	0.1037	2.0793	-0.0005	-0.0392	2.0982	-0.4474	-0.2639	2.0628	-0.2301	0.4679	2.1328	-0.2534	0.5692	2.0418	-0.2042	0.2290	2.3477	-0.0786	0.1326	1.9850	-0.1768	0.0719	2.1097	0.552	
2.467	-0.1295	0.1038	2.0798	-0.0005	-0.0391	2.0981	-0.4474	-0.2641	2.0634	-0.2263	0.5271	2.0999	-0.2548	0.5823	2.0311	-0.2041	0.2290	2.3475	-0.0784	0.1328	1.9853	-0.1763	0.0719	2.1104	0.550	
2.500	-0.1281	0.1043	2.0791	0.0006	-0.0394	2.0975	-0.4472	-0.2642	2.0620	-0.2259	0.5266	2.1001	-0.2547	0.5629	2.0431	-0.2037	0.2289	2.3472	-0.0771	0.1329	1.9849	-0.1750	0.0728	2.1093	0.553	
2.534	-0.1286	0.1012	2.0798	0.0004	-0.0401	2.0977	-0.4472	-0.2642	2.0627	-0.2266	0.5216	2.1012	-0.2550	0.5631	2.0432	-0.2038	0.2285	2.3472	-0.0774	0.1286	1.9866	-0.1756	0.0705	2.1093	0.549	
2.567	-0.1277	0.1007	2.0789	0.0013	-0.0400	2.0966	-0.4465	-0.2635	2.0611	-0.2282	0.4524	2.1387	-0.2538	0.5744	2.0369	-0.2031	0.2288	2.3462	-0.0763	0.1277	1.9862	-0.1748	0.0704	2.1076	0.554	
2.600	-0.1308	0.0972	2.0686	0.0035	-0.0408	2.0944	-0.4447	-0.2592	2.0533	-0.2198	0.4294	2.1485	-0.2537	0.5819	2.0330	-0.2028	0.2287	2.3461	-0.0788	0.1268	1.9757	-0.1787	0.0643	2.0971	0.587	
2.634	-0.1290	0.0983	2.0757	0.0022	-0.0407	2.0959	-0.4456	-0.2627	2.0616	-0.2317	0.5194	2.1000	-0.2542	0.5834	2.0316	-0.2027	0.2283	2.3463	-0.0776	0.1278	1.9811	-0.1761	0.0655	2.1067	0.545	
2.667	-0.1289	0.0988	2.0769	0.0016	-0.0407	2.0961	-0.4459	-0.2634	2.0626	-0.2220	0.4344	2.1509	-0.2548	0.5723	2.0378	-0.2029	0.2281	2.3462	-0.0776	0.1283	1.9821	-0.1760	0.0661	2.1079	0.563	
2.700	-0.1309	0.0979	2.0656	0.0046	-0.0414	2.0936	-0.4444	-0.2592	2.0509	-0.2208	0.4355	2.1487	-0.2530	0.5766	2.0380	-0.2028	0.2281	2.3461	-0.0786	0.1282	1.9723	-0.1793	0.0644	2.0948	0.597	
2.734	-0.1320	0.0975	2.0631	0.0046	-0.0412	2.0931	-0.4438	-0.2583	2.0491	-0.2350	0.4365	2.1403	-0.2524	0.5779	2.0378	-0.2025	0.2283	2.3458	-0.0796	0.1284	1.9696	-0.1803	0.0635	2.0925	0.584	
2.767	-0.1328	0.0960	2.0647	0.0039	-0.0412	2.0940	-0.4432	-0.2585	2.0517	-0.2343	0.4367	2.1399	-0.2535	0.5828	2.0326	-0.2021	0.2282	2.3461	-0.0805	0.1276	1.9708	-0.1809	0.0611	2.0947	0.585	
2.800	-0.1273	0.0982	2.0691	0.0063	-0.0421	2.0942	-0.4444	-0.2613	2.0542	-0.2097	0.4278	2.1424	-0.2536	0.5837	2.0316	-0.2017	0.2275	2.3467	-0.0753	0.1275	1.9756	-0.1748	0.0662	2.0992	0.575	
2.834	-0.1274	0.0967	2.0745	0.0041	-0.0417	2.0959	-0.4446	-0.2624	2.0586	-0.2227	0.5248	2.1004	-0.2517	0.5835	2.0359	-0.2017	0.2275	2.3467	-0.0756	0.1255	1.9818	-0.1748	0.0652	2.1036	0.563	
2.867	-0.1263	0.0972	2.0779	0.0039	-0.0416	2.0970	-0.4444	-0.2638	2.0625	-0.2215	0.4486	2.1438	-0.2518	0.5844	2.0352	-0.2011	0.2273	2.3472	-0.0749	0.1261	1.9842	-0.1734	0.0654	2.1079	0.557	
2.900	-0.1257	0.0989	2.0797	0.0034	-0.0411	2.0975	-0.4445	-0.2647	2.0643	-0.2214	0.4483	2.1440	-0.2518	0.5844	2.0353	-0.2009	0.2275	2.3472	-0.0745	0.1280	1.9856	-0.1727	0.0667	2.1102	0.552	
2.934	-0.1259	0.1000	2.0804	0.0027	-0.0405	2.0976	-0.4447	-0.2648	2.0648	-0.2218	0.4480	2.1446	-0.2519	0.5845	2.0353	-0.2011	0.2279	2.3470	-0.0747	0.1294	1.9861	-0.1728	0.0678	2.1111	0.550	
2.967	-0.1306	0.0977	2.0755	0.0015	-0.0402	2.0975	-0.4430	-0.2619	2.0614	-0.2230	0.4485	2.1460	-0.2518	0.5853	2.0344	-0.2012	0.2281	2.3469	-0.0790	0.1287	1.9811	-0.1782	0.0635	2.1057	0.566	
3.000	-0.1326	0.0963	2.0739	0.0007	-0.0401	2.0976	-0.4424	-0.2609	2.0607	-0.2170	0.4213	2.1614	-0.2514	0.5844	2.0362	-0.2013	0.2281	2.3469	-0.0810	0.1281	1.9794	-0.1802	0.0612	2.1043	0.562	
3.034	-0.1328	0.0959	2.0737	0.0009	-0.0400	2.0977	-0.4420	-0.2606	2.0608	-0.2209	0.4386	2.1515	-0.2543	0.5826	2.0361	-0.2010	0.2281	2.3471	-0.0812	0.1280	1.9792	-0.1803	0.0605	2.1041	0.565	
3.067	-0.1329	0.0959	2.0736	0.0009	-0.0394	2.0980	-0.4417	-0.2597	2.0609	-0.2330	0.4042	2.1530	-0.2562	0.5943	2.0286	-0.2008	0.2288	2.3473	-0.0814	0.1282	1.9791	-0.1804	0.0605	2.1041	0.566	
3.100	-0.1283	0.0952	2.0784	0.0042	-0.0408	2.0996	-0.4415	-0.2611	2.0632	-0.2340	0.4049	2.1524	-0.2551	0.5929	2.0296	-0.1997	0.2282	2.3493	-0.0751	0.1242	1.9871	-0.1767	0.0621	2.1071	0.550	
3.134	-0.1302	0.0947	2.0771	0.0028	-0.0404	2.0998	-0.4410	-0.2605	2.0630	-0.2197	0.4461	2.1493	-0.2573	0.5920	2.0313	-0.1997	0.2282	2.3492	-0.0783	0.1253	1.9838	-0.1782	0.0606	2.1064	0.563	
3.167	-0.1305	0.0951	2.0766	0.0028	-0.0391	2.0999	-0.4403	-0.2591	2.0632	-0.2194	0.4458	2.1493	-0.2576	0.5928	2.0314	-0.1991	0.2294	2.3491	-0.0790	0.1265	1.9827	-0.1783	0.0607	2.1063	0.558	
3.200	-0.1303	0.0946	2.0767	0.0037	-0.0394	2.1015	-0.4385	-0.2591	2.0637	-0.2190	0.4462	2.1496	-0.2513	0.5824	2.0405	-0.1977	0.2289	2.3507	-0.0789	0.1264	1.9828	-0.1780	0.0597	2.1066	0.558	
3.234	-0.1272	0.0976	2.0822	0.0036	-0.0392	2.1022	-0.4397	-0.2621	2.0690	-0.2190	0.4461	2.1498	-0.2537	0.5860	2.0325	-0.1976	0.2288	2.3508	-0.0764	0.1285	1.9871	-0.1741	0.0637	2.1135	0.540	
3.267	-0.1267	0.0987	2.0835	0.0033	-0.0390	2.1025	-0.4400	-0.2629	2.0701	-0.2190	0.4461	2.1497	-0.2531	0.5872	2.0322	-0.1976	0.2288	2.3508	-0.0760	0.1295	1.9883	-0.1735	0.0649	2.1150	0.545	
3.300	-0.1261	0.0992	2.0843	0.0034	-0.0392	2.1027	-0.4402	-0.2636	2.0705	-0.2195	0.4462	2.1504	-0.2527	0.5872	2.0326	-0.1976	0.2286	2.3509	-0.0753	0.1298	1.9891	-0.1729	0.0656	2.1158	0.540	
3.334	-0.1290	0.0965	2.0817	0.0027	-0.0393	2.1027	-0.4391	-0.2615	2.0690	-0.2214	0.4475	2.1526	-0.2538	0.5672	2.0429	-0.1977	0.2285	2.3510	-0.0778	0.1285	1.9868	-0.1763	0.0612	2.1128	0.549	
3.367	-0.1283	0.0997	2.0846	0.0017	-0.0384	2.1032	-0.4402	-0.2631	2.0712	-0.2212	0.4455	2.1553	-0.2522	0.5799	2.0385	-0.1982	0.2291	2.3509	-0.0773	0.1309	1.9891	-0.1752	0.0654	2.1163	0.534	
3.400	-0.1304	0.0988	2.0809	0.0016	-0.0379	2.1025	-0.4396	-0.2607	2.0684	-0.2214	0.4468	2.1520	-0.2522	0.5817	2.0376	-0.1984	0.2297	2.3507	-0.0793	0.1311	1.9853	-0.1775	0.0634	2.1125	0.554	
3.434	-0.1315	0.0971	2.0793	0.0015	-0.0381	2.1024	-0.4392	-0.2596	2.0675	-0.2212	0.4469	2.1520	-0.2520	0.5833	2.0366	-0.1984	0.2296	2.3508	-0.0803	0.1302	1.9839	-0.1788	0.0607	2.1108	0.550	
3.467	-0.1301	0.0995	2.0826	0.0010	-0.0378	2.1029	-0.4402	-0.2616	2.0701	-0.2258	0.4374	2.1561	-0.2532	0.5865	2.0331	-0.1987	0.2297	2.3508	-0.0792	0.1316	1.9867	-0.1770	0.0644	2.1146	0.539	
3.500	-0.1311	0.0972	2.0776	0.0025	-0.0396	2.1021	-0.4400	-0.2605	2.0642	-0.2204	0.4418	2.1540	-0.2530	0.5876	2.0329	-0.1990	0.2285	2.3514	-0.0794	0.1291	1.9830	-0.1787	0.0624	2.1080	0.563	
3.534	-0.1319	0.0954	2.0780	0.0022	-0.0400	2.1028	-0.4397	-0.2604	2.0652	-0.2355	0.4020	2.1550	-0.2535	0.5874	2.0319	-0.1990	0.2280	2.3520	-0.0802	0.1279	1.9833	-0.1796	0.0600	2.1085	0.550	
3.567	-0.1336	0.0943	2.0771	0.0012	-0.0400	2.1029	-0.4397	-0.2600	2.0649	-0.2331	0.4041	2.1555	-0.2528	0.5874	2.0328	-0.1994	0.2279	2.3519	-0.0820	0.1273	1.9823	-0.1811	0.0585	2.1078	0.558	
3.600	-0.1343	0.0936	2.0766	0.0009	-0.0402	2.1030	-0.4397	-0.2597	2.0647	-0.2310	0.4002	2.1565	-0.2530	0.5873	2.0327	-0.1996	0.2278	2.3521	-0.0826	0.1269	1.9818	-0.1818	0.0574	2.1074	0.558	
3.634	-0.1355	0.0932	2.0826	-0.0042	-0.0386	2.1064	-0.4398	-0.2598	2.0673	-0.2181	0.4368	2.1561	-0.2529	0.5875	2.0326	-0.1998	0.2287	2.3516	-0.0848	0.1230	1.9932	-0.1824	0.0588	2.1102	0.538	
3.667	-0.1375	0.0930	2.0860	-0.0074	-0.0374	2.1074	-0.4408	-0.2596	2.0694	-0.2194	0.4414	2.1530	-0.2536	0.5887	2.0314	-0.2010	0.2297	2.3511	-0.0870	0.1218	1.9970	-0.1840	0.0599	2.1126	0.537	
3.700	-0.1379	0.0923	2.0879	-0.0082	-0.0373	2.1080	-0.4408	-0.2599	2.0705	-0.2222	0.4464	2.1523	-0.2539	0.5703	2.0421	-0.2011	0.2297	2.3511	-0.0874	0.1205	1.9991	-0.1843	0.0599	2.1137	0.532	
3.734	-0.1378	0.0922	2.0877	-0.0077	-0.0375	2.1077	-0.4408	-0.2599	2.0699	-0.2266	0.4630	2.1439	-0.2551	0.5816	2.0340	-0.2011	0.2297	2.3511	-0.0867	0.1199	1.9991	-0.1843	0.0604	2.1132	0.532	
3.767	-0.1390	0.0937	2.0805	-0.0049	-0.0373	2.1038	-0.4411	-0.2586	2.0669	-0.2255	0.5280	2.1046	-0.2551	0.5847	2.0316	-0.2015	0.2301	2.3505	-0.0883	0.1259	1.9850	-0.1852	0.0599	2.1099	0.555	
3.800	-0.1374	0.0935	2.0820	-0.0040	-0.0384	2.1036	-0.4425	-0.2597	2.0675	-0.2251	0.5266	2.1040	-0.2550	0.5854	2.0310	-0.2023	0.2295	2.3505	-0.0854	0.1236	1.9888	-0.1841	0.0606	2.1108	0.537	
3.834	-0.1393	0.0938	2.0779	-0.0043	-0.0380	2.1022	-0.4427	-0.2584	2.0652	-0.2253	0.5268	2.1037	-0.2550	0.5854	2.0309	-0.2029	0.2298	2.3500	-0.0879	0.1259	1.9826	-0.1858	0.0595	2.1081	0.560	
3.867	-0.1331	0.0981	2.0779	-0.0008	-0.0388	2.1006	-0.4445	-0.2604	2.0629	-0.2252	0.5265	2.1036	-0.2547	0.5869	2.0303	-0.2027	0.2295	2.3497	-0.0822	0.1281	1.9834	-0.1794	0.0660	2.1076	0.552	
3.900	-0.1324	0.0988	2.0801	-0.0013	-0.0390	2.1010	-0.4452	-0.2619	2.0654	-0.2240	0.4486	2.1480	-0.2557	0.5631	2.0426	-0.2030	0.2291	2.3498	-0.0816	0.1287	1.9853	-0.1787	0.0666	2.1107	0.548	
3.934	-0.1308	0.0999	2.0817	-0.0009	-0.0389	2.1009	-0.4456	-0.2627	2.0666	-0.2241	0.4488	2.1479	-0.2533	0.5791	2.0360	-0.2029	0.2292	2.3496	-0.0800	0.1296	1.9868	-0.1772	0.0676	2.1123	0.547	
3.967	-0.1352	0.0961	2.0737	-0.0006	-0.0399	2.0997	-0.4441	-0.2592	2.0596	-0.2242	0.4477	2.1471	-0.2537	0.5806	2.0346	-0.2033	0.2287	2.3497	-0.0832	0.1274	1.9801	-0.1831	0.0619	2.1031	0.574	
4.000	-0.1386	0.0971	2.0647	-0.0007	-0.0394	2.0965	-0.4445	-0.2566	2.0513	-0.2188	0.4225	2.1597	-0.2542	0.5843	2.0316	-0.2045	0.2295	2.3478	-0.0862	0.1288	1.9711	-0.1867	0.0624	2.0944	0.589	
4.034	-0.1365	0.0985	2.0753	-0.0032	-0.0391	2.0985	-0.4465	-0.2610	2.0622	-0.2183	0.4176	2.1628	-0.2541	0.5848	2.0318	-0.2053	0.2291	2.3479	-0.0849	0.1292	1.9802	-0.1837	0.0650	2.1068	0.545	
4.067	-0.1338	0.1008	2.0788	-0.0030	-0.0387	2.0989	-0.4474	-0.2625	2.0646	-0.2223	0.4330	2.1551	-0.2544	0.5859	2.0309	-0.2052	0.2293	2.3478	-0.0826	0.1310	1.9836	-0.1808	0.0677	2.1103	0.559	
4.100	-0.1320	0.1023	2.0799	-0.0023	-0.0379	2.0986	-0.4473	-0.2623	2.0652	-0.2228	0.4368	2.1527	-0.2540	0.5860	2.0314	-0.2046	0.2301	2.3474	-0.0809	0.1323	1.9848	-0.1789	0.0693	2.1112	0.552	
4.134	-0.1327	0.0975	2.0831	-0.0043	-0.0381	2.1009	-0.4456	-0.2622	2.0664	-0.2243	0.4446	2.1485	-0.2539	0.5862	2.0311	-0.2034	0.2300	2.3473	-0.0820	0.1240	1.9925	-0.1793	0.0671	2.1118	0.540	
4.167	-0.1347	0.0958	2.0767	-0.0026	-0.0384	2.0987	-0.4445	-0.2594	2.0625	-0.2235	0.4443	2.1477	-0.2513	0.5813	2.0380	-0.2032	0.2300	2.3471	-0.0842	0.1257	1.9825	-0.1815	0.0625	2.1062	0.567	
4.200	-0.1306	0.0984	2.0795	-0.0007	-0.0383	2.0985	-0.4452	-0.2610	2.0649	-0.2230	0.4443	2.1475	-0.2512	0.5814	2.0379	-0.2025	0.2301	2.3471	-0.0800	0.1281	1.9851	-0.1771	0.0655	2.1097	0.543	
4.234	-0.1289	0.1006	2.0788	0.0003	-0.0382	2.0977	-0.4455	-0.2615	2.0630	-0.2215	0.4387	2.1459	-0.2546	0.5891	2.0264	-0.2024	0.2302	2.3467	-0.0783	0.1296	1.9847	-0.1754	0.0685	2.1088	0.556	
4.267	-0.1283	0.1003	2.0801	0.0003	-0.0390	2.0981	-0.4456	-0.2631	2.0645	-0.2212	0.4393	2.1456	-0.2542	0.5875	2.0283	-0.2023	0.2292	2.3469	-0.0777	0.1295	1.9857	-0.1748	0.0681	2.1105	0.548	
4.300	-0.1282	0.1005	2.0802	0.0000	-0.0388	2.0975	-0.4460	-0.2631	2.0644	-0.2219	0.4393	2.1509	-0.2540	0.5878	2.0288	-0.2025	0.2294	2.3461	-0.0777	0.1297	1.9857	-0.1748	0.0683	2.1106	0.551	
4.334	-0.1359	0.0975	2.0736	-0.0034	-0.0378	2.0964	-0.4446	-0.2594	2.0611	-0.2291	0.4672	2.1359	-0.2538	0.5873	2.0293	-0.2036	0.2300	2.3448	-0.0852	0.1296	1.9781	-0.1829	0.0621	2.1048	0.571	
4.367	-0.1357	0.0962	2.0725	-0.0025	-0.0383	2.0966	-0.4436	-0.2588	2.0603	-0.2277	0.5318	2.0976	-0.2530	0.5862	2.0323	-0.2028	0.2297	2.3453	-0.0849	0.1289	1.9772	-0.1827	0.0602	2.1034	0.564	
4.400	-0.1320	0.0996	2.0758	-0.0015	-0.0380	2.0965	-0.4449	-0.2611	2.0622	-0.2266	0.5290	2.0980	-0.2536	0.5878	2.0302	-0.2028	0.2299	2.3451	-0.0815	0.1309	1.9806	-0.1785	0.0656	2.1071	0.556	
4.434	-0.1280	0.1016	2.0763	0.0014	-0.0384	2.0958	-0.4452	-0.2618	2.0611	-0.2249	0.4511	2.1433	-0.2542	0.5720	2.0390	-0.2020	0.2300	2.3453	-0.0771	0.1317	1.9817	-0.1745	0.0689	2.1070	0.562	
4.467	-0.1274	0.1023	2.0767	0.0018	-0.0385	2.0960	-0.4453	-0.2621	2.0608	-0.2232	0.4456	2.1462	-0.2529	0.5807	2.0356	-0.2019	0.2299	2.3456	-0.0764	0.1320	1.9823	-0.1740	0.0701	2.1072	0.559	
4.500	-0.1243	0.1029	2.0767	0.0047	-0.0394	2.0960	-0.4438	-0.2630	2.0599	-0.2220	0.4450	2.1463	-0.2525	0.5825	2.0349	-0.2001	0.2291	2.3462	-0.0730	0.1318	1.9827	-0.1714	0.0713	2.1068	0.559	
4.534	-0.1236	0.1022	2.0792	0.0047	-0.0401	2.0972	-0.4434	-0.2646	2.0629	-0.2207	0.4410	2.1483	-0.2524	0.5836	2.0346	-0.1995	0.2282	2.3469	-0.0724	0.1313	1.9847	-0.1705	0.0701	2.1099	0.550	
4.567	-0.1236	0.1022	2.0792	0.0045	-0.0406	2.0973	-0.4438	-0.2651	2.0626	-0.2230	0.4456	2.1493	-0.2520	0.5838	2.0349	-0.1999	0.2278	2.3471	-0.0725	0.1313	1.9847	-0.1707	0.0703	2.1098	0.554	
4.600	-0.1227	0.1002	2.0795	0.0062	-0.0419	2.0971	-0.4435	-0.2653	2.0622	-0.2272	0.4417	2.1506	-0.2525	0.5853	2.0330	-0.1997	0.2273	2.3475	-0.0705	0.1262	1.9868	-0.1704	0.0697	2.1094	0.551	
4.634	-0.1229	0.0999	2.0795	0.0063	-0.0434	2.0981	-0.4443	-0.2665	2.0619	-0.2251	0.5213	2.1062	-0.2522	0.5844	2.0338	-0.2004	0.2258	2.3490	-0.0706	0.1260	1.9869	-0.1705	0.0695	2.1094	0.551	
4.667	-0.1231	0.1006	2.0809	0.0053	-0.0428	2.0987	-0.4443	-0.2670	2.0634	-0.2234	0.4417	2.1496	-0.2539	0.5728	2.0391	-0.2003	0.2259	2.3490	-0.0711	0.1275	1.9878	-0.1706	0.0698	2.1111	0.547	
4.700	-0.1303	0.0970	2.0755	0.0019	-0.0420	2.0990	-0.4421	-0.2636	2.0604	-0.2244	0.5224	2.1048	-0.2534	0.5758	2.0374	-0.2006	0.2261	2.3485	-0.0787	0.1268	1.9818	-0.1782	0.0633	2.1054	0.567	
4.734	-0.1325	0.0954	2.0744	0.0010	-0.0419	2.0993	-0.4415	-0.2626	2.0604	-0.2243	0.5223	2.1048	-0.2520	0.5803	2.0368	-0.2007	0.2262	2.3486	-0.0807	0.1262	1.9806	-0.1804	0.0606	2.1045	0.560	
4.767	-0.1295	0.0991	2.0754	0.0020	-0.0418	2.0989	-0.4427	-0.2643	2.0597	-0.2238	0.5227	2.1038	-0.2517	0.5808	2.0366	-0.2007	0.2263	2.3485	-0.0783	0.1286	1.9814	-0.1767	0.0666	2.1056	0.560	
4.800	-0.1267	0.1001	2.0794	0.0028	-0.0412	2.0996	-0.4428	-0.2652	2.0637	-0.2247	0.4514	2.1398	-0.2516	0.5813	2.0364	-0.1999	0.2267	2.3488	-0.0757	0.1297	1.9849	-0.1736	0.0675	2.1102	0.549	
4.834	-0.1254	0.0982	2.0829	0.0028	-0.0413	2.1005	-0.4428	-0.2654	2.0658	-0.2246	0.4514	2.1416	-0.2515	0.5822	2.0365	-0.1996	0.2269	2.3490	-0.0740	0.1265	1.9902	-0.1727	0.0666	2.1121	0.544	
4.867	-0.1284	0.0944	2.0866	-0.0014	-0.0408	2.1034	-0.4420	-0.2652	2.0681	-0.2388	0.3983	2.1550	-0.2533	0.5694	2.0417	-0.1996	0.2269	2.3491	-0.0780	0.1211	1.9964	-0.1749	0.0643	2.1138	0.533	
4.900	-0.1267	0.0971	2.0871	0.0000	-0.0402	2.1029	-0.4422	-0.2657	2.0690	-0.2239	0.3891	2.1622	-0.2537	0.5743	2.0380	-0.1992	0.2273	2.3492	-0.0757	0.1256	1.9955	-0.1733	0.0661	2.1153	0.535	
4.934	-0.1300	0.0964	2.0753	0.0029	-0.0409	2.0998	-0.4406	-0.2616	2.0599	-0.1819	0.3730	2.1922	-0.2526	0.5794	2.0375	-0.1992	0.2274	2.3493	-0.0783	0.1268	1.9818	-0.1776	0.0635	2.1044	0.572	
4.967	-0.1312	0.0958	2.0750	0.0022	-0.0407	2.1001	-0.4403	-0.2611	2.0605	-0.1971	0.3668	2.1826	-0.2521	0.5802	2.0375	-0.1993	0.2275	2.3493	-0.0796	0.1269	1.9811	-0.1790	0.0617	2.1046	0.552	
5.000	-0.1322	0.0957	2.0740	0.0017	-0.0400	2.0998	-0.4402	-0.2601	2.0603	-0.1995	0.3667	2.1799	-0.2518	0.5810	2.0374	-0.1994	0.2281	2.3490	-0.0809	0.1275	1.9796	-0.1797	0.0611	2.1040	0.565	
5.034	-0.1325	0.0953	2.0742	0.0014	-0.0399	2.1000	-0.4401	-0.2600	2.0607	-0.2240	0.4315	2.1371	-0.2519	0.5829	2.0362	-0.1994	0.2281	2.3491	-0.0812	0.1272	1.9798	-0.1800	0.0605	2.1043	0.563	
5.067	-0.1335	0.0894	2.0873	-0.0050	-0.0400	2.1069	-0.4397	-0.2619	2.0684	-0.2246	0.4466	2.1550	-0.2526	0.5729	2.0396	-0.1992	0.2275	2.3503	-0.0827	0.1161	2.0005	-0.1804	0.0584	2.1120	0.520	
5.100	-0.1355	0.0926	2.0821	-0.0041	-0.0382	2.1042	-0.4398	-0.2600	2.0670	-0.2249	0.4490	2.1522	-0.2517	0.5765	2.0383	-0.1996	0.2289	2.3500	-0.0858	0.1253	1.9876	-0.1816	0.0590	2.1103	0.561	
5.134	-0.1355	0.0926	2.0751	-0.0009	-0.0392	2.1019	-0.4397	-0.2586	2.0616	-0.2264	0.4420	2.1570	-0.2516	0.5787	2.0381	-0.1997	0.2287	2.3501	-0.0847	0.1252	1.9810	-0.1824	0.0584	2.1044	0.564	
5.167	-0.1356	0.0925	2.0750	-0.0008	-0.0394	2.1022	-0.4397	-0.2585	2.0620	-0.2301	0.4764	2.1383	-0.2516	0.5819	2.0365	-0.1998	0.2285	2.3505	-0.0847	0.1252	1.9808	-0.1826	0.0575	2.1047	0.556	
5.200	-0.1358	0.0925	2.0750	-0.0009	-0.0393	2.1023	-0.4399	-0.2583	2.0622	-0.2247	0.5279	2.1033	-0.2520	0.5850	2.0349	-0.2000	0.2286	2.3507	-0.0849	0.1254	1.9808	-0.1829	0.0574	2.1049	0.562	
5.234	-0.1358	0.0923	2.0751	-0.0007	-0.0395	2.1026	-0.4397	-0.2584	2.0625	-0.2227	0.4304	2.1336	-0.2519	0.5851	2.0352	-0.1998	0.2284	2.3511	-0.0848	0.1253	1.9808	-0.1828	0.0569	2.1051	0.562	
5.267	-0.1359	0.0899	2.0843	-0.0053	-0.0391	2.1068	-0.4397	-0.2599	2.0675	-0.2228	0.4432	2.1509	-0.2506	0.5824	2.0388	-0.1998	0.2284	2.3511	-0.0851	0.1185	1.9961	-0.1828	0.0571	2.1104	0.531	
5.300	-0.1359	0.0896	2.0840	-0.0040	-0.0402	2.1072	-0.4393	-0.2605	2.0681	-0.2133	0.4124	2.1702	-0.2508	0.5829	2.0383	-0.1995	0.2273	2.3525	-0.0849	0.1192	1.9938	-0.1826	0.0556	2.1108	0.549	
5.334	-0.1359	0.0897	2.0831	-0.0030	-0.0402	2.1066	-0.4392	-0.2603	2.0680	-0.2144	0.4518	2.1403	-0.2508	0.5827	2.0386	-0.1994	0.2273	2.3528	-0.0850	0.1209	1.9905	-0.1827	0.0553	2.1107	0.543	
5.367	-0.1360	0.0898	2.0824	-0.0027	-0.0402	2.1063	-0.4392	-0.2602	2.0679	-0.2140	0.4515	2.1396	-0.2518	0.5843	2.0363	-0.1995	0.2273	2.3529	-0.0851	0.1217	1.9888	-0.1827	0.0552	2.1106	0.544	
5.400	-0.1368	0.0904	2.0795	-0.0023	-0.0400	2.1051	-0.4394	-0.2596	2.0665	-0.2217	0.4471	2.1501	-0.2533	0.5851	2.0331	-0.1997	0.2276	2.3524	-0.0859	0.1233	1.9850	-0.1833	0.0552	2.1090	0.553	
5.434	-0.1327	0.0982	2.0835	-0.0020	-0.0386	2.1047	-0.4415	-0.2627	2.0694	-0.2208	0.4395	2.1545	-0.2539	0.5862	2.0318	-0.2002	0.2286	2.3518	-0.0823	0.1291	1.9882	-0.1787	0.0649	2.1146	0.535	
5.467	-0.1316	0.0994	2.0851	-0.0019	-0.0384	2.1047	-0.4422	-0.2634	2.0705	-0.2201	0.4373	2.1546	-0.2533	0.5868	2.0330	-0.2005	0.2287	2.3518	-0.0812	0.1302	1.9897	-0.1777	0.0662	2.1162	0.540	
5.500	-0.1344	0.0974	2.0755	-0.0002	-0.0391	2.1028	-0.4410	-0.2592	2.0606	-0.2263	0.4054	2.1452	-0.2540	0.5737	2.0391	-0.2006	0.2287	2.3517	-0.0828	0.1289	1.9822	-0.1819	0.0630	2.1046	0.571	
5.534	-0.1367	0.0958	2.0733	-0.0016	-0.0393	2.1015	-0.4417	-0.2588	2.0596	-0.2263	0.4054	2.1453	-0.2533	0.5799	2.0353	-0.2017	0.2285	2.3504	-0.0852	0.1281	1.9792	-0.1841	0.0606	2.1030	0.560	
5.567	-0.1368	0.0957	2.0732	-0.0017	-0.0391	2.1014	-0.4417	-0.2585	2.0597	-0.2101	0.4351	2.1444	-0.2542	0.5832	2.0326	-0.2017	0.2287	2.3503	-0.0854	0.1281	1.9792	-0.1842	0.0605	2.1030	0.565	
5.600	-0.1373	0.0952	2.0728	-0.0019	-0.0391	2.1013	-0.4417	-0.2583	2.0598	-0.1491	0.3276	2.1962	-0.2527	0.5829	2.0362	-0.2018	0.2288	2.3502	-0.0859	0.1280	1.9785	-0.1847	0.0595	2.1029	0.568	
5.634	-0.1379	0.0941	2.0726	-0.0021	-0.0395	2.1014	-0.4418	-0.2583	2.0603	-0.1502	0.3292	2.1945	-0.2534	0.5838	2.0335	-0.2021	0.2283	2.3505	-0.0864	0.1274	1.9782	-0.1854	0.0576	2.1030	0.568	
5.667	-0.1346	0.0933	2.0816	-0.0029	-0.0397	2.1033	-0.4429	-0.2607	2.0668	-0.2219	0.4441	2.1489	-0.2530	0.5867	2.0332	-0.2022	0.2282	2.3505	-0.0828	0.1235	1.9898	-0.1821	0.0593	2.1103	0.538	
5.700	-0.1328	0.0934	2.0823	-0.0015	-0.0403	2.1028	-0.4435	-0.2614	2.0663	-0.2218	0.4437	2.1487	-0.2521	0.5833	2.0363	-0.2022	0.2281	2.3505	-0.0802	0.1221	1.9915	-0.1804	0.0610	2.1104	0.552	
5.734	-0.1341	0.0931	2.0786	-0.0009	-0.0402	2.1016	-0.4431	-0.2603	2.0644	-0.2224	0.4448	2.1499	-0.2538	0.5709	2.0401	-0.2021	0.2282	2.3504	-0.0824	0.1240	1.9847	-0.1813	0.0595	2.1079	0.557	
5.767	-0.1330	0.0945	2.0814	-0.0015	-0.0407	2.1020	-0.4442	-0.2628	2.0676	-0.2231	0.4468	2.1482	-0.2542	0.5786	2.0344	-0.2026	0.2275	2.3504	-0.0817	0.1251	1.9867	-0.1799	0.0613	2.1121	0.541	
5.800	-0.1319	0.0959	2.0830	-0.0016	-0.0406	2.1022	-0.4448	-0.2639	2.0688	-0.2231	0.4486	2.1466	-0.2544	0.5816	2.0322	-0.2026	0.2274	2.3504	-0.0808	0.1262	1.9881	-0.1787	0.0629	2.1140	0.544	
5.834	-0.1305	0.0968	2.0836	-0.0011	-0.0406	2.1019	-0.4450	-0.2644	2.0690	-0.2271	0.4618	2.1422	-0.2547	0.5722	2.0386	-0.2024	0.2274	2.3501	-0.0795	0.1269	1.9886	-0.1772	0.0640	2.1145	0.542	
5.867	-0.1304	0.0968	2.0843	-0.0020	-0.0397	2.1012	-0.4458	-0.2639	2.0692	-0.2282	0.4635	2.1413	-0.2551	0.5774	2.0349	-0.2029	0.2283	2.3488	-0.0793	0.1261	1.9907	-0.1772	0.0643	2.1147	0.539	
5.900	-0.1301	0.0966	2.0843	-0.0016	-0.0398	2.1012	-0.4453	-0.2638	2.0691	-0.2263	0.4551	2.1451	-0.2550	0.5818	2.0319	-0.2025	0.2283	2.3488	-0.0789	0.1258	1.9908	-0.1769	0.0641	2.1146	0.540	
5.934	-0.1285	0.0980	2.0827	-0.0002	-0.0401	2.1003	-0.4456	-0.2639	2.0665	-0.2252	0.4522	2.1447	-0.2550	0.5830	2.0312	-0.2024	0.2282	2.3487	-0.0774	0.1268	1.9894	-0.1754	0.0663	2.1126	0.545	
5.967	-0.1282	0.0994	2.0831	-0.0003	-0.0394	2.1000	-0.4457	-0.2638	2.0668	-0.2208	0.4310	2.1213	-0.2550	0.5841	2.0305	-0.2024	0.2287	2.3482	-0.0771	0.1285	1.9894	-0.1751	0.0674	2.1131	0.541	
6.000	-0.1330	0.0988	2.0684	0.0016	-0.0395	2.0967	-0.4435	-0.2583	2.0530	-0.2252	0.4406	2.1204	-0.2549	0.5842	2.0301	-0.2024	0.2292	2.3475	-0.0810	0.1294	1.9754	-0.1809	0.0651	2.0973	0.592	
6.034	-0.1340	0.0982	2.0682	0.0009	-0.0392	2.0969	-0.4432	-0.2578	2.0537	-0.2261	0.4424	2.1207	-0.2527	0.5851	2.0336	-0.2024	0.2294	2.3475	-0.0821	0.1295	1.9747	-0.1821	0.0635	2.0976	0.567	
6.067	-0.1337	0.0958	2.0666	0.0021	-0.0407	2.0968	-0.4421	-0.2584	2.0526	-0.2343	0.4485	2.1136	-0.2526	0.5846	2.0338	-0.2014	0.2279	2.3477	-0.0818	0.1277	1.9732	-0.1818	0.0606	2.0960	0.585	
6.100	-0.1301	0.0986	2.0699	0.0032	-0.0408	2.0967	-0.4433	-0.2607	2.0547	-0.2235	0.4366	2.1211	-0.2531	0.5858	2.0311	-0.2014	0.2279	2.3477	-0.0786	0.1288	1.9763	-0.1773	0.0660	2.0998	0.571	
6.134	-0.1283	0.0995	2.0743	0.0027	-0.0406	2.0972	-0.4440	-0.2624	2.0590	-0.2252	0.4532	2.1425	-0.2536	0.5875	2.0293	-0.2013	0.2279	2.3475	-0.0772	0.1293	1.9800	-0.1753	0.0670	2.1049	0.564	
6.167	-0.1278	0.0950	2.0791	0.0019	-0.0415	2.0985	-0.4441	-0.2634	2.0627	-0.2251	0.4522	2.1440	-0.2525	0.5871	2.0314	-0.2013	0.2272	2.3476	-0.0765	0.1232	1.9865	-0.1750	0.0639	2.1081	0.552	
6.200	-0.1309	0.0925	2.0785	-0.0002	-0.0423	2.0994	-0.4436	-0.2633	2.0611	-0.2181	0.4301	2.1534	-0.2531	0.5885	2.0291	-0.2019	0.2264	2.3478	-0.0794	0.1195	1.9874	-0.1788	0.0622	2.1060	0.559	
6.234	-0.1328	0.0941	2.0668	0.0033	-0.0426	2.0959	-0.4428	-0.2603	2.0521	-0.2215	0.4359	2.1529	-0.2530	0.5883	2.0294	-0.2018	0.2266	2.3476	-0.0806	0.1239	1.9730	-0.1810	0.0617	2.0962	0.592	
6.267	-0.1337	0.0933	2.0661	0.0027	-0.0425	2.0957	-0.4425	-0.2599	2.0522	-0.2225	0.4397	2.1510	-0.2524	0.5872	2.0309	-0.2018	0.2265	2.3471	-0.0817	0.1240	1.9720	-0.1819	0.0595	2.0958	0.575	
6.300	-0.1330	0.0956	2.0604	0.0050	-0.0421	2.0936	-0.4422	-0.2580	2.0460	-0.2194	0.4339	2.1507	-0.2508	0.5837	2.0357	-0.2015	0.2274	2.3465	-0.0805	0.1262	1.9669	-0.1816	0.0619	2.0897	0.600	
6.334	-0.1338	0.0954	2.0601	0.0044	-0.0420	2.0936	-0.4423	-0.2579	2.0459	-0.2225	0.4429	2.1466	-0.2516	0.5849	2.0336	-0.2018	0.2274	2.3464	-0.0813	0.1262	1.9666	-0.1824	0.0615	2.0894	0.595	
6.367	-0.1303	0.0993	2.0668	0.0039	-0.0416	2.0946	-0.4436	-0.2610	2.0512	-0.2201	0.4347	2.1505	-0.2515	0.5851	2.0337	-0.2018	0.2275	2.3464	-0.0783	0.1283	1.9731	-0.1782	0.0676	2.0968	0.577	
6.400	-0.1291	0.0986	2.0725	0.0027	-0.0416	2.0956	-0.4444	-0.2632	2.0575	-0.2228	0.4494	2.1418	-0.2502	0.5825	2.0374	-0.2019	0.2271	2.3462	-0.0776	0.1279	1.9779	-0.1765	0.0665	2.1035	0.570	
6.434	-0.1281	0.0998	2.0766	0.0015	-0.0411	2.0967	-0.4448	-0.2647	2.0610	-0.2225	0.4485	2.1422	-0.2503	0.5829	2.0373	-0.2019	0.2271	2.3462	-0.0769	0.1292	1.9818	-0.1753	0.0675	2.1076	0.560	
6.467	-0.1269	0.1001	2.0774	0.0023	-0.0413	2.0968	-0.4448	-0.2650	2.0612	-0.2223	0.4483	2.1423	-0.2529	0.5681	2.0413	-0.2016	0.2270	2.3465	-0.0755	0.1292	1.9828	-0.1741	0.0680	2.1081	0.560	
6.500	-0.1263	0.0983	2.0792	0.0024	-0.0418	2.0978	-0.4445	-0.2652	2.0616	-0.2215	0.4469	2.1428	-0.2523	0.5801	2.0357	-0.2013	0.2268	2.3469	-0.0742	0.1251	1.9875	-0.1740	0.0677	2.1084	0.551	
6.534	-0.1284	0.0967	2.0759	0.0022	-0.0415	2.0974	-0.4431	-0.2629	2.0600	-0.2215	0.4466	2.1431	-0.2530	0.5835	2.0328	-0.2009	0.2270	2.3469	-0.0769	0.1256	1.9827	-0.1763	0.0638	2.1052	0.565	
6.567	-0.1301	0.0951	2.0745	0.0018	-0.0414	2.0975	-0.4425	-0.2619	2.0596	-0.2212	0.4456	2.1435	-0.2524	0.5836	2.0336	-0.2008	0.2270	2.3470	-0.0785	0.1251	1.9811	-0.1780	0.0611	2.1040	0.562	
6.600	-0.1311	0.0949	2.0718	0.0022	-0.0415	2.0971	-0.4420	-0.2609	2.0569	-0.2212	0.4451	2.1439	-0.2519	0.5834	2.0349	-0.2007	0.2271	2.3471	-0.0791	0.1253	1.9786	-0.1791	0.0608	2.1011	0.572	
6.634	-0.1292	0.0973	2.0762	0.0016	-0.0411	2.0977	-0.4430	-0.2635	2.0617	-0.2376	0.4032	2.1569	-0.2532	0.5684	2.0429	-0.2008	0.2271	2.3470	-0.0779	0.1273	1.9818	-0.1763	0.0640	2.1072	0.553	
6.667	-0.1305	0.0963	2.0749	0.0012	-0.0410	2.0977	-0.4424	-0.2624	2.0610	-0.2189	0.4409	2.1463	-0.2517	0.5758	2.0393	-0.2007	0.2271	2.3469	-0.0792	0.1271	1.9804	-0.1779	0.0618	2.1057	0.568	
6.700	-0.1292	0.0961	2.0766	0.0018	-0.0412	2.0980	-0.4427	-0.2628	2.0614	-0.2356	0.4057	2.1550	-0.2505	0.5779	2.0403	-0.2007	0.2272	2.3470	-0.0770	0.1253	1.9841	-0.1769	0.0627	2.1064	0.556	
6.734	-0.1306	0.0938	2.0762	0.0015	-0.0419	2.0990	-0.4417	-0.2625	2.0620	-0.2240	0.5239	2.1024	-0.2506	0.5789	2.0396	-0.2003	0.2264	2.3479	-0.0784	0.1242	1.9833	-0.1785	0.0591	2.1061	0.562	
6.767	-0.1315	0.0939	2.0758	0.0009	-0.0411	2.0994	-0.4415	-0.2616	2.0621	-0.2306	0.4673	2.1340	-0.2523	0.5824	2.0343	-0.2003	0.2270	2.3482	-0.0798	0.1251	1.9823	-0.1791	0.0589	2.1060	0.560	
6.800	-0.1319	0.0936	2.0757	0.0009	-0.0409	2.0998	-0.4411	-0.2611	2.0623	-0.2237	0.5240	2.1025	-0.2536	0.5660	2.0435	-0.2001	0.2272	2.3486	-0.0803	0.1252	1.9820	-0.1795	0.0583	2.1060	0.561	
6.834	-0.1327	0.0932	2.0752	0.0004	-0.0409	2.0999	-0.4410	-0.2608	2.0621	-0.2250	0.5404	2.1001	-0.2529	0.5746	2.0373	-0.2002	0.2272	2.3487	-0.0812	0.1251	1.9813	-0.1803	0.0577	2.1056	0.562	
6.867	-0.1325	0.0930	2.0756	0.0013	-0.0405	2.1015	-0.4394	-0.2600	2.0629	-0.2213	0.5240	2.1056	-0.2532	0.5758	2.0367	-0.1989	0.2276	2.3502	-0.0811	0.1251	1.9816	-0.1800	0.0574	2.1061	0.560	
6.900	-0.1329	0.0929	2.0755	0.0011	-0.0404	2.1016	-0.4394	-0.2598	2.0630	-0.2193	0.4457	2.1456	-0.2550	0.5798	2.0364	-0.1990	0.2276	2.3504	-0.0815	0.1252	1.9813	-0.1803	0.0571	2.1061	0.562	
6.934	-0.1325	0.0934	2.0738	0.0020	-0.0405	2.1012	-0.4393	-0.2594	2.0604	-0.2316	0.4429	2.1480	-0.2537	0.5803	2.0357	-0.1988	0.2276	2.3505	-0.0809	0.1254	1.9800	-0.1801	0.0580	2.1037	0.567	
6.967	-0.1268	0.0967	2.0826	0.0028	-0.0406	2.1025	-0.4411	-0.2638	2.0688	-0.2247	0.4388	2.1492	-0.2527	0.5830	2.0352	-0.1985	0.2273	2.3510	-0.0762	0.1277	1.9874	-0.1734	0.0629	2.1142	0.534	
7.000	-0.1291	0.0955	2.0791	0.0026	-0.0406	2.1021	-0.4401	-0.2620	2.0655	-0.2200	0.4292	2.1526	-0.2523	0.5824	2.0357	-0.1985	0.2273	2.3510	-0.0779	0.1272	1.9845	-0.1763	0.0608	2.1099	0.563	
7.034	-0.1308	0.0934	2.0786	0.0020	-0.0410	2.1026	-0.4396	-0.2615	2.0660	-0.2189	0.4276	2.1561	-0.2521	0.5845	2.0352	-0.1986	0.2269	2.3514	-0.0793	0.1262	1.9837	-0.1783	0.0574	2.1096	0.551	
7.067	-0.1312	0.0935	2.0741	0.0035	-0.0414	2.1016	-0.4393	-0.2601	2.0608	-0.2173	0.4273	2.1552	-0.2519	0.5842	2.0357	-0.1986	0.2268	2.3516	-0.0792	0.1261	1.9800	-0.1792	0.0578	2.1041	0.568	
7.100	-0.1320	0.0928	2.0743	0.0029	-0.0414	2.1019	-0.4392	-0.2601	2.0614	-0.2208	0.4313	2.1572	-0.2528	0.5860	2.0332	-0.1987	0.2268	2.3516	-0.0801	0.1257	1.9801	-0.1799	0.0569	2.1046	0.560	
7.134	-0.1334	0.0934	2.0741	0.0014	-0.0403	2.1017	-0.4400	-0.2590	2.0614	-0.2383	0.4022	2.1628	-0.2529	0.5863	2.0331	-0.1996	0.2278	2.3511	-0.0818	0.1264	1.9798	-0.1811	0.0573	2.1044	0.565	
7.167	-0.1340	0.0935	2.0737	0.0009	-0.0400	2.1016	-0.4400	-0.2587	2.0612	-0.2381	0.4021	2.1628	-0.2524	0.5854	2.0344	-0.1997	0.2280	2.3509	-0.0825	0.1267	1.9792	-0.1814	0.0573	2.1042	0.566	
7.200	-0.1344	0.0935	2.0737	0.0004	-0.0397	2.1015	-0.4403	-0.2585	2.0613	-0.2380	0.4020	2.1628	-0.2503	0.5811	2.0411	-0.2000	0.2283	2.3507	-0.0830	0.1268	1.9792	-0.1818	0.0573	2.1042	0.565	
7.234	-0.1301	0.0981	2.0812	0.0004	-0.0393	2.1025	-0.4419	-0.2625	2.0678	-0.2368	0.4022	2.1598	-0.2504	0.5818	2.0404	-0.2000	0.2283	2.3508	-0.0794	0.1297	1.9856	-0.1766	0.0638	2.1131	0.541	
7.267	-0.1303	0.1000	2.0834	-0.0009	-0.0385	2.1029	-0.4434	-0.2630	2.0693	-0.2242	0.4467	2.1588	-0.2504	0.5818	2.0403	-0.2011	0.2290	2.3508	-0.0796	0.1311	1.9877	-0.1769	0.0661	2.1153	0.546	
7.300	-0.1292	0.0999	2.0852	-0.0007	-0.0389	2.1034	-0.4437	-0.2639	2.0707	-0.2219	0.4406	2.1589	-0.2505	0.5822	2.0397	-0.2011	0.2286	2.3512	-0.0784	0.1307	1.9897	-0.1759	0.0662	2.1169	0.537	
7.334	-0.1332	0.0974	2.0797	-0.0014	-0.0388	2.1028	-0.4423	-0.2608	2.0663	-0.2214	0.4419	2.1545	-0.2513	0.5847	2.0365	-0.2012	0.2287	2.3510	-0.0820	0.1298	1.9845	-0.1804	0.0618	2.1107	0.557	
7.367	-0.1298	0.1027	2.0780	0.0002	-0.0381	2.1010	-0.4437	-0.2614	2.0611	-0.2227	0.4256	2.1611	-0.2513	0.5844	2.0366	-0.2013	0.2296	2.3500	-0.0792	0.1324	1.9838	-0.1762	0.0710	2.1079	0.551	
7.400	-0.1297	0.1006	2.0819	-0.0009	-0.0382	2.1022	-0.4438	-0.2619	2.0645	-0.2271	0.4118	2.1632	-0.2535	0.5901	2.0285	-0.2014	0.2296	2.3500	-0.0789	0.1293	1.9889	-0.1763	0.0693	2.1110	0.540	
7.434	-0.1285	0.1012	2.0815	0.0003	-0.0386	2.1017	-0.4440	-0.2623	2.0638	-0.2273	0.4102	2.1636	-0.2542	0.5759	2.0371	-0.2013	0.2294	2.3500	-0.0775	0.1297	1.9885	-0.1753	0.0701	2.1106	0.550	
7.467	-0.1284	0.1014	2.0815	0.0002	-0.0390	2.1017	-0.4447	-0.2627	2.0636	-0.2278	0.4089	2.1641	-0.2525	0.5786	2.0393	-0.2018	0.2290	2.3503	-0.0774	0.1298	1.9885	-0.1754	0.0704	2.1106	0.546	
7.500	-0.1349	0.0997	2.0687	0.0570	0.0445	2.1416	-0.4431	-0.2577	2.0535	-0.2398	0.4186	2.1525	-0.2525	0.5815	2.0371	-0.2025	0.2296	2.3495	-0.0831	0.1305	1.9750	-0.1827	0.0660	2.0982	0.589	
7.534	-0.1323	0.1037	2.0706	0.0576	0.0450	2.1409	-0.4445	-0.2588	2.0541	-0.2405	0.4191	2.1513	-0.2525	0.5839	2.0352	-0.2029	0.2304	2.3483	-0.0810	0.1329	1.9768	-0.1796	0.0720	2.1004	0.560	
7.567	-0.1296	0.1015	2.0787	0.0575	0.0436	2.1427	-0.4456	-0.2621	2.0630	-0.2403	0.4167	2.1516	-0.2525	0.5836	2.0351	-0.2028	0.2294	2.3487	-0.0787	0.1310	1.9840	-0.1765	0.0693	2.1096	0.548	
7.600	-0.1250	0.0942	2.0881	0.0581	0.0427	2.1443	-0.4467	-0.2614	2.0658	-0.2193	0.4295	2.1537	-0.2522	0.5834	2.0357	-0.2030	0.2304	2.3477	-0.0704	0.1142	2.0054	-0.1746	0.0675	2.1119	0.529	
7.634	-0.1241	0.1002	2.0834	0.0610	0.0435	2.1412	-0.4466	-0.2616	2.0628	-0.2235	0.4444	2.1467	-0.2530	0.5854	2.0325	-0.2028	0.2306	2.3474	-0.0708	0.1282	1.9916	-0.1734	0.0710	2.1099	0.554	
7.667	-0.1242	0.1002	2.0836	0.0607	0.0433	2.1415	-0.4466	-0.2622	2.0642	-0.2240	0.4476	2.1449	-0.2551	0.5849	2.0302	-0.2027	0.2303	2.3474	-0.0712	0.1284	1.9915	-0.1733	0.0704	2.1112	0.537	
7.700	-0.1250	0.1004	2.0837	0.0596	0.0433	2.1417	-0.4471	-0.2628	2.0645	-0.2429	0.4926	2.1087	-0.2519	0.5755	2.0331	-0.2032	0.2300	2.3471	-0.0727	0.1288	1.9912	-0.1737	0.0703	2.1116	0.541	
7.734	-0.1250	0.1006	2.0839	0.0595	0.0432	2.1419	-0.4471	-0.2632	2.0652	-0.2461	0.5058	2.0981	-0.2522	0.5779	2.0319	-0.2030	0.2299	2.3471	-0.0728	0.1292	1.9912	-0.1735	0.0702	2.1125	0.540	
7.767	-0.1251	0.1006	2.0839	0.0595	0.0434	2.1420	-0.4469	-0.2630	2.0652	-0.2251	0.5263	2.1003	-0.2524	0.5716	2.0368	-0.2029	0.2301	2.3470	-0.0730	0.1290	1.9912	-0.1735	0.0702	2.1124	0.541	
7.800	-0.1304	0.0977	2.0724	0.0602	0.0429	2.1402	-0.4447	-0.2584	2.0555	-0.2259	0.5271	2.1011	-0.2506	0.5780	2.0359	-0.2029	0.2300	2.3469	-0.0779	0.1273	1.9804	-0.1789	0.0657	2.1004	0.579	
7.834	-0.1294	0.0985	2.0736	0.0600	0.0421	2.1402	-0.4454	-0.2605	2.0565	-0.2257	0.5268	2.1011	-0.2504	0.5791	2.0356	-0.2031	0.2289	2.3469	-0.0773	0.1275	1.9812	-0.1775	0.0672	2.1022	0.555	
7.867	-0.1284	0.1009	2.0748	0.0598	0.0428	2.1403	-0.4456	-0.2613	2.0568	-0.2210	0.4331	2.1541	-0.2505	0.5793	2.0359	-0.2029	0.2292	2.3467	-0.0766	0.1292	1.9822	-0.1762	0.0702	2.1035	0.563	
7.900	-0.1276	0.1012	2.0751	0.0603	0.0426	2.1403	-0.4455	-0.2618	2.0570	-0.2230	0.4382	2.1548	-0.2507	0.5816	2.0337	-0.2025	0.2290	2.3467	-0.0758	0.1293	1.9825	-0.1753	0.0705	2.1039	0.563	
7.934	-0.1267	0.1017	2.0757	0.0606	0.0425	2.1403	-0.4455	-0.2622	2.0575	-0.2215	0.4393	2.1516	-0.2509	0.5819	2.0338	-0.2024	0.2289	2.3467	-0.0752	0.1298	1.9828	-0.1743	0.0710	2.1047	0.561	
7.967	-0.1259	0.1015	2.0780	0.0605	0.0424	2.1408	-0.4456	-0.2633	2.0604	-0.2220	0.4414	2.1506	-0.2510	0.5823	2.0337	-0.2020	0.2286	2.3469	-0.0745	0.1297	1.9845	-0.1732	0.0704	2.1078	0.553	
8.000	-0.1258	0.1017	2.0792	0.0601	0.0426	2.1411	-0.4458	-0.2638	2.0619	-0.2284	0.4672	2.1385	-0.2518	0.5644	2.0426	-0.2020	0.2286	2.3469	-0.0746	0.1301	1.9853	-0.1730	0.0704	2.1093	0.553	
8.034	-0.1264	0.1011	2.0819	0.0590	0.0422	2.1424	-0.4461	-0.2653	2.0653	-0.2330	0.4494	2.1427	-0.2511	0.5760	2.0381	-0.2024	0.2279	2.3478	-0.0752	0.1299	1.9873	-0.1736	0.0692	2.1129	0.544	
8.067	-0.1262	0.1014	2.0821	0.0590	0.0424	2.1425	-0.4460	-0.2654	2.0655	-0.2325	0.4474	2.1433	-0.2530	0.5831	2.0311	-0.2022	0.2279	2.3477	-0.0750	0.1304	1.9875	-0.1734	0.0694	2.1131	0.547	
8.100	-0.1263	0.1013	2.0824	0.0589	0.0424	2.1426	-0.4461	-0.2655	2.0658	-0.2275	0.4454	2.1442	-0.2519	0.5838	2.0323	-0.2023	0.2279	2.3478	-0.0751	0.1303	1.9877	-0.1735	0.0692	2.1134	0.544	
8.134	-0.1257	0.1017	2.0813	0.0594	0.0422	2.1421	-0.4460	-0.2654	2.0639	-0.2240	0.4542	2.1358	-0.2516	0.5840	2.0327	-0.2021	0.2277	2.3475	-0.0746	0.1304	1.9869	-0.1728	0.0700	2.1118	0.548	
8.167	-0.1258	0.1016	2.0815	0.0593	0.0421	2.1421	-0.4460	-0.2655	2.0644	-0.2224	0.5201	2.1008	-0.2531	0.5712	2.0398	-0.2021	0.2277	2.3475	-0.0746	0.1304	1.9871	-0.1729	0.0698	2.1122	0.545	
8.200	-0.1256	0.1015	2.0814	0.0596	0.0461	2.1420	-0.4459	-0.2660	2.0640	-0.2187	0.4333	2.1511	-0.2526	0.5820	2.0327	-0.2020	0.2272	2.3476	-0.0744	0.1301	1.9871	-0.1727	0.0698	2.1120	0.547	
8.234	-0.1256	0.1014	2.0817	0.0592	0.0474	2.1418	-0.4459	-0.2661	2.0644	-0.2196	0.4331	2.1519	-0.2529	0.5839	2.0308	-0.2020	0.2272	2.3476	-0.0744	0.1302	1.9872	-0.1728	0.0696	2.1124	0.545	
8.267	-0.1304	0.0980	2.0761	0.0583	0.0485	2.1414	-0.4439	-0.2626	2.0610	-0.2192	0.4294	2.1546	-0.2520	0.5851	2.0315	-0.2020	0.2273	2.3476	-0.0787	0.1289	1.9817	-0.1781	0.0634	2.1064	0.565	
8.300	-0.1273	0.0964	2.0792	0.0607	0.0489	2.1420	-0.4436	-0.2632	2.0619	-0.2187	0.4271	2.1572	-0.2500	0.5803	2.0374	-0.2012	0.2270	2.3483	-0.0739	0.1237	1.9886	-0.1762	0.0639	2.1075	0.544	
8.334	-0.1278	0.0952	2.0735	0.0633	0.0498	2.1407	-0.4421	-0.2612	2.0574	-0.2196	0.4330	2.1537	-0.2501	0.5807	2.0372	-0.2002	0.2269	2.3486	-0.0746	0.1240	1.9813	-0.1766	0.0621	2.1021	0.574	
8.367	-0.1290	0.0948	2.0732	0.0617	0.0508	2.1409	-0.4418	-0.2609	2.0576	-0.2222	0.4434	2.1485	-0.2502	0.5811	2.0371	-0.2002	0.2270	2.3485	-0.0766	0.1243	1.9806	-0.1775	0.0612	2.1021	0.562	
8.400	-0.1283	0.0964	2.0741	0.0619	0.0507	2.1409	-0.4428	-0.2621	2.0581	-0.2208	0.4377	2.1510	-0.2506	0.5833	2.0355	-0.2007	0.2270	2.3483	-0.0762	0.1251	1.9811	-0.1762	0.0643	2.1036	0.564	
8.434	-0.1295	0.0951	2.0740	0.0630	0.0527	2.1422	-0.4422	-0.2615	2.0590	-0.2205	0.4370	2.1516	-0.2522	0.5861	2.0314	-0.2006	0.2269	2.3488	-0.0772	0.1248	1.9807	-0.1777	0.0615	2.1037	0.566	
8.467	-0.1311	0.0951	2.0733	0.0617	0.0533	2.1425	-0.4420	-0.2607	2.0589	-0.2210	0.4395	2.1500	-0.2530	0.5710	2.0387	-0.2007	0.2274	2.3485	-0.0795	0.1258	1.9794	-0.1789	0.0609	2.1033	0.567	
8.500	-0.1315	0.0949	2.0731	0.0615	0.0536	2.1428	-0.4416	-0.2601	2.0591	-0.2210	0.4404	2.1494	-0.2534	0.5786	2.0338	-0.2005	0.2277	2.3487	-0.0800	0.1261	1.9790	-0.1794	0.0603	2.1033	0.567	
8.534	-0.1316	0.0946	2.0736	0.0612	0.0537	2.1432	-0.4410	-0.2599	2.0599	-0.2222	0.4464	2.1463	-0.2500	0.5779	2.0409	-0.2000	0.2278	2.3492	-0.0801	0.1260	1.9794	-0.1793	0.0598	2.1039	0.565	
8.567	-0.1319	0.0946	2.0720	0.0614	0.0535	2.1429	-0.4408	-0.2594	2.0581	-0.2225	0.4368	2.1534	-0.2508	0.5797	2.0382	-0.1999	0.2278	2.3494	-0.0802	0.1261	1.9781	-0.1798	0.0597	2.1020	0.572	
8.600	-0.1319	0.0939	2.0722	0.0613	0.0534	2.1435	-0.4397	-0.2593	2.0592	-0.2220	0.4482	2.1467	-0.2507	0.5798	2.0382	-0.1991	0.2274	2.3502	-0.0802	0.1260	1.9781	-0.1796	0.0580	2.1027	0.568	
8.634	-0.1325	0.0931	2.0733	0.0604	0.0534	2.1440	-0.4396	-0.2595	2.0604	-0.2228	0.4487	2.1484	-0.2525	0.5844	2.0328	-0.1991	0.2273	2.3506	-0.0808	0.1255	1.9791	-0.1801	0.0572	2.1038	0.566	
8.667	-0.1337	0.0904	2.0844	0.0534	0.0544	2.1495	-0.4394	-0.2611	2.0663	-0.2220	0.4470	2.1490	-0.2519	0.5712	2.0392	-0.1990	0.2273	2.3507	-0.0830	0.1186	1.9966	-0.1806	0.0574	2.1100	0.530	
8.700	-0.1350	0.0892	2.0874	0.0514	0.0544	2.1504	-0.4394	-0.2618	2.0688	-0.2214	0.4455	2.1491	-0.2497	0.5799	2.0397	-0.1993	0.2272	2.3509	-0.0843	0.1171	1.9992	-0.1817	0.0572	2.1126	0.539	
8.734	-0.1352	0.0897	2.0890	0.0503	0.0555	2.1504	-0.4394	-0.2615	2.0702	-0.2317	0.4389	2.1444	-0.2524	0.5725	2.0414	-0.1994	0.2282	2.3506	-0.0845	0.1173	2.0005	-0.1818	0.0583	2.1143	0.529	
8.767	-0.1349	0.0905	2.0854	0.0531	0.0553	2.1480	-0.4394	-0.2609	2.0691	-0.2304	0.4377	2.1434	-0.2535	0.5759	2.0388	-0.1994	0.2283	2.3506	-0.0839	0.1210	1.9925	-0.1817	0.0580	2.1129	0.541	
8.800	-0.1353	0.0902	2.0828	0.0541	0.0551	2.1469	-0.4393	-0.2603	2.0682	-0.2386	0.4044	2.1667	-0.2533	0.5695	2.0420	-0.1993	0.2281	2.3507	-0.0843	0.1221	1.9881	-0.1820	0.0565	2.1116	0.542	
8.834	-0.1351	0.0900	2.0819	0.0547	0.0548	2.1467	-0.4390	-0.2602	2.0679	-0.2145	0.4077	2.1701	-0.2527	0.5613	2.0448	-0.1991	0.2279	2.3511	-0.0841	0.1225	1.9869	-0.1819	0.0559	2.1112	0.544	
8.867	-0.1355	0.0903	2.0807	0.0546	0.0549	2.1464	-0.4390	-0.2599	2.0673	-0.2225	0.5241	2.1043	-0.2529	0.5783	2.0331	-0.1992	0.2279	2.3511	-0.0845	0.1232	1.9854	-0.1822	0.0557	2.1105	0.549	
8.900	-0.1355	0.0923	2.0790	0.0549	0.0561	2.1459	-0.4389	-0.2584	2.0663	-0.2231	0.5249	2.1045	-0.2516	0.5831	2.0352	-0.1991	0.2292	2.3510	-0.0844	0.1255	1.9839	-0.1822	0.0569	2.1094	0.553	
8.934	-0.1355	0.0921	2.0791	0.0549	0.0556	2.1463	-0.4391	-0.2587	2.0663	-0.2320	0.4057	2.1530	-0.2531	0.5729	2.0396	-0.1993	0.2288	2.3517	-0.0844	0.1254	1.9839	-0.1823	0.0566	2.1095	0.551	
8.967	-0.1356	0.0912	2.0792	0.0551	0.0541	2.1476	-0.4394	-0.2598	2.0667	-0.2308	0.4024	2.1541	-0.2530	0.5818	2.0347	-0.1995	0.2273	2.3536	-0.0845	0.1247	1.9840	-0.1826	0.0553	2.1098	0.552	
9.000	-0.1356	0.0910	2.0791	0.0551	0.0539	2.1475	-0.4393	-0.2599	2.0665	-0.2298	0.4012	2.1531	-0.2523	0.5821	2.0356	-0.1994	0.2271	2.3536	-0.0844	0.1245	1.9839	-0.1825	0.0550	2.1097	0.553	
9.034	-0.1326	0.0967	2.0837	0.0548	0.0549	2.1479	-0.4410	-0.2629	2.0700	-0.2300	0.4012	2.1538	-0.2523	0.5827	2.0353	-0.1999	0.2277	2.3535	-0.0819	0.1283	1.9880	-0.1791	0.0628	2.1153	0.537	
9.067	-0.1337	0.0961	2.0809	0.0549	0.0551	2.1472	-0.4405	-0.2611	2.0675	-0.2301	0.3989	2.1541	-0.2517	0.5842	2.0352	-0.1999	0.2280	2.3532	-0.0828	0.1285	1.9854	-0.1804	0.0611	2.1121	0.554	
9.100	-0.1343	0.0950	2.0796	0.0550	0.0550	2.1470	-0.4403	-0.2603	2.0667	-0.2277	0.4213	2.1539	-0.2517	0.5848	2.0350	-0.1999	0.2280	2.3532	-0.0833	0.1280	1.9844	-0.1813	0.0591	2.1107	0.549	
9.134	-0.1350	0.0941	2.0783	0.0550	0.0548	2.1467	-0.4401	-0.2597	2.0657	-0.2186	0.4489	2.1454	-0.2522	0.5876	2.0326	-0.1999	0.2279	2.3531	-0.0838	0.1274	1.9832	-0.1819	0.0579	2.1093	0.554	
9.167	-0.1359	0.0946	2.0770	0.0542	0.0558	2.1455	-0.4406	-0.2585	2.0645	-0.2261	0.4643	2.1402	-0.2522	0.5876	2.0326	-0.2005	0.2289	2.3520	-0.0847	0.1280	1.9819	-0.1828	0.0583	2.1080	0.558	
9.200	-0.1364	0.0950	2.0754	0.0541	0.0564	2.1446	-0.4407	-0.2575	2.0631	-0.2227	0.5268	2.1045	-0.2528	0.5885	2.0312	-0.2007	0.2296	2.3512	-0.0852	0.1285	1.9803	-0.1833	0.0585	2.1064	0.562	
9.234	-0.1369	0.0944	2.0748	0.0539	0.0562	2.1445	-0.4408	-0.2573	2.0628	-0.2233	0.5266	2.1040	-0.2531	0.5881	2.0316	-0.2009	0.2295	2.3512	-0.0857	0.1282	1.9797	-0.1839	0.0577	2.1059	0.562	
9.267	-0.1341	0.0996	2.0780	0.0535	0.0569	2.1438	-0.4428	-0.2601	2.0642	-0.2240	0.4541	2.1444	-0.2533	0.5881	2.0316	-0.2016	0.2300	2.3501	-0.0834	0.1311	1.9826	-0.1804	0.0658	2.1096	0.552	
9.300	-0.1330	0.1008	2.0802	0.0532	0.0571	2.1437	-0.4437	-0.2610	2.0657	-0.2237	0.4519	2.1454	-0.2540	0.5732	2.0392	-0.2021	0.2301	2.3498	-0.0824	0.1319	1.9847	-0.1794	0.0673	2.1117	0.551	
9.334	-0.1324	0.1020	2.0801	0.0528	0.0573	2.1425	-0.4450	-0.2614	2.0649	-0.2222	0.4426	2.1502	-0.2566	0.5951	2.0270	-0.2029	0.2304	2.3486	-0.0819	0.1325	1.9848	-0.1788	0.0691	2.1114	0.552	
9.367	-0.1330	0.0995	2.0775	0.0540	0.0562	2.1423	-0.4440	-0.2595	2.0630	-0.2219	0.4429	2.1500	-0.2556	0.5918	2.0286	-0.2024	0.2303	2.3486	-0.0822	0.1312	1.9828	-0.1797	0.0648	2.1080	0.558	
9.400	-0.1303	0.0949	2.0868	0.0534	0.0537	2.1456	-0.4446	-0.2620	2.0686	-0.2257	0.4592	2.1421	-0.2534	0.5873	2.0335	-0.2023	0.2290	2.3497	-0.0786	0.1224	1.9967	-0.1778	0.0632	2.1140	0.522	
9.434	-0.1294	0.0973	2.0858	0.0544	0.0538	2.1446	-0.4450	-0.2624	2.0676	-0.2344	0.4677	2.1293	-0.2533	0.5885	2.0320	-0.2024	0.2292	2.3495	-0.0776	0.1256	1.9943	-0.1768	0.0655	2.1137	0.545	
9.467	-0.1275	0.0986	2.0854	0.0560	0.0532	2.1441	-0.4449	-0.2632	2.0671	-0.2238	0.5258	2.1022	-0.2523	0.5862	2.0344	-0.2017	0.2289	2.3494	-0.0758	0.1270	1.9934	-0.1749	0.0670	2.1137	0.536	
9.500	-0.1242	0.0916	2.0931	0.0560	0.0521	2.1457	-0.4456	-0.2631	2.0710	-0.2236	0.5257	2.1021	-0.2524	0.5866	2.0337	-0.2016	0.2292	2.3491	-0.0713	0.1146	2.0071	-0.1729	0.0641	2.1170	0.510	
9.534	-0.1246	0.0922	2.0918	0.0564	0.0523	2.1449	-0.4454	-0.2631	2.0708	-0.2234	0.5252	2.1020	-0.2531	0.5738	2.0393	-0.2015	0.2291	2.3490	-0.0726	0.1176	2.0024	-0.1730	0.0641	2.1169	0.528	
9.567	-0.1344	0.0950	2.0740	0.0525	0.0340	2.1406	-0.4430	-0.2585	2.0616	-0.2322	0.4686	2.1344	-0.2540	0.5764	2.0363	-0.2017	0.2301	2.3474	-0.0855	0.1285	1.9754	-0.1801	0.0615	2.1058	0.580	
9.600	-0.1359	0.0951	2.0685	0.0535	0.0334	2.1397	-0.4424	-0.2566	2.0554	-0.2260	0.5292	2.1016	-0.2503	0.5664	2.0450	-0.2019	0.2300	2.3473	-0.0857	0.1285	1.9725	-0.1827	0.0606	2.0990	0.567	
9.634	-0.1362	0.0951	2.0682	0.0535	0.0335	2.1396	-0.4423	-0.2563	2.0553	-0.2258	0.5282	2.1016	-0.2522	0.5768	2.0364	-0.2019	0.2302	2.3471	-0.0858	0.1286	1.9723	-0.1830	0.0604	2.0988	0.575	
9.667	-0.1364	0.0944	2.0679	0.0540	0.0325	2.1400	-0.4421	-0.2564	2.0554	-0.2409	0.5089	2.1055	-0.2543	0.5827	2.0315	-0.2019	0.2298	2.3472	-0.0858	0.1282	1.9722	-0.1835	0.0588	2.0986	0.580	
9.700	-0.1364	0.0948	2.0669	0.0544	0.0326	2.1397	-0.4419	-0.2559	2.0543	-0.2477	0.5140	2.0973	-0.2534	0.5698	2.0389	-0.2017	0.2301	2.3470	-0.0856	0.1285	1.9715	-0.1835	0.0591	2.0975	0.583	
9.734	-0.1364	0.0949	2.0668	0.0544	0.0328	2.1396	-0.4419	-0.2556	2.0544	-0.2491	0.5272	2.0608	-0.2523	0.5778	2.0374	-0.2017	0.2304	2.3468	-0.0857	0.1286	1.9715	-0.1836	0.0591	2.0975	0.582	
9.767	-0.1321	0.0957	2.0757	0.0547	0.0312	2.1411	-0.4436	-0.2601	2.0623	-0.2540	0.5493	2.0864	-0.2530	0.5821	2.0329	-0.2019	0.2291	2.3471	-0.0811	0.1275	1.9808	-0.1789	0.0615	2.1070	0.553	
9.800	-0.1312	0.0963	2.0760	0.0553	0.0303	2.1411	-0.4442	-0.2613	2.0618	-0.2539	0.5490	2.0866	-0.2522	0.5821	2.0344	-0.2021	0.2284	2.3473	-0.0801	0.1274	1.9814	-0.1780	0.0629	2.1070	0.568	
9.834	-0.1288	0.0972	2.0792	0.0561	0.0296	2.1419	-0.4444	-0.2632	2.0643	-0.2511	0.5177	2.0824	-0.2531	0.5729	2.0399	-0.2017	0.2277	2.3478	-0.0779	0.1279	1.9843	-0.1756	0.0641	2.1103	0.550	
9.867	-0.1283	0.0974	2.0811	0.0560	0.0289	2.1429	-0.4447	-0.2647	2.0659	-0.2510	0.5176	2.0824	-0.2522	0.5778	2.0383	-0.2017	0.2270	2.3484	-0.0774	0.1280	1.9861	-0.1751	0.0644	2.1123	0.548	
9.900	-0.1316	0.0961	2.0765	0.0555	0.0293	2.1424	-0.4433	-0.2621	2.0625	-0.2512	0.5187	2.0818	-0.2520	0.5821	2.0360	-0.2017	0.2273	2.3483	-0.0805	0.1282	1.9813	-0.1788	0.0613	2.1075	0.565	
9.934	-0.1318	0.0942	2.0719	0.0596	0.0524	2.1416	-0.4423	-0.2606	2.0578	-0.2231	0.4495	2.1441	-0.2530	0.5771	2.0385	-0.2010	0.2268	2.3484	-0.0804	0.1267	1.9777	-0.1793	0.0589	2.1020	0.570	
9.967	-0.1296	0.0951	2.0772	0.0590	0.0521	2.1423	-0.4433	-0.2637	2.0631	-0.2237	0.4495	2.1448	-0.2533	0.5724	2.0393	-0.2010	0.2261	2.3484	-0.0786	0.1267	1.9822	-0.1766	0.0608	2.1084	0.548	
10.000	-0.1290	0.0958	2.0775	0.0594	0.0517	2.1425	-0.4437	-0.2646	2.0626	-0.2231	0.4475	2.1455	-0.2531	0.5822	2.0334	-0.2012	0.2256	2.3486	-0.0779	0.1268	1.9827	-0.1758	0.0625	2.1085	0.561	
10.034	-0.1281	0.0965	2.0789	0.0596	0.0518	2.1426	-0.4440	-0.2654	2.0636	-0.2230	0.4473	2.1457	-0.2525	0.5831	2.0338	-0.2012	0.2256	2.3486	-0.0771	0.1272	1.9840	-0.1749	0.0634	2.1100	0.552	
10.067	-0.1242	0.0990	2.0784	0.0632	0.0521	2.1423	-0.4432	-0.2654	2.0614	-0.2357	0.4042	2.1511	-0.2518	0.5836	2.0342	-0.1997	0.2260	2.3486	-0.0733	0.1285	1.9840	-0.1711	0.0671	2.1087	0.556	
10.100	-0.1241	0.1017	2.0799	0.0624	0.0545	2.1424	-0.4432	-0.2645	2.0628	-0.2388	0.4110	2.1471	-0.2514	0.5852	2.0337	-0.1996	0.2278	2.3478	-0.0732	0.1313	1.9854	-0.1709	0.0694	2.1105	0.548	
10.134	-0.1240	0.1022	2.0802	0.0620	0.0539	2.1422	-0.4432	-0.2645	2.0629	-0.2238	0.5254	2.0977	-0.2512	0.5861	2.0335	-0.1995	0.2281	2.3476	-0.0732	0.1317	1.9856	-0.1709	0.0700	2.1107	0.551	
10.167	-0.1236	0.1029	2.0798	0.0621	0.0531	2.1420	-0.4432	-0.2646	2.0620	-0.2233	0.5252	2.0980	-0.2526	0.5887	2.0295	-0.1995	0.2281	2.3476	-0.0728	0.1320	1.9855	-0.1705	0.0711	2.1102	0.551	
10.200	-0.1295	0.1014	2.0694	0.0618	0.0530	2.1400	-0.4414	-0.2594	2.0525	-0.2202	0.4391	2.1476	-0.2521	0.5666	2.0412	-0.2000	0.2291	2.3468	-0.0774	0.1316	1.9762	-0.1776	0.0681	2.0985	0.585	
10.234	-0.1297	0.0998	2.0685	0.0624	0.0515	2.1402	-0.4409	-0.2590	2.0522	-0.2234	0.4399	2.1480	-0.2508	0.5777	2.0379	-0.1996	0.2287	2.3472	-0.0775	0.1305	1.9754	-0.1780	0.0660	2.0976	0.570	
10.267	-0.1308	0.0995	2.0689	0.0614	0.0521	2.1407	-0.4406	-0.2580	2.0535	-0.2252	0.4435	2.1461	-0.2517	0.5807	2.0356	-0.1997	0.2295	2.3474	-0.0789	0.1308	1.9754	-0.1791	0.0650	2.0984	0.577	
10.300	-0.1310	0.0981	2.0699	0.0613	0.0517	2.1414	-0.4401	-0.2580	2.0553	-0.2255	0.4682	2.1332	-0.2531	0.5871	2.0310	-0.1992	0.2294	2.3478	-0.0792	0.1300	1.9761	-0.1790	0.0630	2.0998	0.575	
10.334	-0.1315	0.0960	2.0709	0.0609	0.0507	2.1420	-0.4397	-0.2583	2.0570	-0.2285	0.4438	2.1353	-0.2541	0.5681	2.0429	-0.1990	0.2289	2.3481	-0.0797	0.1285	1.9769	-0.1793	0.0605	2.1011	0.573	
10.367	-0.1297	0.0956	2.0787	0.0592	0.0507	2.1445	-0.4403	-0.2602	2.0621	-0.2257	0.4268	2.1388	-0.2510	0.5602	2.0450	-0.1991	0.2289	2.3485	-0.0777	0.1253	1.9875	-0.1777	0.0622	2.1069	0.547	
10.400	-0.1281	0.0963	2.0816	0.0593	0.0501	2.1450	-0.4411	-0.2621	2.0661	-0.2261	0.4268	2.1387	-0.2553	0.5876	2.0297	-0.1990	0.2285	2.3489	-0.0768	0.1259	1.9888	-0.1753	0.0632	2.1116	0.551	
10.434	-0.1313	0.0944	2.0795	0.0578	0.0498	2.1449	-0.4405	-0.2610	2.0653	-0.2222	0.4462	2.1426	-0.2529	0.5857	2.0338	-0.1994	0.2283	2.3489	-0.0800	0.1252	1.9860	-0.1786	0.0599	2.1098	0.555	
10.467	-0.1323	0.0952	2.0778	0.0574	0.0509	2.1444	-0.4403	-0.2594	2.0643	-0.2182	0.4307	2.1518	-0.2525	0.5764	2.0376	-0.1995	0.2294	2.3486	-0.0814	0.1271	1.9834	-0.1795	0.0602	2.1085	0.555	
10.500	-0.1336	0.0958	2.0763	0.0569	0.0515	2.1442	-0.4401	-0.2581	2.0631	-0.2198	0.4379	2.1480	-0.2517	0.5821	2.0357	-0.1996	0.2303	2.3483	-0.0827	0.1282	1.9816	-0.1806	0.0605	2.1071	0.559	
10.534	-0.1325	0.0950	2.0783	0.0575	0.0507	2.1447	-0.4405	-0.2589	2.0647	-0.2182	0.4305	2.1539	-0.2522	0.5839	2.0334	-0.1997	0.2299	2.3488	-0.0813	0.1267	1.9841	-0.1797	0.0603	2.1089	0.551	
10.567	-0.1336	0.0960	2.0731	0.0588	0.0505	2.1436	-0.4402	-0.2574	2.0591	-0.2214	0.4416	2.1483	-0.2518	0.5847	2.0337	-0.1998	0.2300	2.3489	-0.0818	0.1279	1.9792	-0.1813	0.0611	2.1031	0.574	
10.600	-0.1342	0.0949	2.0734	0.0587	0.0498	2.1443	-0.4401	-0.2575	2.0604	-0.2259	0.4419	2.1177	-0.2524	0.5862	2.0319	-0.2000	0.2294	2.3497	-0.0822	0.1275	1.9792	-0.1820	0.0590	2.1040	0.561	
10.634	-0.1362	0.0881	2.0884	0.0503	0.0493	2.1525	-0.4400	-0.2602	2.0688	-0.2367	0.4027	2.1608	-0.2525	0.5864	2.0317	-0.2002	0.2283	2.3509	-0.0855	0.1145	2.0023	-0.1830	0.0569	2.1125	0.517	
10.667	-0.1383	0.0927	2.0802	0.0529	0.0509	2.1476	-0.4408	-0.2582	2.0660	-0.2115	0.4089	2.1623	-0.2525	0.5879	2.0310	-0.2011	0.2298	2.3501	-0.0883	0.1270	1.9834	-0.1843	0.0580	2.1096	0.570	
10.700	-0.1348	0.0994	2.0830	0.0535	0.0523	2.1470	-0.4429	-0.2599	2.0679	-0.2183	0.4081	2.1595	-0.2527	0.5727	2.0397	-0.2018	0.2312	2.3495	-0.0849	0.1315	1.9864	-0.1808	0.0660	2.1135	0.533	
10.734	-0.1324	0.1008	2.0853	0.0544	0.0521	2.1472	-0.4437	-0.2612	2.0699	-0.2241	0.4114	2.1571	-0.2532	0.5796	2.0346	-0.2018	0.2311	2.3497	-0.0822	0.1324	1.9892	-0.1785	0.0675	2.1162	0.537	
10.767	-0.1303	0.1000	2.0877	0.0557	0.0504	2.1484	-0.4439	-0.2634	2.0721	-0.2247	0.4108	2.1568	-0.2519	0.5829	2.0357	-0.2014	0.2295	2.3511	-0.0797	0.1311	1.9921	-0.1766	0.0668	2.1188	0.531	
10.800	-0.1293	0.1018	2.0878	0.0562	0.0510	2.1481	-0.4441	-0.2633	2.0718	-0.2073	0.4297	2.1569	-0.2523	0.5733	2.0407	-0.2013	0.2301	2.3508	-0.0787	0.1326	1.9922	-0.1757	0.0686	2.1190	0.533	
10.834	-0.1297	0.1035	2.0871	0.0552	0.0522	2.1463	-0.4457	-0.2625	2.0709	-0.2162	0.4352	2.1501	-0.2535	0.5815	2.0330	-0.2026	0.2314	2.3490	-0.0790	0.1340	1.9916	-0.1761	0.0703	2.1183	0.533	
10.867	-0.1292	0.1035	2.0873	0.0554	0.0519	2.1463	-0.4457	-0.2629	2.0710	-0.2190	0.4373	2.1520	-0.2523	0.5836	2.0351	-0.2025	0.2311	2.3490	-0.0786	0.1340	1.9918	-0.1757	0.0703	2.1185	0.531	
10.900	-0.1294	0.1046	2.0872	0.0550	0.0525	2.1459	-0.4465	-0.2625	2.0707	-0.2203	0.4413	2.1500	-0.2529	0.5843	2.0332	-0.2031	0.2318	2.3487	-0.0788	0.1348	1.9918	-0.1759	0.0715	2.1185	0.532	
10.934	-0.1294	0.1036	2.0884	0.0541	0.0526	2.1464	-0.4469	-0.2623	2.0709	-0.2227	0.4302	2.1324	-0.2537	0.5724	2.0407	-0.2034	0.2321	2.3483	-0.0787	0.1318	1.9954	-0.1759	0.0714	2.1186	0.528	
10.967	-0.1286	0.1057	2.0861	0.0553	0.0526	2.1454	-0.4470	-0.2620	2.0672	-0.2231	0.4313	2.1316	-0.2531	0.5788	2.0370	-0.2034	0.2322	2.3482	-0.0777	0.1335	1.9931	-0.1753	0.0744	2.1156	0.538	
11.000	-0.1286	0.1047	2.0868	0.0555	0.0525	2.1459	-0.4474	-0.2630	2.0687	-0.2273	0.4500	2.1547	-0.2530	0.5790	2.0370	-0.2037	0.2312	2.3489	-0.0777	0.1331	1.9933	-0.1754	0.0727	2.1170	0.530	
11.034	-0.1280	0.1044	2.0874	0.0562	0.0527	2.1466	-0.4468	-0.2638	2.0695	-0.2268	0.4498	2.1541	-0.2526	0.5799	2.0364	-0.2030	0.2305	2.3494	-0.0772	0.1330	1.9936	-0.1746	0.0722	2.1178	0.532	
11.067	-0.1281	0.1049	2.0872	0.0557	0.0548	2.1455	-0.4474	-0.2634	2.0693	-0.2343	0.4044	2.1491	-0.2529	0.5822	2.0340	-0.2035	0.2312	2.3483	-0.0774	0.1339	1.9931	-0.1747	0.0726	2.1177	0.533	
11.100	-0.1281	0.1049	2.0873	0.0557	0.0550	2.1455	-0.4474	-0.2635	2.0696	-0.2346	0.4044	2.1490	-0.2559	0.5948	2.0288	-0.2035	0.2312	2.3483	-0.0774	0.1339	1.9931	-0.1747	0.0725	2.1180	0.532	
11.134	-0.1355	0.0980	2.0767	0.0554	0.0545	2.1440	-0.4444	-0.2574	2.0629	-0.2352	0.4039	2.1487	-0.2551	0.5944	2.0285	-0.2036	0.2311	2.3482	-0.0841	0.1305	1.9821	-0.1830	0.0617	2.1071	0.567	
11.167	-0.1374	0.0992	2.0666	0.0571	0.0551	2.1408	-0.4442	-0.2546	2.0521	-0.2362	0.4043	2.1474	-0.2550	0.5941	2.0273	-0.2039	0.2317	2.3470	-0.0853	0.1314	1.9731	-0.1854	0.0637	2.0962	0.583	
11.200	-0.1324	0.1004	2.0774	0.0568	0.0550	2.1424	-0.4462	-0.2596	2.0631	-0.2267	0.4485	2.1495	-0.2552	0.5963	2.0262	-0.2039	0.2310	2.3472	-0.0813	0.1313	1.9824	-0.1791	0.0666	2.1090	0.538	
11.234	-0.1334	0.0993	2.0756	0.0569	0.0553	2.1423	-0.4454	-0.2583	2.0616	-0.2277	0.4497	2.1513	-0.2534	0.5905	2.0315	-0.2037	0.2311	2.3472	-0.0823	0.1310	1.9807	-0.1804	0.0644	2.1067	0.572	
11.267	-0.1351	0.0977	2.0699	0.0582	0.0548	2.1411	-0.4446	-0.2561	2.0560	-0.2272	0.4488	2.1499	-0.2528	0.5886	2.0337	-0.2037	0.2309	2.3473	-0.0832	0.1299	1.9757	-0.1828	0.0623	2.1001	0.579	
11.300	-0.1359	0.0972	2.0693	0.0578	0.0550	2.1411	-0.4444	-0.2558	2.0559	-0.2269	0.4487	2.1486	-0.2538	0.5896	2.0303	-0.2037	0.2310	2.3471	-0.0841	0.1298	1.9749	-0.1835	0.0615	2.0997	0.572	
11.334	-0.1351	0.0960	2.0680	0.0597	0.0538	2.1418	-0.4428	-0.2565	2.0544	-0.2260	0.4472	2.1495	-0.2544	0.5673	2.0439	-0.2023	0.2297	2.3483	-0.0832	0.1287	1.9738	-0.1829	0.0603	2.0982	0.581	
11.367	-0.1352	0.0957	2.0677	0.0597	0.0539	2.1417	-0.4426	-0.2563	2.0544	-0.2525	0.4002	2.1505	-0.2544	0.5841	2.0314	-0.2022	0.2296	2.3482	-0.0833	0.1285	1.9734	-0.1830	0.0597	2.0980	0.580	
11.400	-0.1297	0.0979	2.0719	0.0621	0.0534	2.1414	-0.4440	-0.2593	2.0568	-0.2171	0.4303	2.1526	-0.2539	0.5851	2.0314	-0.2018	0.2290	2.3485	-0.0778	0.1283	1.9782	-0.1769	0.0648	2.1022	0.566	
11.434	-0.1283	0.0966	2.0799	0.0601	0.0531	2.1437	-0.4446	-0.2638	2.0654	-0.2198	0.4391	2.1523	-0.2533	0.5869	2.0307	-0.2017	0.2269	2.3498	-0.0770	0.1272	1.9846	-0.1753	0.0633	2.1116	0.547	
11.467	-0.1285	0.0964	2.0810	0.0585	0.0527	2.1435	-0.4454	-0.2660	2.0659	-0.2205	0.4436	2.1487	-0.2526	0.5859	2.0318	-0.2024	0.2254	2.3496	-0.0772	0.1269	1.9857	-0.1754	0.0631	2.1126	0.554	
11.500	-0.1287	0.0974	2.0815	0.0564	0.0544	2.1421	-0.4463	-0.2663	2.0661	-0.2208	0.4452	2.1486	-0.2522	0.5860	2.0328	-0.2030	0.2258	2.3485	-0.0775	0.1278	1.9862	-0.1756	0.0642	2.1131	0.547	
11.534	-0.1335	0.0924	2.0758	0.0556	0.0542	2.1416	-0.4443	-0.2627	2.0623	-0.2233	0.4553	2.1422	-0.2527	0.5726	2.0379	-0.2031	0.2255	2.3485	-0.0817	0.1251	1.9810	-0.1812	0.0565	2.1066	0.566	
11.567	-0.1305	0.0957	2.0783	0.0561	0.0550	2.1414	-0.4451	-0.2647	2.0638	-0.2177	0.4339	2.1497	-0.2539	0.5791	2.0328	-0.2026	0.2257	2.3481	-0.0794	0.1271	1.9830	-0.1773	0.0614	2.1097	0.547	
11.600	-0.1282	0.0980	2.0788	0.0571	0.0555	2.1410	-0.4452	-0.2653	2.0630	-0.2211	0.4480	2.1433	-0.2529	0.5838	2.0323	-0.2021	0.2260	2.3480	-0.0773	0.1286	1.9838	-0.1748	0.0648	2.1099	0.555	
11.634	-0.1276	0.0986	2.0798	0.0571	0.0557	2.1411	-0.4453	-0.2658	2.0637	-0.2221	0.4485	2.1446	-0.2528	0.5846	2.0323	-0.2020	0.2260	2.3479	-0.0768	0.1290	1.9847	-0.1742	0.0655	2.1109	0.550	
11.667	-0.1318	0.0967	2.0692	0.0583	0.0554	2.1392	-0.4433	-0.2614	2.0533	-0.2232	0.4482	2.1460	-0.2523	0.5837	2.0341	-0.2020	0.2261	2.3479	-0.0796	0.1281	1.9757	-0.1799	0.0625	2.0987	0.587	
11.700	-0.1321	0.0957	2.0688	0.0582	0.0555	2.1392	-0.4426	-0.2609	2.0537	-0.2228	0.4470	2.1449	-0.2535	0.5737	2.0377	-0.2015	0.2261	2.3478	-0.0800	0.1276	1.9750	-0.1802	0.0603	2.0985	0.569	
11.734	-0.1338	0.0947	2.0687	0.0570	0.0558	2.1395	-0.4424	-0.2607	2.0541	-0.2226	0.4466	2.1443	-0.2529	0.5828	2.0339	-0.2017	0.2261	2.3477	-0.0818	0.1269	1.9748	-0.1816	0.0591	2.0986	0.578	
11.767	-0.1342	0.0946	2.0671	0.0577	0.0554	2.1394	-0.4423	-0.2602	2.0524	-0.2269	0.4633	2.1370	-0.2528	0.5848	2.0322	-0.2017	0.2262	2.3477	-0.0820	0.1268	1.9735	-0.1822	0.0593	2.0968	0.584	
11.800	-0.1352	0.0928	2.0682	0.0573	0.0540	2.1402	-0.4422	-0.2604	2.0542	-0.2224	0.4419	2.1489	-0.2531	0.5882	2.0298	-0.2018	0.2259	2.3477	-0.0831	0.1254	1.9742	-0.1831	0.0572	2.0982	0.577	
11.834	-0.1348	0.0928	2.0679	0.0588	0.0533	2.1411	-0.4415	-0.2601	2.0537	-0.2216	0.4421	2.1487	-0.2528	0.5886	2.0305	-0.2012	0.2259	2.3484	-0.0826	0.1252	1.9740	-0.1828	0.0573	2.0977	0.582	
11.867	-0.1306	0.0963	2.0727	0.0597	0.0532	2.1415	-0.4430	-0.2631	2.0569	-0.2212	0.4409	2.1493	-0.2524	0.5882	2.0310	-0.2013	0.2257	2.3488	-0.0789	0.1265	1.9787	-0.1779	0.0637	2.1030	0.564	
11.900	-0.1286	0.0974	2.0778	0.0592	0.0531	2.1425	-0.4438	-0.2650	2.0618	-0.2216	0.4429	2.1484	-0.2521	0.5879	2.0313	-0.2013	0.2257	2.3488	-0.0773	0.1273	1.9831	-0.1756	0.0648	2.1086	0.555	
11.934	-0.1291	0.0969	2.0728	0.0608	0.0528	2.1416	-0.4427	-0.2623	2.0559	-0.2205	0.4454	2.1458	-0.2518	0.5881	2.0314	-0.2008	0.2262	2.3488	-0.0773	0.1270	1.9796	-0.1769	0.0640	2.1018	0.577	
11.967	-0.1281	0.0977	2.0763	0.0602	0.0529	2.1421	-0.4433	-0.2639	2.0599	-0.2207	0.4439	2.1458	-0.2515	0.5877	2.0319	-0.2008	0.2262	2.3487	-0.0766	0.1276	1.9822	-0.1754	0.0651	2.1066	0.552	
12.000	-0.1288	0.0962	2.0752	0.0608	0.0526	2.1425	-0.4420	-0.2626	2.0600	-0.2214	0.4436	2.1438	-0.2505	0.5865	2.0333	-0.2001	0.2262	2.3489	-0.0772	0.1272	1.9809	-0.1763	0.0614	2.1055	0.566	
12.034	-0.1271	0.1002	2.0787	0.0602	0.0538	2.1430	-0.4426	-0.2638	2.0629	-0.2222	0.4509	2.1412	-0.2526	0.5943	2.0275	-0.2000	0.2275	2.3486	-0.0760	0.1306	1.9838	-0.1742	0.0666	2.1099	0.549	
12.067	-0.1267	0.1010	2.0803	0.0599	0.0541	2.1434	-0.4429	-0.2642	2.0642	-0.2226	0.4502	2.1425	-0.2539	0.5947	2.0277	-0.2000	0.2278	2.3486	-0.0756	0.1312	1.9853	-0.1737	0.0676	2.1115	0.551	
12.100	-0.1294	0.1019	2.0704	0.0614	0.0549	2.1407	-0.4415	-0.2588	2.0536	-0.2265	0.4275	2.1518	-0.2540	0.5909	2.0292	-0.2000	0.2297	2.3474	-0.0774	0.1324	1.9770	-0.1774	0.0682	2.0997	0.584	
12.134	-0.1281	0.1013	2.0773	0.0601	0.0545	2.1423	-0.4425	-0.2619	2.0619	-0.2259	0.4659	2.1336	-0.2510	0.5855	2.0354	-0.2002	0.2291	2.3478	-0.0767	0.1318	1.9823	-0.1754	0.0677	2.1086	0.542	
12.167	-0.1270	0.1019	2.0776	0.0607	0.0542	2.1421	-0.4429	-0.2623	2.0615	-0.2231	0.5245	2.1006	-0.2523	0.5719	2.0397	-0.2002	0.2291	2.3478	-0.0757	0.1319	1.9827	-0.1742	0.0690	2.1087	0.562	
12.200	-0.1262	0.0982	2.0824	0.0600	0.0535	2.1440	-0.4429	-0.2630	2.0646	-0.2233	0.5244	2.1021	-0.2527	0.5801	2.0336	-0.2000	0.2287	2.3484	-0.0746	0.1262	1.9901	-0.1736	0.0670	2.1115	0.540	
12.234	-0.1279	0.0956	2.0804	0.0604	0.0528	2.1447	-0.4413	-0.2614	2.0645	-0.2248	0.5318	2.1006	-0.2518	0.5840	2.0333	-0.1994	0.2281	2.3494	-0.0763	0.1254	1.9874	-0.1758	0.0614	2.1097	0.555	
12.267	-0.1312	0.0984	2.0722	0.0606	0.0540	2.1430	-0.4406	-0.2583	2.0565	-0.2229	0.4536	2.1446	-0.2519	0.5860	2.0318	-0.1997	0.2294	2.3489	-0.0793	0.1292	1.9788	-0.1793	0.0639	2.1016	0.575	
12.300	-0.1284	0.1030	2.0783	0.0598	0.0550	2.1440	-0.4418	-0.2616	2.0625	-0.2222	0.4525	2.1442	-0.2515	0.5868	2.0319	-0.1997	0.2297	2.3489	-0.0773	0.1330	1.9834	-0.1754	0.0697	2.1097	0.541	
12.334	-0.1311	0.0999	2.0770	0.0534	0.0369	2.1422	-0.4409	-0.2598	2.0625	-0.2219	0.4516	2.1445	-0.2512	0.5862	2.0329	-0.1997	0.2297	2.3490	-0.0795	0.1316	1.9822	-0.1786	0.0645	2.1080	0.564	
12.367	-0.1320	0.0991	2.0743	0.0553	0.0572	2.1414	-0.4405	-0.2585	2.0596	-0.2214	0.4512	2.1452	-0.2501	0.5842	2.0359	-0.1997	0.2298	2.3493	-0.0801	0.1310	1.9802	-0.1798	0.0637	2.1046	0.565	
12.400	-0.1319	0.0972	2.0752	0.0555	0.0565	2.1426	-0.4396	-0.2587	2.0610	-0.2209	0.4496	2.1464	-0.2521	0.5687	2.0430	-0.1990	0.2291	2.3506	-0.0801	0.1296	1.9809	-0.1796	0.0615	2.1057	0.559	
12.434	-0.1305	0.1027	2.0790	0.0538	0.0588	2.1419	-0.4419	-0.2599	2.0639	-0.2231	0.4567	2.1425	-0.2523	0.5825	2.0337	-0.2003	0.2311	2.3492	-0.0793	0.1334	1.9838	-0.1775	0.0690	2.1105	0.550	
