% Time	SBX	SBY	SBZ	FRX	FRY	FRZ	FLX	FLY	FLZ	WRX	WRY	WRZ	WLX	WLY	WLZ	HDX	HDY	HDZ	HRX	HRY	HRZ	HRLX	HLY	HLZ	SpdCom	ax	ay	az	gx	gy	gz	mx	my	mz	Angle
0.067	0.0937	0.1650	1.9501	0.2103	-0.6035	1.8270	-0.0043	-0.6140	1.8269	0.3375	0.2664	1.8621	-0.3333	0.2805	1.8661	-0.0281	0.8976	1.8589	0.1677	0.1708	1.8930	0.0158	0.1526	1.9288	0.013	
0.100	0.0924	0.1650	1.9501	0.2092	-0.6001	1.8276	-0.0060	-0.6138	1.8273	0.3375	0.2664	1.8620	-0.3332	0.2807	1.8662	-0.0279	0.8978	1.8590	0.1667	0.1706	1.8933	0.0139	0.1530	1.9286	0.017	
0.134	0.0907	0.1656	1.9507	0.2091	-0.6011	1.8275	-0.0101	-0.6158	1.8291	0.3375	0.2671	1.8622	-0.3332	0.2809	1.8664	-0.0277	0.8981	1.8594	0.1655	0.1709	1.8937	0.0120	0.1537	1.9294	0.020	
0.200	0.0896	0.1655	1.9508	0.2091	-0.6024	1.8271	-0.0171	-0.6151	1.8310	0.3376	0.2670	1.8623	-0.3334	0.2809	1.8665	-0.0277	0.8981	1.8599	0.1645	0.1708	1.8940	0.0110	0.1537	1.9295	0.027	
0.267	0.0855	0.1657	1.9516	0.2085	-0.6040	1.8268	-0.0258	-0.6174	1.8323	0.3391	0.2677	1.8629	-0.3333	0.2813	1.8667	-0.0283	0.8983	1.8605	0.1608	0.1706	1.8951	0.0066	0.1542	1.9299	0.033	
0.300	0.0839	0.1657	1.9520	0.2081	-0.6057	1.8269	-0.0289	-0.6190	1.8335	0.3395	0.2723	1.8658	-0.3335	0.2810	1.8667	-0.0281	0.8985	1.8609	0.1594	0.1704	1.8958	0.0049	0.1544	1.9301	0.037	
0.367	0.0810	0.1653	1.9530	0.2078	-0.6059	1.8269	-0.0329	-0.6187	1.8357	0.3203	0.2720	1.8645	-0.3358	0.2781	1.8657	-0.0281	0.8995	1.8626	0.1574	0.1701	1.8968	0.0010	0.1539	1.9313	0.043	
0.434	0.0783	0.1644	1.9539	0.2079	-0.6060	1.8269	-0.0372	-0.6189	1.8367	0.3213	0.2720	1.8664	-0.3383	0.2749	1.8644	-0.0284	0.8999	1.8645	0.1552	0.1691	1.8979	-0.0019	0.1531	1.9318	0.050	
0.467	0.0779	0.1643	1.9539	0.2077	-0.6061	1.8272	-0.0387	-0.6186	1.8371	0.3325	0.2708	1.8673	-0.3387	0.2744	1.8645	-0.0289	0.9003	1.8651	0.1546	0.1689	1.8981	-0.0021	0.1530	1.9317	0.053	
0.534	0.0754	0.1640	1.9549	0.2070	-0.6043	1.8273	-0.0422	-0.6193	1.8381	0.3333	0.2714	1.8673	-0.3389	0.2742	1.8648	-0.0292	0.9009	1.8669	0.1528	0.1687	1.8990	-0.0051	0.1528	1.9328	0.060	
0.600	0.0727	0.1635	1.9555	0.2069	-0.6046	1.8273	-0.0456	-0.6191	1.8392	0.3213	0.2724	1.8679	-0.3391	0.2740	1.8649	-0.0294	0.9010	1.8681	0.1503	0.1680	1.9000	-0.0080	0.1525	1.9331	0.067	
0.667	0.0684	0.1641	1.9560	0.2067	-0.6043	1.8275	-0.0483	-0.6199	1.8399	0.3208	0.2725	1.8676	-0.3361	0.2788	1.8679	-0.0301	0.9009	1.8701	0.1454	0.1680	1.9005	-0.0115	0.1535	1.9334	0.073	
0.767	0.0609	0.1638	1.9581	0.2065	-0.6046	1.8279	-0.0513	-0.6193	1.8441	0.3202	0.2726	1.8682	-0.3363	0.2790	1.8697	-0.0313	0.9011	1.8765	0.1380	0.1675	1.9030	-0.0187	0.1535	1.9351	0.083	
0.834	0.0580	0.1637	1.9585	0.2061	-0.6041	1.8280	-0.0528	-0.6174	1.8475	0.3360	0.2744	1.8733	-0.3388	0.2767	1.8707	-0.0342	0.9021	1.8832	0.1356	0.1674	1.9033	-0.0219	0.1534	1.9357	0.090	
0.900	0.0503	0.1624	1.9609	0.2056	-0.6043	1.8279	-0.0546	-0.6169	1.8516	0.3365	0.2767	1.8733	-0.3394	0.2754	1.8719	-0.0372	0.9034	1.8897	0.1275	0.1657	1.9065	-0.0290	0.1525	1.9374	0.097	
1.000	0.0418	0.1622	1.9656	0.2052	-0.6057	1.8272	-0.0564	-0.6158	1.8582	0.3368	0.2807	1.8744	-0.3414	0.2730	1.8745	-0.0451	0.9047	1.9048	0.1193	0.1655	1.9098	-0.0376	0.1524	1.9437	0.107	
1.067	0.0332	0.1612	1.9712	0.2046	-0.6062	1.8271	-0.0573	-0.6163	1.8649	0.3343	0.2805	1.8775	-0.3465	0.2678	1.8746	-0.0516	0.9090	1.9211	0.1097	0.1643	1.9159	-0.0447	0.1516	1.9487	0.113	
1.134	0.0237	0.1606	1.9784	0.2040	-0.6069	1.8270	-0.0606	-0.6117	1.8725	0.3347	0.2868	1.8791	-0.3470	0.2668	1.8777	-0.0560	0.9149	1.9390	0.1000	0.1631	1.9230	-0.0536	0.1515	1.9563	0.120	
1.200	0.0144	0.1598	1.9853	0.2030	-0.6075	1.8272	-0.0615	-0.6157	1.8794	0.3308	0.2898	1.8828	-0.3499	0.2640	1.8778	-0.0599	0.9193	1.9569	0.0908	0.1621	1.9305	-0.0624	0.1512	1.9622	0.127	
1.267	0.0023	0.1656	1.9954	0.2019	-0.6095	1.8268	-0.0635	-0.6159	1.8888	0.3260	0.2936	1.8869	-0.3442	0.2766	1.8939	-0.0630	0.9224	1.9766	0.0748	0.1665	1.9432	-0.0707	0.1578	1.9700	0.133	
1.334	-0.0023	0.1609	2.0004	0.2015	-0.6095	1.8266	-0.0652	-0.6153	1.8953	0.3206	0.2938	1.8905	-0.3587	0.2530	1.8823	-0.0667	0.9243	1.9936	0.0724	0.1622	1.9493	-0.0775	0.1529	1.9737	0.140	
1.400	-0.0132	0.1609	2.0105	0.1996	-0.6091	1.8250	-0.0679	-0.6173	1.9046	0.3176	0.2903	1.8932	-0.3492	0.2703	1.9070	-0.0706	0.9219	2.0110	0.0609	0.1610	1.9616	-0.0870	0.1542	1.9817	0.147	
1.467	-0.0261	0.1665	2.0245	0.1938	-0.6088	1.8210	-0.0730	-0.6167	1.9132	0.3127	0.2920	1.9019	-0.3370	0.2991	1.9364	-0.0731	0.9193	2.0291	0.0436	0.1651	1.9772	-0.0959	0.1616	1.9944	0.153	
1.534	-0.0290	0.1625	2.0306	0.1769	-0.6087	1.8150	-0.0739	-0.6224	1.9247	0.3058	0.2880	1.9104	-0.3536	0.2634	1.9229	-0.0762	0.9178	2.0455	0.0437	0.1626	1.9804	-0.1023	0.1560	2.0037	0.160	
1.600	-0.0328	0.1600	2.0398	0.1496	-0.6068	1.8100	-0.0740	-0.6267	1.9347	0.2982	0.2811	1.9175	-0.3545	0.2593	1.9292	-0.0773	0.9171	2.0620	0.0424	0.1583	1.9958	-0.1065	0.1549	2.0075	0.167	
1.667	-0.0359	0.1581	2.0474	0.1084	-0.6047	1.8142	-0.0748	-0.6296	1.9443	0.2902	0.2769	1.9251	-0.3541	0.2601	1.9314	-0.0759	0.9178	2.0723	0.0404	0.1562	2.0026	-0.1102	0.1536	2.0163	0.173	
1.734	-0.0359	0.1526	2.0517	0.0773	-0.6013	1.8207	-0.0754	-0.6317	1.9520	0.2827	0.2722	1.9334	-0.3504	0.2603	1.8885	-0.0734	0.9198	2.0809	0.0417	0.1515	2.0078	-0.1116	0.1477	2.0188	0.180	
1.800	-0.0394	0.1506	2.0562	0.0555	-0.5997	1.8318	-0.0728	-0.6410	1.9628	0.2798	0.2644	1.9365	-0.3120	0.3208	1.8454	-0.0682	0.9214	2.0880	0.0382	0.1488	2.0128	-0.1151	0.1466	2.0222	0.187	
1.867	-0.0398	0.1484	2.0567	0.0507	-0.5990	1.8403	-0.0714	-0.6471	1.9727	0.2750	0.2542	1.9376	-0.2737	0.3914	1.8185	-0.0609	0.9212	2.0935	0.0376	0.1464	2.0135	-0.1155	0.1446	2.0224	0.193	
1.934	-0.0383	0.1487	2.0562	0.0499	-0.6007	1.8502	-0.0700	-0.6431	1.9807	0.2694	0.2458	1.9409	-0.2267	0.4751	1.8043	-0.0495	0.9232	2.0990	0.0388	0.1465	2.0134	-0.1136	0.1453	2.0210	0.200	
2.000	-0.0300	0.1494	2.0563	0.0508	-0.6053	1.8613	-0.0667	-0.6470	1.9871	0.2619	0.2406	1.9463	-0.1714	0.5640	1.8338	-0.0253	0.9247	2.1025	0.0479	0.1455	2.0173	-0.1054	0.1474	2.0173	0.207	
2.067	-0.0179	0.1494	2.0558	0.0511	-0.6116	1.8735	-0.0620	-0.6518	1.9892	0.2540	0.2340	1.9558	-0.1541	0.5833	1.8671	-0.0093	0.9264	2.1070	0.0608	0.1443	2.0193	-0.0952	0.1487	2.0145	0.213	
2.134	-0.0089	0.1507	2.0569	0.0509	-0.6141	1.8878	-0.0606	-0.6508	1.9890	0.2463	0.2201	1.9780	-0.1242	0.6350	1.8919	-0.0016	0.9276	2.1121	0.0698	0.1450	2.0220	-0.0869	0.1506	2.0138	0.220	
2.200	-0.0015	0.1506	2.0592	0.0505	-0.6175	1.9012	-0.0593	-0.6422	1.9798	0.2426	0.2099	1.9908	-0.1091	0.6584	1.8976	0.0053	0.9289	2.1165	0.0783	0.1442	2.0256	-0.0810	0.1511	2.0149	0.227	
2.300	0.0038	0.1496	2.0638	0.0465	-0.6217	1.9216	-0.0706	-0.6125	1.9148	0.2297	0.1986	1.9997	-0.0931	0.7017	1.9363	0.0101	0.9304	2.1228	0.0834	0.1421	2.0333	-0.0760	0.1510	2.0173	0.237	
2.367	0.0097	0.1563	2.0713	0.0459	-0.6261	1.9329	-0.0790	-0.6061	1.8674	0.2283	0.1906	2.0006	-0.1078	0.6780	1.9378	0.0107	0.9300	2.1260	0.0880	0.1496	2.0420	-0.0689	0.1570	2.0231	0.243	
2.434	0.0105	0.1571	2.0743	0.0440	-0.6284	1.9479	-0.0821	-0.6002	1.8269	0.2266	0.1795	1.9977	-0.1050	0.6811	1.9391	0.0100	0.9308	2.1297	0.0880	0.1500	2.0450	-0.0675	0.1580	2.0261	0.250	
2.500	0.0088	0.1567	2.0755	0.0414	-0.6304	1.9621	-0.0854	-0.5866	1.8158	0.2203	0.1533	1.9841	-0.1200	0.6888	1.9431	0.0064	0.9311	2.1309	0.0862	0.1499	2.0458	-0.0690	0.1575	2.0275	0.257	
2.567	0.0058	0.1554	2.0743	0.0390	-0.6385	1.9754	-0.0860	-0.5852	1.8176	0.2198	0.1503	1.9821	-0.1156	0.6854	1.9476	-0.0068	0.9274	2.1300	0.0827	0.1486	2.0438	-0.0715	0.1563	2.0268	0.263	
2.634	-0.0019	0.1545	2.0695	0.0369	-0.6390	1.9872	-0.0870	-0.5894	1.8235	0.2182	0.1476	1.9768	-0.1024	0.7228	1.9606	-0.0185	0.9279	2.1283	0.0751	0.1470	2.0393	-0.0790	0.1561	2.0216	0.270	
2.700	-0.0102	0.1531	2.0640	0.0334	-0.6422	1.9948	-0.0883	-0.5941	1.8351	0.2165	0.1458	1.9707	-0.1084	0.7240	1.9565	-0.0338	0.9319	2.1285	0.0664	0.1450	2.0323	-0.0866	0.1553	2.0172	0.277	
2.767	-0.0177	0.1527	2.0601	0.0301	-0.6456	1.9991	-0.0908	-0.5983	1.8493	0.2143	0.1456	1.9666	-0.1175	0.7209	1.9448	-0.0493	0.9374	2.1261	0.0592	0.1444	2.0286	-0.0944	0.1555	2.0129	0.283	
2.834	-0.0258	0.1530	2.0580	0.0295	-0.6462	2.0002	-0.0902	-0.6040	1.8659	0.2105	0.1451	1.9641	-0.1703	0.6671	1.9000	-0.0570	0.9395	2.1273	0.0522	0.1453	2.0279	-0.1032	0.1548	2.0097	0.290	
2.900	-0.0305	0.1546	2.0577	0.0291	-0.6454	1.9988	-0.0929	-0.6060	1.8835	0.2074	0.1460	1.9656	-0.1281	0.6787	1.8843	-0.0627	0.9384	2.1286	0.0477	0.1481	2.0289	-0.1080	0.1554	2.0081	0.297	
2.967	-0.0307	0.1547	2.0576	0.0328	-0.6410	1.9706	-0.0974	-0.6001	1.8981	0.1982	0.1505	1.9816	-0.1725	0.6123	1.8647	-0.0683	0.9377	2.1312	0.0469	0.1490	2.0295	-0.1074	0.1545	2.0072	0.303	
3.034	-0.0300	0.1508	2.0574	0.0405	-0.6293	1.9213	-0.0983	-0.6023	1.9141	0.1946	0.1726	2.0230	-0.1768	0.5861	1.8375	-0.0744	0.9384	2.1318	0.0473	0.1464	2.0322	-0.1060	0.1481	2.0041	0.300	
3.100	-0.0269	0.1476	2.0599	0.0501	-0.6109	1.8681	-0.0985	-0.6096	1.9340	0.1939	0.1720	2.0478	-0.1654	0.5531	1.8285	-0.0800	0.9370	2.1344	0.0524	0.1409	2.0427	-0.1039	0.1463	2.0027	0.300	
3.167	-0.0242	0.1382	2.0638	0.0532	-0.5997	1.8281	-0.0931	-0.6257	1.9518	0.1972	0.1224	2.0538	-0.1534	0.5358	1.8183	-0.0810	0.9354	2.1349	0.0557	0.1308	2.0505	-0.1021	0.1387	2.0015	0.300	
3.234	-0.0183	0.1283	2.0647	0.0520	-0.5963	1.8027	-0.0906	-0.6295	1.9713	0.1969	0.1235	2.0715	-0.1281	0.4829	1.8011	-0.0797	0.9352	2.1344	0.0620	0.1222	2.0550	-0.0972	0.1287	1.9975	0.300	
3.300	-0.0121	0.1208	2.0637	0.0519	-0.5881	1.7998	-0.0910	-0.6359	1.9887	0.2066	0.0650	2.0811	-0.1405	0.4534	1.7877	-0.0654	0.9326	2.1309	0.0682	0.1175	2.0581	-0.0912	0.1176	1.9903	0.300	
3.367	-0.0033	0.1183	2.0548	0.0547	-0.5834	1.8090	-0.0890	-0.6444	2.0045	0.2079	0.0636	2.0818	-0.1246	0.4043	1.7738	-0.0426	0.9316	2.1282	0.0764	0.1150	2.0529	-0.0814	0.1181	1.9751	0.300	
3.434	0.0144	0.1190	2.0449	0.0540	-0.5933	1.8240	-0.0865	-0.6473	2.0102	0.2173	0.1185	2.0855	-0.1459	0.3576	1.7747	-0.0289	0.9295	2.1258	0.0910	0.1166	2.0463	-0.0624	0.1172	1.9640	0.300	
3.500	0.0171	0.1366	2.0472	0.0519	-0.5995	1.8412	-0.0830	-0.6486	2.0131	0.2260	0.1156	2.0649	-0.1366	0.3058	1.7572	-0.0197	0.9296	2.1279	0.0905	0.1278	2.0354	-0.0587	0.1435	1.9863	0.300	
3.567	0.0201	0.1328	2.0428	0.0508	-0.6020	1.8594	-0.0732	-0.6432	2.0064	0.2332	0.1155	2.0434	-0.1734	0.2898	1.8046	-0.0146	0.9298	2.1285	0.0954	0.1242	2.0246	-0.0559	0.1368	1.9830	0.300	
3.634	0.0243	0.1309	2.0408	0.0509	-0.6103	1.8750	-0.0640	-0.6282	1.9667	0.2396	0.1198	2.0071	-0.1865	0.2414	1.8267	-0.0042	0.9303	2.1292	0.1018	0.1241	2.0181	-0.0524	0.1330	1.9839	0.300	
3.700	0.0249	0.1310	2.0402	0.0450	-0.6175	1.8934	-0.0421	-0.6108	1.9116	0.2483	0.1310	1.9853	-0.1935	0.1538	1.8483	-0.0002	0.9306	2.1298	0.1037	0.1254	2.0135	-0.0523	0.1322	1.9855	0.300	
3.800	0.0176	0.1329	2.0396	0.0416	-0.6238	1.9167	-0.0663	-0.5940	1.7920	0.2554	0.1579	1.9484	-0.2314	0.1305	1.9139	0.0022	0.9315	2.1293	0.0945	0.1300	2.0054	-0.0625	0.1324	1.9941	0.300	
3.867	0.0153	0.1374	2.0390	0.0419	-0.6257	1.9335	-0.0696	-0.5739	1.7568	0.2529	0.1676	1.9310	-0.2493	0.1163	1.9582	0.0017	0.9323	2.1275	0.0916	0.1381	1.9976	-0.0641	0.1352	1.9996	0.300	
3.934	0.0142	0.1421	2.0374	0.0410	-0.6220	1.9532	-0.0662	-0.5769	1.7458	0.2517	0.1710	1.9111	-0.2598	0.1106	1.9901	-0.0014	0.9320	2.1250	0.0889	0.1446	1.9914	-0.0632	0.1376	2.0022	0.300	
4.000	0.0136	0.1452	2.0322	0.0382	-0.6331	1.9654	-0.0651	-0.5739	1.7505	0.2498	0.1721	1.9038	-0.2670	0.1056	2.0116	-0.0053	0.9316	2.1179	0.0877	0.1468	1.9862	-0.0624	0.1394	1.9990	0.300	
4.067	0.0104	0.1486	2.0245	0.0337	-0.6403	1.9762	-0.0622	-0.5815	1.7598	0.2449	0.1742	1.8981	-0.2705	0.1055	2.0172	-0.0162	0.9311	2.1079	0.0836	0.1505	1.9764	-0.0639	0.1415	1.9940	0.300	
4.134	0.0058	0.1525	2.0202	0.0306	-0.6508	1.9857	-0.0626	-0.5882	1.7731	0.2364	0.1942	1.9071	-0.2753	0.1051	2.0157	-0.0264	0.9306	2.1023	0.0765	0.1545	1.9696	-0.0662	0.1450	1.9918	0.300	
4.200	-0.0087	0.1535	2.0151	0.0321	-0.6516	1.9879	-0.0630	-0.5945	1.7937	0.2324	0.1709	1.8994	-0.2837	0.1055	1.9954	-0.0420	0.9308	2.0981	0.0630	0.1552	1.9625	-0.0802	0.1459	1.9892	0.300	
4.300	-0.0202	0.1520	2.0132	0.0474	-0.6323	1.9565	-0.0657	-0.6001	1.8238	0.2193	0.1576	1.9139	-0.2847	0.1034	1.9296	-0.0529	0.9337	2.1000	0.0545	0.1550	1.9614	-0.0961	0.1430	1.9853	0.300	
4.334	-0.0214	0.1505	2.0131	0.0533	-0.6251	1.9382	-0.0687	-0.6004	1.8386	0.2165	0.1628	1.9277	-0.2820	0.1146	1.9094	-0.0537	0.9343	2.1003	0.0539	0.1538	1.9610	-0.0975	0.1413	1.9858	0.300	
4.400	-0.0212	0.1492	2.0145	0.0574	-0.6153	1.8831	-0.0712	-0.6063	1.8605	0.2124	0.1536	1.9400	-0.2747	0.1453	1.8719	-0.0626	0.9403	2.1093	0.0543	0.1524	1.9626	-0.0972	0.1401	1.9878	0.300	
4.467	-0.0184	0.1500	2.0182	0.0654	-0.6001	1.8291	-0.0748	-0.6021	1.8829	0.2142	0.1680	1.9758	-0.2652	0.1808	1.8458	-0.0636	0.9428	2.1150	0.0574	0.1533	1.9686	-0.0938	0.1409	1.9906	0.300	
4.534	-0.0110	0.1519	2.0237	0.0664	-0.5962	1.7800	-0.0771	-0.6028	1.8995	0.2143	0.1557	1.9880	-0.2575	0.2061	1.8296	-0.0610	0.9460	2.1191	0.0650	0.1548	1.9739	-0.0865	0.1430	1.9957	0.300	
4.600	-0.0077	0.1478	2.0232	0.0683	-0.5797	1.7583	-0.0745	-0.6156	1.9152	0.2161	0.1234	1.9957	-0.2497	0.2212	1.8189	-0.0533	0.9457	2.1202	0.0701	0.1484	1.9779	-0.0837	0.1396	1.9909	0.300	
4.667	-0.0042	0.1445	2.0201	0.0671	-0.5791	1.7655	-0.0722	-0.6214	1.9307	0.2187	0.1218	2.0057	-0.2416	0.2244	1.8131	-0.0353	0.9425	2.1125	0.0736	0.1448	1.9788	-0.0802	0.1372	1.9814	0.300	
4.734	0.0007	0.1337	2.0123	0.0673	-0.5841	1.7851	-0.0684	-0.6354	1.9449	0.2242	0.1165	2.0108	-0.2357	0.2209	1.8137	-0.0232	0.9406	2.1084	0.0789	0.1302	1.9777	-0.0765	0.1304	1.9672	0.300	
4.800	0.0068	0.1342	2.0093	0.0668	-0.5874	1.8034	-0.0656	-0.6399	1.9490	0.2314	0.1177	2.0056	-0.2272	0.2086	1.8267	-0.0136	0.9390	2.1063	0.0832	0.1299	1.9762	-0.0693	0.1329	1.9633	0.300	
4.867	0.0333	0.1471	2.0159	0.0655	-0.5971	1.8197	-0.0638	-0.6379	1.9491	0.2378	0.1261	1.9857	-0.2252	0.1836	1.8469	0.0001	0.9370	2.1046	0.1032	0.1432	1.9814	-0.0368	0.1448	1.9724	0.300	
4.934	0.0440	0.1661	2.0211	0.0655	-0.6035	1.8344	-0.0618	-0.6196	1.9238	0.2361	0.2352	1.9923	-0.2287	0.1702	1.8766	0.0038	0.9369	2.1037	0.1108	0.1659	1.9840	-0.0237	0.1604	1.9802	0.300	
5.000	0.0451	0.1718	2.0219	0.0613	-0.6073	1.8532	-0.0670	-0.5994	1.8687	0.2359	0.2547	1.9553	-0.2346	0.1690	1.9104	0.0093	0.9363	2.1027	0.1110	0.1722	1.9834	-0.0221	0.1654	1.9825	0.300	
5.067	0.0410	0.1762	2.0231	0.0624	-0.6114	1.8714	-0.0715	-0.5792	1.7991	0.2309	0.2704	1.9265	-0.2398	0.1648	1.9445	0.0119	0.9370	2.1014	0.1063	0.1768	1.9818	-0.0262	0.1697	1.9867	0.300	
5.134	0.0366	0.1772	2.0227	0.0614	-0.6162	1.8868	-0.0727	-0.5848	1.7559	0.2261	0.2948	1.9041	-0.2438	0.1496	1.9702	0.0119	0.9380	2.0999	0.1016	0.1782	1.9779	-0.0314	0.1702	1.9895	0.300	
5.200	0.0282	0.1766	2.0185	0.0578	-0.6212	1.9053	-0.0735	-0.5846	1.7462	0.2320	0.2557	1.8763	-0.2483	0.1438	1.9871	0.0108	0.9381	2.0998	0.0939	0.1781	1.9702	-0.0394	0.1688	1.9883	0.300	
5.267	0.0243	0.1764	2.0150	0.0549	-0.6199	1.9197	-0.0737	-0.5785	1.7586	0.2291	0.2627	1.8666	-0.2543	0.1338	1.9957	0.0061	0.9386	2.0992	0.0898	0.1778	1.9656	-0.0426	0.1684	1.9860	0.300	
5.334	0.0159	0.1766	2.0084	0.0516	-0.6241	1.9297	-0.0762	-0.5853	1.7773	0.2241	0.2668	1.8621	-0.2599	0.1306	1.9940	-0.0030	0.9390	2.0996	0.0815	0.1775	1.9589	-0.0504	0.1690	1.9797	0.300	
5.434	-0.0016	0.1779	2.0032	0.0478	-0.6368	1.9394	-0.0791	-0.5902	1.8012	0.2108	0.2893	1.8920	-0.2743	0.1236	1.9518	-0.0314	0.9380	2.1009	0.0637	0.1783	1.9537	-0.0669	0.1708	1.9744	0.300	
5.500	-0.0070	0.1811	2.0032	0.0495	-0.6351	1.9349	-0.0814	-0.5920	1.8228	0.2093	0.2637	1.9202	-0.2765	0.1309	1.9143	-0.0447	0.9375	2.1003	0.0573	0.1838	1.9513	-0.0722	0.1724	1.9765	0.300	
5.600	-0.0282	0.1606	1.9916	0.0562	-0.6096	1.8695	-0.0858	-0.5885	1.8496	0.2153	0.1612	1.9478	-0.2756	0.1742	1.8639	-0.0654	0.9418	2.1087	0.0469	0.1641	1.9425	-0.1046	0.1501	1.9623	0.300	
5.667	-0.0276	0.1604	1.9916	0.0622	-0.5969	1.8035	-0.0849	-0.5950	1.8664	0.2084	0.1264	1.9753	-0.2741	0.1941	1.8370	-0.0683	0.9430	2.1099	0.0484	0.1630	1.9444	-0.1035	0.1505	1.9607	0.300	
5.767	-0.0230	0.1555	1.9913	0.0674	-0.5774	1.7147	-0.0853	-0.6038	1.8923	0.2085	0.1230	2.0135	-0.2688	0.2169	1.8120	-0.0690	0.9446	2.1092	0.0558	0.1531	1.9546	-0.0985	0.1464	1.9486	0.300	
5.834	-0.0206	0.1528	1.9897	0.0662	-0.5710	1.7004	-0.0840	-0.6122	1.9102	0.2094	0.1234	2.0264	-0.2636	0.2210	1.8020	-0.0670	0.9460	2.1068	0.0581	0.1497	1.9550	-0.0961	0.1454	1.9434	0.300	
5.934	-0.0126	0.1451	1.9805	0.0644	-0.5689	1.7120	-0.0816	-0.6245	1.9330	0.2149	0.1196	2.0210	-0.2524	0.2125	1.7942	-0.0395	0.9475	2.0842	0.0644	0.1402	1.9515	-0.0878	0.1426	1.9290	0.300	
6.000	-0.0001	0.1580	1.9762	0.0645	-0.5741	1.7272	-0.0782	-0.6332	1.9407	0.2181	0.1616	1.9937	-0.2444	0.1975	1.7980	-0.0280	0.9466	2.0791	0.0704	0.1507	1.9468	-0.0682	0.1594	1.9272	0.300	
6.067	0.0150	0.1648	1.9708	0.0620	-0.5787	1.7447	-0.0763	-0.6353	1.9424	0.2234	0.1602	1.9436	-0.2379	0.1878	1.8133	-0.0124	0.9475	2.0727	0.0852	0.1596	1.9394	-0.0557	0.1636	1.9241	0.300	
6.134	0.0213	0.1670	1.9687	0.0605	-0.5817	1.7632	-0.0703	-0.6262	1.9305	0.2245	0.1877	1.8998	-0.2362	0.1725	1.8339	0.0002	0.9469	2.0664	0.0915	0.1633	1.9357	-0.0494	0.1647	1.9234	0.300	
6.200	0.0269	0.1733	1.9703	0.0598	-0.5880	1.7801	-0.0616	-0.6026	1.8784	0.2392	0.2144	1.8735	-0.2374	0.1744	1.8672	0.0097	0.9466	2.0621	0.0965	0.1711	1.9343	-0.0428	0.1696	1.9285	0.300	
6.267	0.0270	0.1745	1.9709	0.0542	-0.5949	1.7981	-0.0531	-0.5846	1.8154	0.2423	0.2256	1.8396	-0.2396	0.1770	1.9008	0.0139	0.9474	2.0583	0.0974	0.1732	1.9320	-0.0433	0.1704	1.9333	0.300	
6.334	0.0266	0.1753	1.9715	0.0563	-0.6006	1.8108	-0.0654	-0.5788	1.7456	0.2426	0.2437	1.8182	-0.2420	0.1739	1.9252	0.0146	0.9480	2.0575	0.0972	0.1742	1.9305	-0.0452	0.1708	1.9368	0.300	
6.400	0.0255	0.1756	1.9718	0.0556	-0.6050	1.8299	-0.0701	-0.5740	1.6895	0.2422	0.2664	1.8128	-0.2444	0.1590	1.9440	0.0156	0.9492	2.0572	0.0961	0.1752	1.9287	-0.0474	0.1703	1.9397	0.300	
6.467	0.0233	0.1748	1.9711	0.0540	-0.6091	1.8465	-0.0677	-0.5699	1.6758	0.2384	0.2681	1.8071	-0.2480	0.1486	1.9579	0.0129	0.9490	2.0543	0.0934	0.1746	1.9235	-0.0498	0.1680	1.9415	0.300	
6.534	0.0221	0.1753	1.9681	0.0530	-0.6117	1.8624	-0.0666	-0.5636	1.6781	0.2315	0.2572	1.7918	-0.2515	0.1417	1.9630	0.0043	0.9483	2.0515	0.0925	0.1759	1.9180	-0.0504	0.1681	1.9396	0.300	
6.600	0.0168	0.1771	1.9604	0.0495	-0.6181	1.8780	-0.0634	-0.5672	1.6855	0.2244	0.2416	1.7959	-0.2548	0.1378	1.9625	0.0007	0.9476	2.0511	0.0861	0.1785	1.9080	-0.0538	0.1690	1.9347	0.300	
6.667	0.0124	0.1783	1.9520	0.0434	-0.6365	1.8945	-0.0651	-0.5696	1.7030	0.2174	0.2262	1.8199	-0.2612	0.1341	1.9470	-0.0118	0.9460	2.0501	0.0810	0.1794	1.8980	-0.0569	0.1704	1.9273	0.300	
6.734	-0.0007	0.1881	1.9477	0.0412	-0.6330	1.8975	-0.0679	-0.5756	1.7192	0.2169	0.2300	1.8513	-0.2668	0.1381	1.9140	-0.0273	0.9459	2.0465	0.0672	0.1891	1.8901	-0.0686	0.1798	1.9265	0.300	
6.800	-0.0183	0.1757	1.9346	0.0405	-0.6321	1.8971	-0.0698	-0.5805	1.7343	0.2180	0.1597	1.8507	-0.2662	0.1354	1.8703	-0.0410	0.9479	2.0433	0.0531	0.1762	1.8809	-0.0897	0.1680	1.9092	0.300	
6.867	-0.0206	0.1706	1.9315	0.0438	-0.6158	1.8713	-0.0703	-0.5813	1.7515	0.2225	0.1628	1.8848	-0.2632	0.1679	1.8346	-0.0498	0.9506	2.0426	0.0525	0.1722	1.8792	-0.0939	0.1615	1.9041	0.300	
6.934	-0.0202	0.1685	1.9308	0.0526	-0.5994	1.8205	-0.0686	-0.5844	1.7705	0.2220	0.1648	1.9060	-0.2617	0.1813	1.8086	-0.0570	0.9519	2.0436	0.0547	0.1676	1.8830	-0.0943	0.1595	1.8984	0.300	
7.000	-0.0176	0.1666	1.9312	0.0596	-0.5870	1.7584	-0.0598	-0.5966	1.7840	0.2214	0.1666	1.9169	-0.2567	0.1951	1.7768	-0.0607	0.9532	2.0438	0.0585	0.1668	1.8858	-0.0927	0.1575	1.8976	0.300	
7.100	-0.0126	0.1635	1.9347	0.0641	-0.5739	1.6923	-0.0682	-0.5895	1.8121	0.2176	0.1660	1.9249	-0.2534	0.2232	1.7534	-0.0598	0.9560	2.0412	0.0658	0.1618	1.8971	-0.0893	0.1564	1.8967	0.300	
7.167	-0.0099	0.1616	1.9359	0.0658	-0.5669	1.6674	-0.0692	-0.5972	1.8297	0.2142	0.1678	1.9286	-0.2476	0.2279	1.7432	-0.0544	0.9575	2.0371	0.0688	0.1576	1.9053	-0.0854	0.1561	1.8920	0.300	
7.234	-0.0064	0.1598	1.9364	0.0664	-0.5642	1.6637	-0.0674	-0.6095	1.8478	0.2126	0.1693	1.9308	-0.2417	0.2250	1.7339	-0.0432	0.9549	2.0310	0.0706	0.1554	1.9071	-0.0811	0.1557	1.8897	0.300	
7.300	0.0028	0.1570	1.9339	0.0672	-0.5715	1.6727	-0.0657	-0.6162	1.8594	0.2130	0.1695	1.9303	-0.2351	0.2231	1.7342	-0.0344	0.9547	2.0270	0.0766	0.1535	1.9070	-0.0700	0.1533	1.8827	0.300	
7.367	0.0083	0.1566	1.9296	0.0686	-0.5704	1.6897	-0.0607	-0.6353	1.8774	0.2178	0.1668	1.9219	-0.2258	0.2100	1.7385	-0.0184	0.9547	2.0198	0.0819	0.1525	1.9016	-0.0652	0.1538	1.8794	0.300	
7.434	0.0148	0.1555	1.9235	0.0666	-0.5767	1.7055	-0.0587	-0.6308	1.8783	0.2276	0.1673	1.8991	-0.2204	0.1964	1.7495	-0.0023	0.9556	2.0142	0.0891	0.1503	1.8940	-0.0599	0.1540	1.8747	0.300	
7.500	0.0203	0.1574	1.9208	0.0665	-0.5762	1.7235	-0.0542	-0.6177	1.8678	0.2364	0.1680	1.8718	-0.2174	0.1863	1.7694	0.0083	0.9563	2.0110	0.0966	0.1525	1.8876	-0.0558	0.1559	1.8747	0.300	
7.567	0.0233	0.1592	1.9193	0.0666	-0.5811	1.7381	-0.0526	-0.5884	1.8235	0.2454	0.1712	1.8408	-0.2180	0.1730	1.7913	0.0160	0.9558	2.0078	0.1014	0.1558	1.8824	-0.0543	0.1567	1.8755	0.300	
7.634	0.0255	0.1591	1.9186	0.0623	-0.5887	1.7590	-0.0466	-0.5681	1.7694	0.2490	0.1827	1.8116	-0.2252	0.1806	1.8339	0.0213	0.9554	2.0047	0.1046	0.1555	1.8806	-0.0533	0.1563	1.8763	0.300	
7.700	0.0263	0.1593	1.9185	0.0604	-0.5915	1.7745	-0.0622	-0.5587	1.7057	0.2503	0.2050	1.7896	-0.2311	0.1830	1.8661	0.0236	0.9562	2.0020	0.1064	0.1559	1.8782	-0.0533	0.1563	1.8789	0.300	
7.767	0.0253	0.1597	1.9186	0.0594	-0.5966	1.7912	-0.0677	-0.5624	1.6529	0.2458	0.2265	1.7685	-0.2360	0.1698	1.8849	0.0245	0.9560	1.9971	0.1054	0.1564	1.8774	-0.0556	0.1567	1.8809	0.300	
7.834	0.0216	0.1594	1.9170	0.0579	-0.6023	1.8100	-0.0719	-0.5629	1.6266	0.2414	0.2344	1.7540	-0.2428	0.1642	1.9069	0.0244	0.9563	1.9959	0.1005	0.1565	1.8738	-0.0586	0.1559	1.8812	0.300	
7.900	0.0135	0.1594	1.9131	0.0553	-0.6065	1.8272	-0.0736	-0.5628	1.6271	0.2358	0.2399	1.7425	-0.2488	0.1530	1.9165	0.0208	0.9561	1.9929	0.0896	0.1565	1.8672	-0.0635	0.1558	1.8798	0.300	
7.967	0.0071	0.1569	1.9029	0.0529	-0.6095	1.8375	-0.0775	-0.5621	1.6379	0.2283	0.2403	1.7383	-0.2542	0.1470	1.9174	0.0074	0.9556	1.9859	0.0840	0.1547	1.8558	-0.0700	0.1528	1.8716	0.300	
8.034	-0.0034	0.1549	1.8953	0.0472	-0.6236	1.8509	-0.0804	-0.5652	1.6544	0.2207	0.2340	1.7407	-0.2629	0.1425	1.9042	-0.0048	0.9578	1.9820	0.0739	0.1531	1.8480	-0.0804	0.1505	1.8644	0.300	
8.100	-0.0094	0.1554	1.8901	0.0455	-0.6242	1.8528	-0.0819	-0.5692	1.6694	0.2099	0.2102	1.7510	-0.2727	0.1448	1.8692	-0.0218	0.9581	1.9740	0.0683	0.1530	1.8444	-0.0867	0.1514	1.8573	0.300	
8.167	-0.0197	0.1558	1.8854	0.0440	-0.6203	1.8471	-0.0820	-0.5718	1.6837	0.2054	0.1911	1.7655	-0.2743	0.1373	1.8191	-0.0349	0.9581	1.9683	0.0586	0.1535	1.8417	-0.0973	0.1518	1.8505	0.300	
8.234	-0.0222	0.1563	1.8840	0.0474	-0.5973	1.8045	-0.0829	-0.5691	1.7012	0.2034	0.1594	1.7859	-0.2767	0.1630	1.7825	-0.0438	0.9595	1.9674	0.0564	0.1538	1.8420	-0.1005	0.1525	1.8462	0.300	
8.300	-0.0230	0.1580	1.8838	0.0486	-0.5835	1.7460	-0.0817	-0.5732	1.7171	0.2071	0.1643	1.8193	-0.2816	0.1945	1.7510	-0.0486	0.9608	1.9651	0.0553	0.1563	1.8437	-0.1015	0.1541	1.8437	0.300	
8.367	-0.0233	0.1592	1.8834	0.0502	-0.5708	1.6959	-0.0737	-0.5861	1.7303	0.2080	0.1653	1.8505	-0.2845	0.2188	1.7263	-0.0511	0.9625	1.9638	0.0549	0.1574	1.8442	-0.1014	0.1553	1.8429	0.300	
8.434	-0.0191	0.1601	1.8855	0.0540	-0.5654	1.6357	-0.0815	-0.5811	1.7522	0.2087	0.1657	1.8699	-0.2872	0.2415	1.7059	-0.0523	0.9637	1.9639	0.0598	0.1586	1.8492	-0.0971	0.1557	1.8437	0.300	
8.500	-0.0142	0.1576	1.8878	0.0579	-0.5606	1.5991	-0.0831	-0.5836	1.7718	0.2119	0.1599	1.8824	-0.2861	0.2461	1.6874	-0.0523	0.9644	1.9637	0.0654	0.1561	1.8533	-0.0929	0.1530	1.8446	0.300	
8.567	-0.0114	0.1566	1.8878	0.0574	-0.5627	1.5884	-0.0808	-0.5934	1.7874	0.2129	0.1578	1.8861	-0.2847	0.2473	1.6791	-0.0515	0.9657	1.9637	0.0676	0.1549	1.8538	-0.0897	0.1521	1.8438	0.300	
8.634	-0.0084	0.1534	1.8836	0.0568	-0.5654	1.5998	-0.0803	-0.5987	1.8003	0.2139	0.1551	1.8854	-0.2807	0.2409	1.6732	-0.0456	0.9663	1.9609	0.0701	0.1518	1.8506	-0.0863	0.1489	1.8384	0.300	
8.700	-0.0032	0.1529	1.8775	0.0592	-0.5613	1.6207	-0.0744	-0.6214	1.8150	0.2192	0.1581	1.8644	-0.2723	0.2215	1.6801	-0.0344	0.9679	1.9566	0.0733	0.1500	1.8463	-0.0791	0.1498	1.8299	0.300	
8.767	0.0026	0.1534	1.8719	0.0596	-0.5630	1.6398	-0.0711	-0.6258	1.8199	0.2250	0.1640	1.8330	-0.2603	0.1978	1.6982	-0.0218	0.9698	1.9550	0.0776	0.1495	1.8423	-0.0723	0.1514	1.8231	0.300	
8.834	0.0094	0.1544	1.8669	0.0594	-0.5765	1.6536	-0.0653	-0.6135	1.8152	0.2291	0.1643	1.8005	-0.2497	0.1845	1.7228	-0.0066	0.9676	1.9496	0.0855	0.1491	1.8339	-0.0666	0.1532	1.8208	0.300	
8.900	0.0134	0.1570	1.8667	0.0586	-0.5731	1.6719	-0.0624	-0.5900	1.7855	0.2350	0.1871	1.7706	-0.2396	0.1792	1.7519	-0.0006	0.9667	1.9488	0.0902	0.1519	1.8328	-0.0635	0.1555	1.8218	0.300	
8.967	0.0144	0.1580	1.8676	0.0549	-0.5779	1.6914	-0.0519	-0.5646	1.7284	0.2358	0.2087	1.7459	-0.2323	0.1814	1.7842	0.0094	0.9655	1.9467	0.0921	0.1535	1.8328	-0.0633	0.1564	1.8244	0.300	
9.034	0.0130	0.1594	1.8699	0.0492	-0.5827	1.7041	-0.0728	-0.5466	1.6632	0.2319	0.2281	1.7243	-0.2298	0.1799	1.8048	0.0169	0.9683	1.9505	0.0919	0.1545	1.8327	-0.0672	0.1577	1.8320	0.300	
9.100	0.0115	0.1600	1.8716	0.0518	-0.5900	1.7238	-0.0747	-0.5556	1.6154	0.2296	0.2480	1.7151	-0.2276	0.1741	1.8265	0.0174	0.9696	1.9516	0.0909	0.1555	1.8324	-0.0691	0.1579	1.8360	0.300	
9.167	0.0080	0.1605	1.8730	0.0520	-0.5957	1.7416	-0.0779	-0.5522	1.5804	0.2257	0.2563	1.7082	-0.2305	0.1723	1.8454	0.0165	0.9701	1.9519	0.0871	0.1566	1.8318	-0.0720	0.1578	1.8384	0.300	
9.234	0.0007	0.1590	1.8732	0.0498	-0.5967	1.7579	-0.0777	-0.5506	1.5709	0.2182	0.2503	1.6919	-0.2350	0.1722	1.8535	0.0120	0.9711	1.9519	0.0781	0.1558	1.8273	-0.0782	0.1555	1.8417	0.300	
9.300	-0.0050	0.1580	1.8695	0.0475	-0.5998	1.7732	-0.0769	-0.5487	1.5802	0.2147	0.2486	1.6909	-0.2406	0.1672	1.8559	0.0013	0.9689	1.9486	0.0714	0.1554	1.8198	-0.0822	0.1541	1.8406	0.300	
9.367	-0.0084	0.1558	1.8619	0.0453	-0.6012	1.7869	-0.0775	-0.5456	1.5978	0.2052	0.2318	1.6883	-0.2500	0.1559	1.8498	-0.0094	0.9672	1.9455	0.0683	0.1539	1.8115	-0.0852	0.1513	1.8340	0.300	
9.434	-0.0142	0.1575	1.8525	0.0395	-0.6231	1.8024	-0.0780	-0.5516	1.6093	0.2005	0.2122	1.6970	-0.2627	0.1566	1.8308	-0.0242	0.9670	1.9405	0.0621	0.1573	1.7997	-0.0902	0.1517	1.8264	0.300	
9.500	-0.0197	0.1545	1.8459	0.0370	-0.6242	1.8065	-0.0786	-0.5555	1.6231	0.1990	0.1996	1.7133	-0.2767	0.1658	1.8059	-0.0399	0.9672	1.9382	0.0577	0.1543	1.7960	-0.0963	0.1486	1.8168	0.300	
9.567	-0.0271	0.1558	1.8412	0.0354	-0.6202	1.8068	-0.0800	-0.5614	1.6401	0.1993	0.1840	1.7268	-0.2834	0.1672	1.7740	-0.0481	0.9687	1.9367	0.0509	0.1552	1.7925	-0.1039	0.1500	1.8113	0.300	
9.634	-0.0314	0.1568	1.8395	0.0356	-0.6019	1.7895	-0.0811	-0.5645	1.6579	0.1982	0.1778	1.7489	-0.2879	0.1735	1.7398	-0.0547	0.9689	1.9364	0.0467	0.1564	1.7931	-0.1089	0.1508	1.8071	0.300	
9.700	-0.0349	0.1573	1.8386	0.0336	-0.5834	1.7418	-0.0761	-0.5672	1.6771	0.1978	0.1733	1.7675	-0.2913	0.1910	1.7075	-0.0647	0.9698	1.9395	0.0434	0.1562	1.7945	-0.1130	0.1523	1.8031	0.300	
9.767	-0.0350	0.1577	1.8394	0.0265	-0.5756	1.6972	-0.0802	-0.5693	1.6893	0.1970	0.1705	1.7873	-0.2938	0.2092	1.6846	-0.0699	0.9705	1.9422	0.0439	0.1561	1.8002	-0.1130	0.1528	1.8025	0.300	
9.834	-0.0307	0.1590	1.8451	0.0431	-0.5589	1.6444	-0.0802	-0.5772	1.7057	0.1978	0.1670	1.8073	-0.2945	0.2235	1.6653	-0.0710	0.9711	1.9436	0.0496	0.1572	1.8131	-0.1100	0.1540	1.8031	0.300	
9.900	-0.0269	0.1580	1.8498	0.0480	-0.5567	1.5969	-0.0840	-0.5773	1.7236	0.1973	0.1661	1.8253	-0.2932	0.2314	1.6511	-0.0710	0.9719	1.9450	0.0533	0.1557	1.8196	-0.1066	0.1535	1.8045	0.300	
9.967	-0.0239	0.1574	1.8526	0.0564	-0.5508	1.5656	-0.0840	-0.5841	1.7430	0.1983	0.1674	1.8382	-0.2895	0.2311	1.6423	-0.0697	0.9728	1.9458	0.0552	0.1549	1.8227	-0.1022	0.1533	1.8061	0.300	
10.034	-0.0209	0.1555	1.8537	0.0587	-0.5585	1.5647	-0.0831	-0.5901	1.7658	0.2015	0.1674	1.8467	-0.2850	0.2296	1.6407	-0.0597	0.9751	1.9445	0.0572	0.1529	1.8245	-0.0979	0.1513	1.8057	0.300	
10.100	-0.0182	0.1546	1.8520	0.0620	-0.5438	1.5885	-0.0805	-0.5985	1.7781	0.2046	0.1660	1.8490	-0.2719	0.2225	1.6474	-0.0551	0.9760	1.9446	0.0584	0.1520	1.8241	-0.0932	0.1507	1.8014	0.300	
10.167	-0.0084	0.1539	1.8471	0.0640	-0.5578	1.6005	-0.0761	-0.6134	1.7903	0.2115	0.1611	1.8439	-0.2589	0.2107	1.6604	-0.0407	0.9755	1.9402	0.0661	0.1501	1.8201	-0.0823	0.1513	1.7958	0.300	
10.234	0.0025	0.1544	1.8414	0.0627	-0.5625	1.6167	-0.0722	-0.6176	1.7936	0.2229	0.1659	1.8222	-0.2444	0.1950	1.6759	-0.0257	0.9747	1.9371	0.0780	0.1494	1.8115	-0.0728	0.1528	1.7928	0.300	
10.300	0.0151	0.1561	1.8369	0.0620	-0.5656	1.6313	-0.0663	-0.6040	1.7817	0.2344	0.1656	1.7913	-0.2329	0.1870	1.7009	-0.0140	0.9741	1.9367	0.0919	0.1511	1.8040	-0.0621	0.1544	1.7911	0.300	
10.367	0.0189	0.1592	1.8358	0.0632	-0.5659	1.6508	-0.0593	-0.5790	1.7475	0.2422	0.1797	1.7640	-0.2243	0.1790	1.7255	-0.0029	0.9726	1.9359	0.0968	0.1558	1.7999	-0.0592	0.1565	1.7925	0.300	
10.434	0.0202	0.1606	1.8365	0.0618	-0.5709	1.6682	-0.0457	-0.5697	1.7005	0.2446	0.1893	1.7360	-0.2195	0.1856	1.7593	0.0087	0.9717	1.9342	0.0989	0.1570	1.7994	-0.0585	0.1584	1.7955	0.300	
10.500	0.0199	0.1615	1.8379	0.0567	-0.5781	1.6809	-0.0645	-0.5468	1.6342	0.2470	0.2092	1.7149	-0.2219	0.1872	1.7861	0.0177	0.9734	1.9376	0.0996	0.1576	1.7990	-0.0612	0.1594	1.8009	0.300	
10.567	0.0200	0.1620	1.8392	0.0548	-0.5854	1.6971	-0.0671	-0.5479	1.5895	0.2439	0.2284	1.6984	-0.2249	0.1775	1.8056	0.0189	0.9738	1.9387	0.0997	0.1582	1.7988	-0.0611	0.1592	1.8050	0.300	
10.634	0.0175	0.1623	1.8404	0.0559	-0.5873	1.7155	-0.0676	-0.5457	1.5396	0.2405	0.2333	1.6850	-0.2299	0.1727	1.8233	0.0198	0.9742	1.9393	0.0969	0.1589	1.7978	-0.0634	0.1591	1.8068	0.300	
10.700	0.0154	0.1609	1.8395	0.0551	-0.5959	1.7313	-0.0702	-0.5392	1.5240	0.2385	0.2407	1.6758	-0.2338	0.1634	1.8324	0.0199	0.9744	1.9396	0.0936	0.1577	1.7943	-0.0646	0.1574	1.8070	0.300	
10.767	0.0121	0.1588	1.8365	0.0551	-0.5948	1.7497	-0.0689	-0.5394	1.5264	0.2345	0.2386	1.6674	-0.2361	0.1596	1.8351	0.0150	0.9717	1.9357	0.0891	0.1559	1.7890	-0.0665	0.1552	1.8056	0.300	
10.834	0.0096	0.1575	1.8324	0.0487	-0.6093	1.7730	-0.0664	-0.5394	1.5434	0.2298	0.2337	1.6643	-0.2410	0.1557	1.8303	0.0092	0.9698	1.9309	0.0855	0.1553	1.7818	-0.0678	0.1535	1.8037	0.300	
10.900	0.0028	0.1553	1.8228	0.0467	-0.6161	1.7843	-0.0679	-0.5455	1.5531	0.2266	0.2290	1.6687	-0.2520	0.1647	1.8083	0.0007	0.9692	1.9255	0.0789	0.1534	1.7725	-0.0735	0.1508	1.7949	0.300	
10.967	-0.0056	0.1527	1.8137	0.0442	-0.6216	1.7919	-0.0688	-0.5486	1.5690	0.2198	0.2078	1.6769	-0.2600	0.1653	1.7808	-0.0136	0.9687	1.9185	0.0705	0.1505	1.7650	-0.0815	0.1484	1.7840	0.300	
11.034	-0.0176	0.1516	1.8044	0.0424	-0.6176	1.7933	-0.0702	-0.5510	1.5846	0.2156	0.1930	1.6946	-0.2690	0.1771	1.7520	-0.0277	0.9691	1.9139	0.0594	0.1486	1.7583	-0.0937	0.1482	1.7719	0.300	
11.100	-0.0297	0.1515	1.7973	0.0426	-0.6040	1.7762	-0.0714	-0.5539	1.6002	0.2159	0.1846	1.7136	-0.2722	0.1702	1.7172	-0.0392	0.9691	1.9092	0.0486	0.1478	1.7544	-0.1072	0.1489	1.7611	0.300	
11.167	-0.0337	0.1510	1.7952	0.0459	-0.5807	1.7245	-0.0722	-0.5555	1.6183	0.2120	0.1661	1.7303	-0.2748	0.1817	1.6809	-0.0440	0.9696	1.9079	0.0439	0.1477	1.7543	-0.1108	0.1477	1.7565	0.300	
11.234	-0.0343	0.1516	1.7950	0.0395	-0.5696	1.6669	-0.0662	-0.5612	1.6367	0.2081	0.1669	1.7502	-0.2795	0.2001	1.6527	-0.0511	0.9711	1.9064	0.0428	0.1485	1.7560	-0.1111	0.1488	1.7549	0.300	
11.300	-0.0325	0.1517	1.7963	0.0538	-0.5608	1.5981	-0.0665	-0.5699	1.6481	0.2052	0.1677	1.7658	-0.2823	0.2179	1.6334	-0.0539	0.9709	1.9061	0.0461	0.1483	1.7619	-0.1096	0.1490	1.7544	0.300	
11.367	-0.0315	0.1517	1.7985	0.0558	-0.5544	1.5536	-0.0712	-0.5689	1.6678	0.2030	0.1668	1.7781	-0.2793	0.2273	1.6175	-0.0541	0.9711	1.9060	0.0475	0.1479	1.7667	-0.1091	0.1489	1.7547	0.300	
11.434	-0.0265	0.1502	1.8018	0.0577	-0.5570	1.5226	-0.0699	-0.5761	1.6839	0.2020	0.1661	1.7816	-0.2744	0.2318	1.6069	-0.0552	0.9711	1.9060	0.0526	0.1464	1.7721	-0.1043	0.1476	1.7553	0.300	
11.500	-0.0219	0.1490	1.8036	0.0577	-0.5520	1.5135	-0.0693	-0.5822	1.7010	0.2019	0.1661	1.7825	-0.2690	0.2336	1.6045	-0.0540	0.9709	1.9060	0.0567	0.1449	1.7743	-0.0995	0.1467	1.7559	0.300	
11.567	-0.0175	0.1489	1.8029	0.0598	-0.5451	1.5333	-0.0688	-0.5851	1.7150	0.2035	0.1650	1.7794	-0.2588	0.2319	1.6055	-0.0528	0.9713	1.9055	0.0605	0.1450	1.7733	-0.0945	0.1463	1.7550	0.300	
11.634	-0.0143	0.1481	1.7990	0.0602	-0.5459	1.5550	-0.0636	-0.6021	1.7337	0.2093	0.1640	1.7691	-0.2463	0.2255	1.6161	-0.0418	0.9705	1.9060	0.0629	0.1440	1.7697	-0.0907	0.1458	1.7504	0.300	
11.700	-0.0075	0.1480	1.7923	0.0572	-0.5534	1.5731	-0.0593	-0.6072	1.7421	0.2168	0.1629	1.7493	-0.2357	0.2094	1.6318	-0.0263	0.9659	1.9007	0.0688	0.1436	1.7595	-0.0833	0.1458	1.7464	0.300	
11.767	0.0031	0.1504	1.7869	0.0572	-0.5556	1.5877	-0.0569	-0.6075	1.7446	0.2249	0.1686	1.7263	-0.2260	0.1900	1.6492	-0.0083	0.9654	1.8991	0.0784	0.1458	1.7531	-0.0723	0.1483	1.7423	0.300	
11.834	0.0122	0.1536	1.7842	0.0580	-0.5653	1.6037	-0.0559	-0.5981	1.7400	0.2325	0.1833	1.7054	-0.2211	0.1770	1.6821	0.0040	0.9631	1.8963	0.0880	0.1495	1.7469	-0.0635	0.1512	1.7427	0.300	
11.900	0.0179	0.1577	1.7843	0.0591	-0.5671	1.6252	-0.0519	-0.5763	1.7059	0.2367	0.1900	1.6817	-0.2196	0.1791	1.6963	0.0103	0.9621	1.8957	0.0946	0.1545	1.7455	-0.0592	0.1543	1.7445	0.300	
12.000	0.0205	0.1580	1.7853	0.0527	-0.5740	1.6483	-0.0490	-0.5596	1.6223	0.2376	0.2145	1.6574	-0.2218	0.1872	1.7331	0.0292	0.9686	1.9032	0.0980	0.1551	1.7449	-0.0569	0.1541	1.7482	0.300	
12.067	0.0210	0.1578	1.7871	0.0550	-0.5773	1.6679	-0.0674	-0.5508	1.5515	0.2363	0.2265	1.6416	-0.2230	0.1860	1.7596	0.0295	0.9693	1.9048	0.0985	0.1552	1.7450	-0.0571	0.1531	1.7539	0.300	
12.134	0.0193	0.1578	1.7890	0.0547	-0.5783	1.6859	-0.0703	-0.5424	1.5111	0.2363	0.2350	1.6315	-0.2229	0.1634	1.7719	0.0292	0.9693	1.9048	0.0973	0.1555	1.7450	-0.0593	0.1528	1.7577	0.300	
12.200	0.0140	0.1575	1.7928	0.0531	-0.5842	1.7022	-0.0690	-0.5353	1.4987	0.2348	0.2400	1.6272	-0.2247	0.1641	1.7828	0.0281	0.9692	1.9050	0.0914	0.1551	1.7467	-0.0636	0.1526	1.7626	0.300	
12.267	0.0098	0.1557	1.7933	0.0524	-0.5869	1.7180	-0.0676	-0.5333	1.5024	0.2305	0.2347	1.6202	-0.2293	0.1686	1.7912	0.0152	0.9622	1.8946	0.0865	0.1530	1.7465	-0.0671	0.1514	1.7630	0.300	
12.334	0.0062	0.1540	1.7895	0.0452	-0.6026	1.7375	-0.0677	-0.5418	1.5142	0.2297	0.2331	1.6198	-0.2352	0.1518	1.7821	0.0092	0.9585	1.8874	0.0820	0.1514	1.7415	-0.0699	0.1496	1.7595	0.300	
12.400	-0.0002	0.1520	1.7821	0.0426	-0.6088	1.7466	-0.0673	-0.5437	1.5311	0.2279	0.2255	1.6259	-0.2423	0.1442	1.7681	-0.0027	0.9569	1.8819	0.0749	0.1499	1.7326	-0.0752	0.1474	1.7532	0.300	
12.467	-0.0095	0.1494	1.7739	0.0387	-0.6134	1.7564	-0.0683	-0.5477	1.5459	0.2224	0.2093	1.6439	-0.2577	0.1627	1.7388	-0.0238	0.9573	1.8761	0.0652	0.1480	1.7241	-0.0838	0.1442	1.7453	0.300	
12.534	-0.0203	0.1484	1.7660	0.0380	-0.6134	1.7584	-0.0709	-0.5511	1.5634	0.2182	0.1913	1.6601	-0.2648	0.1714	1.7169	-0.0340	0.9587	1.8735	0.0561	0.1473	1.7188	-0.0958	0.1430	1.7347	0.300	
12.600	-0.0263	0.1495	1.7629	0.0403	-0.6003	1.7493	-0.0726	-0.5495	1.5829	0.2156	0.1827	1.6746	-0.2748	0.1865	1.6723	-0.0485	0.9585	1.8699	0.0504	0.1480	1.7178	-0.1023	0.1445	1.7290	0.300	
12.667	-0.0326	0.1508	1.7604	0.0475	-0.5780	1.7057	-0.0740	-0.5557	1.5994	0.2119	0.1811	1.6944	-0.2782	0.1922	1.6536	-0.0555	0.9587	1.8694	0.0442	0.1499	1.7171	-0.1086	0.1451	1.7245	0.300	
12.734	-0.0339	0.1518	1.7604	0.0418	-0.5740	1.6478	-0.0740	-0.5580	1.6170	0.2056	0.1756	1.7109	-0.2814	0.2057	1.6273	-0.0614	0.9608	1.8710	0.0427	0.1509	1.7204	-0.1099	0.1470	1.7223	0.300	
12.800	-0.0331	0.1528	1.7620	0.0603	-0.5620	1.5862	-0.0724	-0.5651	1.6332	0.2022	0.1699	1.7203	-0.2842	0.2217	1.6103	-0.0624	0.9615	1.8713	0.0442	0.1517	1.7269	-0.1092	0.1478	1.7220	0.300	
12.867	-0.0319	0.1518	1.7639	0.0622	-0.5516	1.5381	-0.0747	-0.5663	1.6499	0.2006	0.1672	1.7309	-0.2830	0.2311	1.5959	-0.0629	0.9617	1.8719	0.0463	0.1494	1.7313	-0.1088	0.1476	1.7219	0.300	
12.934	-0.0309	0.1511	1.7663	0.0642	-0.5410	1.5068	-0.0762	-0.5622	1.6694	0.1999	0.1662	1.7351	-0.2805	0.2338	1.5884	-0.0665	0.9623	1.8742	0.0473	0.1477	1.7332	-0.1078	0.1479	1.7235	0.300	
13.000	-0.0299	0.1496	1.7675	0.0641	-0.5318	1.4987	-0.0754	-0.5685	1.6888	0.1998	0.1656	1.7361	-0.2791	0.2342	1.5860	-0.0638	0.9618	1.8732	0.0486	0.1454	1.7353	-0.1072	0.1472	1.7236	0.300	
13.067	-0.0284	0.1491	1.7684	0.0632	-0.5326	1.5043	-0.0693	-0.5995	1.7055	0.2010	0.1649	1.7353	-0.2767	0.2306	1.5871	-0.0590	0.9612	1.8721	0.0498	0.1449	1.7367	-0.1053	0.1467	1.7236	0.307	
13.134	-0.0261	0.1494	1.7691	0.0631	-0.5368	1.5197	-0.0730	-0.5827	1.7225	0.2058	0.1633	1.7278	-0.2699	0.2194	1.5942	-0.0541	0.9611	1.8733	0.0515	0.1450	1.7377	-0.1025	0.1471	1.7235	0.313	
13.200	-0.0235	0.1491	1.7696	0.0609	-0.5405	1.5415	-0.0618	-0.6071	1.7466	0.2145	0.1611	1.7196	-0.2565	0.1997	1.6143	-0.0424	0.9603	1.8723	0.0536	0.1444	1.7384	-0.0993	0.1473	1.7235	0.320	
13.267	-0.0164	0.1507	1.7704	0.0609	-0.5453	1.5585	-0.0603	-0.6058	1.7556	0.2231	0.1628	1.7127	-0.2485	0.1842	1.6291	-0.0198	0.9576	1.8690	0.0595	0.1461	1.7380	-0.0913	0.1487	1.7253	0.327	
13.334	-0.0089	0.1522	1.7714	0.0620	-0.5475	1.5784	-0.0570	-0.6101	1.7638	0.2290	0.1711	1.7071	-0.2421	0.1808	1.6446	-0.0135	0.9567	1.8690	0.0667	0.1475	1.7381	-0.0839	0.1502	1.7269	0.333	
13.400	0.0035	0.1548	1.7728	0.0610	-0.5579	1.5973	-0.0555	-0.6070	1.7663	0.2354	0.1786	1.7013	-0.2372	0.1845	1.6625	-0.0026	0.9568	1.8718	0.0783	0.1506	1.7363	-0.0706	0.1524	1.7316	0.340	
13.467	0.0110	0.1542	1.7739	0.0610	-0.5655	1.6162	-0.0551	-0.6009	1.7564	0.2381	0.1819	1.6954	-0.2339	0.1864	1.6784	0.0050	0.9561	1.8725	0.0878	0.1506	1.7343	-0.0646	0.1511	1.7355	0.347	
13.534	0.0173	0.1576	1.7768	0.0601	-0.5676	1.6362	-0.0422	-0.5725	1.6979	0.2396	0.1836	1.6849	-0.2333	0.1913	1.7013	0.0094	0.9559	1.8728	0.0944	0.1552	1.7351	-0.0593	0.1532	1.7408	0.353	
13.600	0.0199	0.1564	1.7793	0.0534	-0.5749	1.6524	-0.0413	-0.5645	1.6519	0.2399	0.1907	1.6721	-0.2332	0.1941	1.7178	0.0120	0.9553	1.8752	0.0974	0.1546	1.7360	-0.0577	0.1514	1.7454	0.360	
13.667	0.0200	0.1567	1.7810	0.0530	-0.5780	1.6703	-0.0599	-0.5497	1.5692	0.2362	0.1986	1.6601	-0.2339	0.1873	1.7353	0.0128	0.9554	1.8754	0.0978	0.1553	1.7360	-0.0581	0.1509	1.7496	0.367	
13.734	0.0177	0.1565	1.7830	0.0524	-0.5805	1.6886	-0.0646	-0.5422	1.5286	0.2268	0.2105	1.6355	-0.2363	0.1819	1.7528	0.0116	0.9555	1.8756	0.0951	0.1554	1.7360	-0.0603	0.1503	1.7541	0.373	
13.800	0.0107	0.1549	1.7844	0.0515	-0.5842	1.7083	-0.0649	-0.5365	1.5118	0.2256	0.2146	1.6319	-0.2373	0.1550	1.7656	0.0085	0.9545	1.8751	0.0868	0.1537	1.7350	-0.0662	0.1491	1.7566	0.380	
13.867	0.0047	0.1534	1.7828	0.0455	-0.6038	1.7336	-0.0629	-0.5352	1.5169	0.2214	0.2178	1.6257	-0.2402	0.1594	1.7722	0.0032	0.9535	1.8750	0.0798	0.1525	1.7320	-0.0711	0.1476	1.7557	0.387	
13.934	-0.0053	0.1517	1.7765	0.0408	-0.6090	1.7455	-0.0608	-0.5442	1.5311	0.2178	0.2193	1.6210	-0.2436	0.1513	1.7709	-0.0078	0.9532	1.8735	0.0699	0.1509	1.7250	-0.0804	0.1458	1.7500	0.393	
14.000	-0.0166	0.1511	1.7697	0.0356	-0.6161	1.7591	-0.0617	-0.5478	1.5513	0.2131	0.2187	1.6206	-0.2564	0.1659	1.7570	-0.0219	0.9522	1.8703	0.0583	0.1504	1.7183	-0.0908	0.1452	1.7428	0.400	
14.067	-0.0286	0.1511	1.7633	0.0367	-0.6081	1.7561	-0.0628	-0.5567	1.5709	0.2062	0.2077	1.6260	-0.2598	0.1536	1.7342	-0.0335	0.9512	1.8670	0.0474	0.1508	1.7133	-0.1033	0.1446	1.7351	0.407	
14.134	-0.0332	0.1544	1.7601	0.0376	-0.5948	1.7393	-0.0640	-0.5619	1.5948	0.2036	0.1976	1.6378	-0.2639	0.1388	1.6983	-0.0423	0.9521	1.8654	0.0427	0.1542	1.7109	-0.1077	0.1477	1.7309	0.413	
14.200	-0.0362	0.1537	1.7580	0.0335	-0.5737	1.6706	-0.0532	-0.5628	1.6286	0.2030	0.1978	1.6631	-0.2663	0.1595	1.6580	-0.0510	0.9532	1.8653	0.0405	0.1528	1.7118	-0.1125	0.1475	1.7237	0.420	
14.267	-0.0366	0.1540	1.7577	0.0509	-0.5620	1.6126	-0.0517	-0.5709	1.6376	0.2041	0.1812	1.6843	-0.2690	0.1874	1.6335	-0.0550	0.9545	1.8660	0.0404	0.1530	1.7133	-0.1127	0.1486	1.7219	0.427	
14.334	-0.0344	0.1548	1.7592	0.0553	-0.5509	1.5458	-0.0558	-0.5931	1.6613	0.2051	0.1740	1.7010	-0.2689	0.2123	1.6132	-0.0560	0.9553	1.8663	0.0438	0.1532	1.7195	-0.1108	0.1497	1.7216	0.433	
14.400	-0.0299	0.1541	1.7623	0.0536	-0.5453	1.4951	-0.0607	-0.5883	1.6869	0.2062	0.1649	1.7219	-0.2658	0.2234	1.5994	-0.0557	0.9556	1.8663	0.0487	0.1516	1.7257	-0.1069	0.1496	1.7222	0.440	
14.467	-0.0246	0.1510	1.7656	0.0549	-0.5381	1.4646	-0.0552	-0.6110	1.7099	0.2076	0.1641	1.7355	-0.2627	0.2299	1.5882	-0.0537	0.9567	1.8674	0.0539	0.1485	1.7307	-0.1018	0.1468	1.7234	0.447	
14.534	-0.0211	0.1494	1.7655	0.0551	-0.5364	1.4647	-0.0546	-0.6114	1.7318	0.2138	0.1621	1.7402	-0.2564	0.2293	1.5780	-0.0493	0.9570	1.8660	0.0564	0.1472	1.7313	-0.0972	0.1449	1.7221	0.453	
14.600	-0.0162	0.1477	1.7620	0.0544	-0.5424	1.4811	-0.0534	-0.6146	1.7554	0.2151	0.1611	1.7423	-0.2480	0.2254	1.5766	-0.0313	0.9530	1.8545	0.0599	0.1453	1.7288	-0.0913	0.1436	1.7172	0.460	
14.667	-0.0046	0.1476	1.7541	0.0562	-0.5476	1.5124	-0.0539	-0.6122	1.7649	0.2223	0.1636	1.7341	-0.2379	0.2176	1.5862	-0.0145	0.9521	1.8522	0.0711	0.1440	1.7200	-0.0798	0.1446	1.7099	0.467	
14.734	0.0146	0.1478	1.7477	0.0587	-0.5564	1.5381	-0.0528	-0.6098	1.7668	0.2329	0.1648	1.7076	-0.2290	0.2064	1.6004	0.0016	0.9487	1.8517	0.0904	0.1437	1.7118	-0.0617	0.1454	1.7053	0.473	
14.800	0.0219	0.1503	1.7462	0.0587	-0.5670	1.5675	-0.0506	-0.5937	1.7390	0.2397	0.1693	1.6876	-0.2184	0.1929	1.6191	0.0105	0.9494	1.8520	0.0980	0.1462	1.7091	-0.0549	0.1477	1.7049	0.480	
14.867	0.0306	0.1537	1.7475	0.0447	-0.5675	1.6131	-0.0329	-0.5740	1.6681	0.2495	0.1786	1.6653	-0.2059	0.1620	1.6409	0.0155	0.9493	1.8524	0.1073	0.1508	1.7080	-0.0469	0.1501	1.7088	0.487	
14.934	0.0368	0.1592	1.7512	0.0400	-0.5767	1.6226	-0.0309	-0.5604	1.6124	0.2601	0.1981	1.6393	-0.2126	0.1871	1.6808	0.0274	0.9555	1.8604	0.1130	0.1571	1.7100	-0.0402	0.1545	1.7147	0.493	
15.000	0.0367	0.1596	1.7529	0.0396	-0.5899	1.6492	-0.0534	-0.5461	1.5203	0.2662	0.2150	1.6302	-0.2143	0.1831	1.6985	0.0286	0.9561	1.8618	0.1129	0.1578	1.7100	-0.0405	0.1544	1.7197	0.500	
15.067	0.0341	0.1588	1.7554	0.0379	-0.5982	1.6743	-0.0497	-0.5332	1.4697	0.2703	0.2266	1.6224	-0.2165	0.1814	1.7229	0.0303	0.9572	1.8636	0.1110	0.1574	1.7104	-0.0440	0.1529	1.7246	0.500	
15.134	0.0304	0.1566	1.7568	0.0351	-0.6103	1.6970	-0.0450	-0.5387	1.4440	0.2681	0.2294	1.6153	-0.2197	0.1775	1.7334	0.0238	0.9535	1.8602	0.1067	0.1549	1.7100	-0.0473	0.1510	1.7270	0.500	
15.200	0.0252	0.1541	1.7575	0.0348	-0.6183	1.7244	-0.0442	-0.5400	1.4507	0.2609	0.2244	1.6051	-0.2221	0.1508	1.7412	0.0201	0.9511	1.8582	0.1006	0.1524	1.7095	-0.0515	0.1486	1.7282	0.500	
15.267	0.0192	0.1515	1.7531	0.0335	-0.6206	1.7501	-0.0400	-0.5404	1.4713	0.2560	0.2211	1.6047	-0.2241	0.1470	1.7386	0.0141	0.9488	1.8537	0.0941	0.1501	1.7035	-0.0568	0.1460	1.7246	0.500	
15.334	0.0069	0.1514	1.7449	0.0346	-0.6211	1.7654	-0.0436	-0.5495	1.4995	0.2466	0.2158	1.6127	-0.2356	0.1658	1.7298	-0.0010	0.9471	1.8495	0.0818	0.1504	1.6973	-0.0683	0.1455	1.7144	0.500	
15.400	-0.0107	0.1486	1.7347	0.0429	-0.6129	1.7658	-0.0446	-0.5549	1.5288	0.2364	0.1993	1.6237	-0.2459	0.1733	1.7052	-0.0121	0.9476	1.8443	0.0647	0.1481	1.6889	-0.0855	0.1425	1.7023	0.500	
15.500	-0.0212	0.1496	1.7305	0.0717	-0.5740	1.6907	-0.0472	-0.5497	1.5774	0.2294	0.1839	1.6405	-0.2531	0.1587	1.6442	-0.0329	0.9516	1.8474	0.0551	0.1481	1.6870	-0.0970	0.1444	1.6954	0.500	
15.567	-0.0246	0.1499	1.7303	0.0678	-0.5643	1.6217	-0.0380	-0.5623	1.6041	0.2235	0.1813	1.6561	-0.2579	0.1874	1.6134	-0.0433	0.9567	1.8515	0.0517	0.1480	1.6892	-0.1009	0.1451	1.6927	0.500	
15.634	-0.0260	0.1508	1.7315	0.0803	-0.5493	1.5305	-0.0369	-0.5723	1.6229	0.2180	0.1567	1.6639	-0.2607	0.2095	1.5906	-0.0445	0.9571	1.8514	0.0504	0.1483	1.6925	-0.1021	0.1460	1.6933	0.500	
15.700	-0.0255	0.1497	1.7335	0.0807	-0.5342	1.4588	-0.0399	-0.5943	1.6568	0.2172	0.1552	1.6801	-0.2607	0.2239	1.5709	-0.0446	0.9571	1.8513	0.0519	0.1459	1.6981	-0.1021	0.1460	1.6933	0.500	
15.767	-0.0240	0.1487	1.7357	0.0785	-0.5163	1.4275	-0.0396	-0.6063	1.6852	0.2187	0.1592	1.6962	-0.2571	0.2345	1.5586	-0.0440	0.9563	1.8497	0.0534	0.1451	1.7003	-0.1006	0.1449	1.6947	0.500	
15.834	-0.0215	0.1463	1.7368	0.0732	-0.5203	1.4181	-0.0350	-0.6149	1.7170	0.2211	0.1679	1.7083	-0.2530	0.2339	1.5509	-0.0440	0.9551	1.8483	0.0559	0.1433	1.7023	-0.0979	0.1419	1.6943	0.500	
15.900	-0.0192	0.1450	1.7357	0.0641	-0.5299	1.4306	-0.0312	-0.6190	1.7423	0.2232	0.1668	1.7086	-0.2476	0.2331	1.5518	-0.0277	0.9489	1.8360	0.0577	0.1427	1.7012	-0.0951	0.1401	1.6929	0.500	
15.967	-0.0134	0.1438	1.7293	0.0611	-0.5382	1.4524	-0.0339	-0.6156	1.7554	0.2295	0.1649	1.6986	-0.2327	0.2150	1.5598	-0.0230	0.9469	1.8332	0.0633	0.1410	1.6944	-0.0892	0.1399	1.6863	0.500	
16.034	0.0073	0.1492	1.7187	0.0623	-0.5470	1.4824	-0.0376	-0.6127	1.7569	0.2380	0.1712	1.6820	-0.2269	0.2055	1.5792	-0.0078	0.9459	1.8295	0.0833	0.1459	1.6820	-0.0690	0.1456	1.6772	0.500	
16.100	0.0181	0.1558	1.7137	0.0634	-0.5571	1.5137	-0.0586	-0.5866	1.7030	0.2377	0.1479	1.6346	-0.2251	0.1892	1.6003	0.0011	0.9455	1.8287	0.0936	0.1547	1.6738	-0.0579	0.1501	1.6750	0.500	
16.167	0.0229	0.1595	1.7116	0.0586	-0.5592	1.5445	-0.0675	-0.5533	1.6279	0.2481	0.1683	1.6174	-0.2237	0.1828	1.6241	0.0062	0.9459	1.8277	0.0982	0.1590	1.6700	-0.0531	0.1531	1.6746	0.500	
16.234	0.0237	0.1605	1.7113	0.0496	-0.5621	1.5725	-0.0588	-0.5399	1.5428	0.2541	0.1938	1.5944	-0.2246	0.1816	1.6534	0.0084	0.9472	1.8267	0.0989	0.1599	1.6691	-0.0524	0.1542	1.6750	0.500	
16.300	0.0235	0.1605	1.7116	0.0452	-0.5784	1.6066	-0.0685	-0.5304	1.4630	0.2570	0.2233	1.5805	-0.2261	0.1773	1.6832	0.0087	0.9487	1.8258	0.0988	0.1599	1.6686	-0.0528	0.1542	1.6773	0.500	
16.367	0.0212	0.1602	1.7113	0.0435	-0.5881	1.6338	-0.0693	-0.5187	1.4080	0.2558	0.2367	1.5609	-0.2286	0.1736	1.6974	0.0085	0.9467	1.8251	0.0950	0.1592	1.6658	-0.0546	0.1540	1.6786	0.500	
16.434	0.0161	0.1580	1.7088	0.0401	-0.5936	1.6568	-0.0675	-0.5229	1.3913	0.2528	0.2496	1.5501	-0.2315	0.1717	1.7037	0.0083	0.9462	1.8229	0.0893	0.1566	1.6590	-0.0589	0.1522	1.6793	0.500	
16.500	0.0116	0.1546	1.7038	0.0354	-0.6089	1.6864	-0.0620	-0.5333	1.3949	0.2492	0.2527	1.5476	-0.2346	0.1660	1.7041	0.0041	0.9426	1.8151	0.0850	0.1534	1.6527	-0.0628	0.1489	1.6760	0.500	
16.567	0.0042	0.1517	1.6957	0.0306	-0.6201	1.7095	-0.0583	-0.5416	1.4180	0.2342	0.2374	1.5352	-0.2425	0.1632	1.6882	-0.0020	0.9420	1.8100	0.0783	0.1516	1.6460	-0.0702	0.1449	1.6669	0.500	
16.634	-0.0094	0.1525	1.6868	0.0402	-0.5962	1.7093	-0.0621	-0.5502	1.4433	0.2247	0.2224	1.5439	-0.2508	0.1681	1.6576	-0.0123	0.9442	1.8042	0.0648	0.1514	1.6387	-0.0831	0.1465	1.6567	0.500	
16.700	-0.0202	0.1525	1.6823	0.0454	-0.5894	1.6924	-0.0632	-0.5526	1.4774	0.2190	0.2046	1.5564	-0.2526	0.1712	1.6230	-0.0343	0.9458	1.8089	0.0552	0.1518	1.6364	-0.0947	0.1461	1.6499	0.500	
16.767	-0.0256	0.1551	1.6822	0.0571	-0.5675	1.6345	-0.0651	-0.5514	1.5109	0.2180	0.1944	1.5722	-0.2578	0.1813	1.5886	-0.0374	0.9458	1.8078	0.0498	0.1543	1.6377	-0.1001	0.1490	1.6485	0.500	
16.834	-0.0259	0.1566	1.6839	0.0641	-0.5518	1.5494	-0.0613	-0.5472	1.5385	0.2172	0.1913	1.6042	-0.2581	0.2009	1.5596	-0.0395	0.9469	1.8067	0.0497	0.1559	1.6424	-0.1010	0.1506	1.6481	0.500	
16.900	-0.0222	0.1578	1.6893	0.0708	-0.5460	1.4693	-0.0640	-0.5549	1.5698	0.2186	0.1755	1.6359	-0.2561	0.2214	1.5352	-0.0398	0.9478	1.8061	0.0546	0.1565	1.6501	-0.0982	0.1519	1.6513	0.500	
16.967	-0.0185	0.1565	1.6924	0.0737	-0.5328	1.4188	-0.0641	-0.5599	1.5979	0.2227	0.1655	1.6549	-0.2524	0.2340	1.5171	-0.0405	0.9493	1.8058	0.0591	0.1537	1.6570	-0.0952	0.1516	1.6518	0.500	
17.034	-0.0117	0.1522	1.6942	0.0779	-0.5213	1.4075	-0.0632	-0.5735	1.6297	0.2270	0.1704	1.6773	-0.2453	0.2373	1.5021	-0.0325	0.9482	1.8022	0.0653	0.1486	1.6594	-0.0881	0.1485	1.6519	0.500	
17.100	-0.0059	0.1499	1.6927	0.0759	-0.5258	1.4125	-0.0595	-0.5823	1.6513	0.2316	0.1657	1.6861	-0.2385	0.2372	1.4983	-0.0143	0.9458	1.7983	0.0702	0.1464	1.6589	-0.0815	0.1463	1.6488	0.500	
17.167	0.0022	0.1483	1.6887	0.0724	-0.5354	1.4345	-0.0530	-0.5939	1.6667	0.2354	0.1616	1.6845	-0.2289	0.2342	1.5007	-0.0016	0.9467	1.7944	0.0774	0.1443	1.6552	-0.0730	0.1454	1.6443	0.500	
17.234	0.0143	0.1498	1.6841	0.0717	-0.5466	1.4621	-0.0491	-0.5983	1.6750	0.2422	0.1636	1.6711	-0.2160	0.2260	1.5139	0.0105	0.9506	1.7946	0.0885	0.1450	1.6513	-0.0606	0.1476	1.6388	0.500	
17.300	0.0383	0.1573	1.6847	0.0685	-0.5611	1.5002	-0.0471	-0.5946	1.6711	0.2456	0.1315	1.6186	-0.2055	0.2131	1.5318	0.0212	0.9531	1.7969	0.1123	0.1539	1.6494	-0.0371	0.1534	1.6420	0.500	
17.367	0.0460	0.1606	1.6862	0.0676	-0.5594	1.5301	-0.0296	-0.5516	1.6051	0.2549	0.1692	1.6015	-0.1980	0.1949	1.5560	0.0310	0.9550	1.8016	0.1192	0.1574	1.6493	-0.0290	0.1565	1.6453	0.500	
17.434	0.0482	0.1620	1.6880	0.0602	-0.5639	1.5592	-0.0336	-0.5420	1.5583	0.2641	0.1900	1.5852	-0.2013	0.1924	1.5812	0.0321	0.9553	1.8028	0.1215	0.1582	1.6502	-0.0271	0.1584	1.6489	0.500	
17.500	0.0459	0.1629	1.6929	0.0622	-0.5682	1.5894	-0.0530	-0.5399	1.4827	0.2693	0.2256	1.5760	-0.2040	0.1769	1.6171	0.0328	0.9552	1.8087	0.1201	0.1593	1.6524	-0.0304	0.1588	1.6567	0.500	
17.567	0.0345	0.1614	1.7002	0.0617	-0.5687	1.6173	-0.0576	-0.5257	1.4296	0.2691	0.2345	1.5624	-0.2107	0.1861	1.6472	0.0326	0.9551	1.8127	0.1104	0.1587	1.6562	-0.0429	0.1565	1.6673	0.500	
17.634	0.0216	0.1572	1.7064	0.0601	-0.5748	1.6488	-0.0622	-0.5419	1.4060	0.2685	0.2409	1.5566	-0.2212	0.1793	1.6727	0.0260	0.9550	1.8124	0.0972	0.1546	1.6600	-0.0550	0.1525	1.6752	0.500	
17.700	0.0161	0.1555	1.7089	0.0539	-0.5926	1.6824	-0.0592	-0.5400	1.4172	0.2653	0.2397	1.5539	-0.2287	0.1755	1.6865	0.0143	0.9527	1.8131	0.0915	0.1530	1.6613	-0.0601	0.1508	1.6787	0.500	
17.767	0.0107	0.1531	1.7077	0.0502	-0.6043	1.7004	-0.0622	-0.5441	1.4414	0.2547	0.2358	1.5589	-0.2356	0.1697	1.6899	0.0024	0.9495	1.8138	0.0850	0.1506	1.6601	-0.0642	0.1486	1.6774	0.500	
17.834	-0.0024	0.1538	1.7068	0.0499	-0.6062	1.7125	-0.0627	-0.5504	1.4718	0.2351	0.2181	1.5832	-0.2439	0.1680	1.6893	-0.0200	0.9451	1.8145	0.0713	0.1524	1.6589	-0.0761	0.1483	1.6767	0.500	
17.900	-0.0154	0.1570	1.7082	0.0522	-0.5990	1.7131	-0.0648	-0.5545	1.5039	0.2289	0.2007	1.5958	-0.2529	0.1562	1.6656	-0.0399	0.9462	1.8198	0.0590	0.1563	1.6615	-0.0894	0.1506	1.6768	0.500	
17.967	-0.0195	0.1574	1.7107	0.0612	-0.5760	1.6764	-0.0660	-0.5481	1.5391	0.2236	0.1918	1.6182	-0.2574	0.1567	1.6403	-0.0497	0.9464	1.8223	0.0552	0.1574	1.6662	-0.0940	0.1499	1.6774	0.500	
18.034	-0.0235	0.1593	1.7164	0.0692	-0.5639	1.6128	-0.0683	-0.5476	1.5675	0.2197	0.1887	1.6494	-0.2659	0.1872	1.6146	-0.0566	0.9475	1.8236	0.0518	0.1598	1.6733	-0.0980	0.1514	1.6817	0.500	
18.100	-0.0229	0.1595	1.7234	0.0764	-0.5537	1.5350	-0.0671	-0.5562	1.5956	0.2168	0.1684	1.6768	-0.2666	0.2015	1.6019	-0.0597	0.9472	1.8257	0.0536	0.1599	1.6837	-0.0981	0.1518	1.6857	0.500	
18.167	-0.0202	0.1603	1.7307	0.0757	-0.5330	1.4666	-0.0680	-0.5587	1.6233	0.2184	0.1670	1.6974	-0.2693	0.2180	1.5907	-0.0596	0.9472	1.8260	0.0562	0.1600	1.6910	-0.0957	0.1532	1.6927	0.500	
18.234	-0.0175	0.1545	1.7368	0.0725	-0.5280	1.4260	-0.0670	-0.5679	1.6498	0.2203	0.1689	1.7189	-0.2681	0.2269	1.5799	-0.0587	0.9477	1.8275	0.0596	0.1523	1.6981	-0.0937	0.1494	1.6977	0.500	
18.300	-0.0157	0.1495	1.7400	0.0691	-0.5256	1.4245	-0.0614	-0.5956	1.6845	0.2211	0.1659	1.7244	-0.2664	0.2292	1.5757	-0.0575	0.9475	1.8292	0.0615	0.1452	1.7042	-0.0919	0.1460	1.6996	0.500	
18.367	-0.0154	0.1491	1.7404	0.0589	-0.5336	1.4456	-0.0599	-0.6082	1.7055	0.2224	0.1649	1.7248	-0.2632	0.2255	1.5722	-0.0512	0.9479	1.8331	0.0616	0.1453	1.7044	-0.0913	0.1450	1.6998	0.500	
18.434	-0.0147	0.1479	1.7391	0.0573	-0.5411	1.4727	-0.0570	-0.6064	1.7294	0.2255	0.1645	1.7188	-0.2530	0.2179	1.5751	-0.0331	0.9453	1.8280	0.0618	0.1446	1.7041	-0.0901	0.1435	1.6962	0.500	
18.500	-0.0021	0.1515	1.7356	0.0547	-0.5500	1.5081	-0.0566	-0.6056	1.7375	0.2290	0.1631	1.6988	-0.2384	0.2029	1.5928	-0.0180	0.9461	1.8308	0.0716	0.1476	1.7005	-0.0753	0.1482	1.6928	0.500	
18.567	0.0112	0.1567	1.7341	0.0562	-0.5589	1.5344	-0.0582	-0.6015	1.7380	0.2332	0.1716	1.6697	-0.2309	0.1950	1.6125	-0.0019	0.9460	1.8333	0.0844	0.1532	1.6975	-0.0622	0.1531	1.6926	0.500	
18.634	0.0185	0.1606	1.7346	0.0554	-0.5681	1.5733	-0.0682	-0.5738	1.6958	0.2363	0.1794	1.6589	-0.2250	0.1896	1.6328	0.0073	0.9466	1.8363	0.0921	0.1580	1.6961	-0.0554	0.1562	1.6949	0.500	
18.700	0.0229	0.1641	1.7368	0.0560	-0.5633	1.6013	-0.0602	-0.5592	1.6251	0.2417	0.1956	1.6364	-0.2183	0.1902	1.6615	0.0154	0.9531	1.8472	0.0966	0.1615	1.6966	-0.0514	0.1596	1.6997	0.500	
18.767	0.0248	0.1645	1.7406	0.0496	-0.5713	1.6292	-0.0756	-0.5410	1.5389	0.2457	0.2095	1.6234	-0.2147	0.1749	1.6872	0.0214	0.9559	1.8513	0.0988	0.1623	1.6981	-0.0504	0.1592	1.7066	0.500	
18.834	0.0228	0.1631	1.7457	0.0455	-0.5847	1.6615	-0.0736	-0.5286	1.4747	0.2483	0.2216	1.6179	-0.2176	0.1707	1.7122	0.0241	0.9562	1.8530	0.0980	0.1618	1.6997	-0.0534	0.1570	1.7153	0.500	
18.900	0.0185	0.1601	1.7494	0.0466	-0.5818	1.6887	-0.0721	-0.5275	1.4402	0.2461	0.2230	1.6096	-0.2213	0.1648	1.7286	0.0241	0.9560	1.8532	0.0939	0.1590	1.7014	-0.0576	0.1541	1.7204	0.500	
18.967	0.0166	0.1583	1.7503	0.0388	-0.6072	1.7154	-0.0612	-0.5276	1.4365	0.2471	0.2217	1.6073	-0.2253	0.1561	1.7395	0.0167	0.9501	1.8479	0.0915	0.1568	1.7016	-0.0590	0.1527	1.7216	0.500	
19.034	0.0144	0.1548	1.7478	0.0366	-0.6197	1.7412	-0.0547	-0.5364	1.4480	0.2461	0.2146	1.6046	-0.2318	0.1578	1.7406	0.0092	0.9460	1.8440	0.0889	0.1531	1.6985	-0.0608	0.1494	1.7193	0.500	
19.100	0.0061	0.1524	1.7398	0.0360	-0.6254	1.7681	-0.0553	-0.5448	1.4751	0.2427	0.2043	1.6122	-0.2381	0.1553	1.7303	-0.0050	0.9448	1.8390	0.0801	0.1507	1.6903	-0.0682	0.1472	1.7113	0.500	
19.167	-0.0072	0.1510	1.7305	0.0439	-0.6145	1.7730	-0.0566	-0.5525	1.5019	0.2386	0.1958	1.6226	-0.2485	0.1529	1.7034	-0.0249	0.9483	1.8342	0.0672	0.1494	1.6819	-0.0813	0.1458	1.7009	0.500	
19.234	-0.0150	0.1510	1.7233	0.0579	-0.5975	1.7540	-0.0585	-0.5493	1.5317	0.2362	0.1886	1.6336	-0.2556	0.1669	1.6764	-0.0451	0.9529	1.8359	0.0612	0.1495	1.6787	-0.0907	0.1456	1.6884	0.500	
19.300	-0.0161	0.1513	1.7217	0.0687	-0.5772	1.6913	-0.0602	-0.5447	1.5655	0.2335	0.1844	1.6504	-0.2563	0.1484	1.6284	-0.0507	0.9539	1.8340	0.0605	0.1499	1.6783	-0.0919	0.1458	1.6854	0.500	
19.400	-0.0166	0.1526	1.7214	0.0788	-0.5553	1.5613	-0.0581	-0.5545	1.6049	0.2271	0.1824	1.6649	-0.2602	0.1949	1.5828	-0.0605	0.9552	1.8324	0.0599	0.1517	1.6796	-0.0924	0.1471	1.6843	0.500	
19.467	-0.0156	0.1530	1.7220	0.0801	-0.5453	1.4759	-0.0581	-0.5621	1.6343	0.2221	0.1693	1.6689	-0.2611	0.2166	1.5569	-0.0627	0.9542	1.8306	0.0619	0.1519	1.6826	-0.0917	0.1477	1.6837	0.500	
19.534	-0.0143	0.1522	1.7226	0.0793	-0.5285	1.4154	-0.0570	-0.5659	1.6608	0.2219	0.1678	1.6756	-0.2572	0.2337	1.5392	-0.0602	0.9526	1.8265	0.0637	0.1501	1.6848	-0.0908	0.1473	1.6834	0.500	
19.600	-0.0134	0.1496	1.7219	0.0785	-0.5185	1.4094	-0.0537	-0.5971	1.6978	0.2227	0.1659	1.6790	-0.2507	0.2369	1.5224	-0.0549	0.9504	1.8241	0.0643	0.1470	1.6844	-0.0900	0.1452	1.6822	0.500	
19.667	-0.0122	0.1439	1.7144	0.0697	-0.5274	1.4159	-0.0533	-0.6013	1.7141	0.2236	0.1641	1.6788	-0.2443	0.2323	1.5111	-0.0431	0.9473	1.8170	0.0649	0.1424	1.6800	-0.0884	0.1388	1.6702	0.500	
19.734	-0.0075	0.1439	1.7069	0.0633	-0.5366	1.4361	-0.0494	-0.6032	1.7327	0.2298	0.1683	1.6726	-0.2372	0.2304	1.5116	-0.0181	0.9484	1.8087	0.0685	0.1413	1.6738	-0.0830	0.1400	1.6614	0.500	
19.800	0.0051	0.1498	1.6984	0.0619	-0.5420	1.4628	-0.0492	-0.6031	1.7344	0.2359	0.1597	1.6423	-0.2270	0.2283	1.5242	-0.0019	0.9512	1.8071	0.0799	0.1464	1.6650	-0.0700	0.1463	1.6537	0.500	
19.867	0.0206	0.1564	1.6944	0.0641	-0.5568	1.4949	-0.0482	-0.5876	1.7066	0.2451	0.1714	1.6333	-0.2190	0.2098	1.5411	0.0052	0.9532	1.8065	0.0947	0.1532	1.6586	-0.0543	0.1524	1.6520	0.500	
19.934	0.0283	0.1581	1.6935	0.0575	-0.5660	1.5260	-0.0514	-0.5607	1.6441	0.2610	0.1823	1.6158	-0.2156	0.2011	1.5667	0.0094	0.9546	1.8061	0.1031	0.1549	1.6560	-0.0469	0.1542	1.6526	0.500	
20.000	0.0304	0.1598	1.6947	0.0488	-0.5684	1.5569	-0.0448	-0.5439	1.5659	0.2685	0.1933	1.5995	-0.2166	0.2029	1.6042	0.0202	0.9542	1.8142	0.1054	0.1568	1.6558	-0.0450	0.1557	1.6559	0.500	
20.067	0.0314	0.1601	1.6965	0.0493	-0.5787	1.5873	-0.0687	-0.5351	1.4813	0.2719	0.2109	1.5875	-0.2206	0.1954	1.6375	0.0215	0.9546	1.8148	0.1066	0.1575	1.6558	-0.0445	0.1552	1.6610	0.500	
20.134	0.0261	0.1591	1.7012	0.0511	-0.5711	1.6250	-0.0670	-0.5267	1.4218	0.2707	0.2186	1.5821	-0.2233	0.1839	1.6664	0.0213	0.9544	1.8156	0.1024	0.1574	1.6569	-0.0510	0.1532	1.6697	0.500	
20.200	0.0197	0.1559	1.7056	0.0451	-0.5900	1.6507	-0.0618	-0.5243	1.3938	0.2684	0.2185	1.5761	-0.2280	0.1771	1.6872	0.0176	0.9542	1.8175	0.0959	0.1542	1.6590	-0.0570	0.1504	1.6754	0.500	
20.267	0.0165	0.1544	1.7074	0.0409	-0.6041	1.6758	-0.0542	-0.5296	1.4005	0.2651	0.2179	1.5753	-0.2309	0.1697	1.6981	0.0100	0.9526	1.8177	0.0921	0.1530	1.6590	-0.0601	0.1483	1.6792	0.500	
20.334	0.0144	0.1519	1.7058	0.0386	-0.6140	1.6991	-0.0503	-0.5363	1.4179	0.2558	0.2130	1.5726	-0.2326	0.1624	1.7013	-0.0061	0.9511	1.8157	0.0892	0.1518	1.6565	-0.0615	0.1443	1.6777	0.500	
20.400	0.0059	0.1532	1.7023	0.0372	-0.6173	1.7247	-0.0596	-0.5520	1.4612	0.2421	0.2068	1.5730	-0.2397	0.1619	1.6917	-0.0335	0.9558	1.8255	0.0788	0.1542	1.6504	-0.0677	0.1449	1.6759	0.500	
20.467	-0.0044	0.1550	1.6982	0.0448	-0.6029	1.7304	-0.0588	-0.5567	1.4803	0.2349	0.2073	1.5790	-0.2404	0.1393	1.6596	-0.0478	0.9547	1.8267	0.0692	0.1566	1.6472	-0.0779	0.1462	1.6710	0.500	
20.534	-0.0101	0.1563	1.6962	0.0580	-0.5904	1.7142	-0.0589	-0.5472	1.5151	0.2266	0.2001	1.5828	-0.2451	0.1684	1.6331	-0.0542	0.9569	1.8239	0.0643	0.1581	1.6462	-0.0841	0.1472	1.6679	0.500	
20.600	-0.0144	0.1580	1.6973	0.0742	-0.5745	1.6571	-0.0592	-0.5449	1.5439	0.2198	0.1965	1.5893	-0.2472	0.1767	1.5973	-0.0607	0.9593	1.8238	0.0606	0.1596	1.6483	-0.0891	0.1492	1.6680	0.500	
20.667	-0.0175	0.1591	1.6995	0.0759	-0.5634	1.5802	-0.0590	-0.5525	1.5731	0.2098	0.1656	1.5940	-0.2509	0.2004	1.5725	-0.0705	0.9576	1.8275	0.0573	0.1609	1.6531	-0.0921	0.1501	1.6687	0.500	
20.734	-0.0181	0.1585	1.7018	0.0711	-0.5487	1.5006	-0.0581	-0.5600	1.6009	0.2113	0.2004	1.6258	-0.2576	0.2205	1.5561	-0.0750	0.9568	1.8306	0.0574	0.1583	1.6630	-0.0928	0.1500	1.6682	0.500	
20.800	-0.0179	0.1563	1.7047	0.0685	-0.5297	1.4360	-0.0593	-0.5625	1.6312	0.2124	0.1921	1.6362	-0.2603	0.2285	1.5417	-0.0716	0.9563	1.8308	0.0584	0.1549	1.6683	-0.0928	0.1493	1.6680	0.500	
20.867	-0.0165	0.1519	1.7063	0.0639	-0.5231	1.4103	-0.0563	-0.5868	1.6632	0.2172	0.1680	1.6477	-0.2593	0.2348	1.5313	-0.0690	0.9548	1.8318	0.0602	0.1478	1.6733	-0.0919	0.1470	1.6658	0.500	
20.934	-0.0147	0.1487	1.7059	0.0628	-0.5251	1.4102	-0.0558	-0.5887	1.6864	0.2243	0.1715	1.6729	-0.2585	0.2356	1.5271	-0.0601	0.9530	1.8320	0.0615	0.1455	1.6739	-0.0897	0.1433	1.6620	0.500	
21.000	-0.0119	0.1461	1.7022	0.0595	-0.5313	1.4246	-0.0513	-0.6062	1.7057	0.2279	0.1722	1.6863	-0.2569	0.2281	1.5249	-0.0505	0.9529	1.8340	0.0636	0.1436	1.6702	-0.0864	0.1407	1.6572	0.500	
21.067	-0.0053	0.1464	1.6976	0.0579	-0.5377	1.4578	-0.0490	-0.6022	1.7157	0.2327	0.1692	1.6884	-0.2504	0.2181	1.5342	-0.0191	0.9593	1.8280	0.0697	0.1446	1.6652	-0.0798	0.1408	1.6525	0.500	
21.134	0.0123	0.1557	1.6947	0.0574	-0.5530	1.4873	-0.0526	-0.5938	1.7124	0.2394	0.1757	1.6856	-0.2387	0.2067	1.5560	-0.0047	0.9583	1.8281	0.0859	0.1534	1.6594	-0.0615	0.1507	1.6522	0.500	
21.200	0.0215	0.1599	1.6943	0.0553	-0.5580	1.5187	-0.0645	-0.5693	1.6577	0.2449	0.1805	1.6641	-0.2314	0.1976	1.5790	0.0063	0.9599	1.8274	0.0951	0.1579	1.6569	-0.0528	0.1546	1.6537	0.500	
21.267	0.0253	0.1614	1.6941	0.0493	-0.5584	1.5515	-0.0494	-0.5513	1.5900	0.2400	0.1696	1.6235	-0.2254	0.1907	1.6039	0.0110	0.9608	1.8266	0.0988	0.1592	1.6553	-0.0489	0.1563	1.6548	0.500	
21.334	0.0251	0.1619	1.6949	0.0424	-0.5609	1.5699	-0.0747	-0.5328	1.4968	0.2452	0.1887	1.6013	-0.2239	0.1925	1.6398	0.0133	0.9619	1.8259	0.0990	0.1592	1.6551	-0.0498	0.1575	1.6586	0.500	
21.400	0.0226	0.1603	1.6972	0.0465	-0.5640	1.6078	-0.0760	-0.5305	1.4267	0.2478	0.2063	1.5801	-0.2235	0.1802	1.6596	0.0141	0.9613	1.8250	0.0973	0.1581	1.6545	-0.0537	0.1552	1.6649	0.500	
21.467	0.0161	0.1571	1.6992	0.0450	-0.5718	1.6345	-0.0747	-0.5130	1.3854	0.2467	0.2259	1.5619	-0.2260	0.1622	1.6776	0.0131	0.9608	1.8238	0.0910	0.1550	1.6535	-0.0599	0.1519	1.6685	0.500	
21.534	0.0114	0.1547	1.6988	0.0397	-0.5887	1.6662	-0.0753	-0.5139	1.3771	0.2442	0.2304	1.5509	-0.2294	0.1590	1.6898	0.0104	0.9576	1.8200	0.0854	0.1529	1.6508	-0.0638	0.1491	1.6696	0.500	
21.600	0.0060	0.1501	1.6920	0.0366	-0.6025	1.6878	-0.0719	-0.5267	1.3827	0.2403	0.2318	1.5400	-0.2400	0.1638	1.6897	0.0020	0.9501	1.8143	0.0803	0.1486	1.6440	-0.0688	0.1446	1.6623	0.500	
21.700	-0.0120	0.1528	1.6782	0.0346	-0.6073	1.7117	-0.0717	-0.5404	1.4226	0.2259	0.2181	1.5360	-0.2535	0.1638	1.6683	-0.0145	0.9538	1.8079	0.0618	0.1517	1.6302	-0.0852	0.1467	1.6480	0.500	
21.767	-0.0267	0.1543	1.6698	0.0406	-0.5985	1.7105	-0.0734	-0.5512	1.4521	0.2200	0.2073	1.5440	-0.2659	0.1802	1.6272	-0.0398	0.9545	1.8140	0.0484	0.1530	1.6247	-0.1006	0.1485	1.6365	0.500	
21.834	-0.0324	0.1573	1.6670	0.0564	-0.5722	1.6639	-0.0746	-0.5448	1.4821	0.2132	0.1973	1.5551	-0.2691	0.1898	1.5954	-0.0458	0.9574	1.8139	0.0429	0.1561	1.6222	-0.1061	0.1512	1.6334	0.500	
21.900	-0.0348	0.1592	1.6667	0.0649	-0.5691	1.5881	-0.0742	-0.5451	1.5113	0.2038	0.1912	1.5794	-0.2666	0.1972	1.5635	-0.0516	0.9578	1.8124	0.0403	0.1583	1.6233	-0.1088	0.1529	1.6320	0.500	
21.967	-0.0362	0.1588	1.6676	0.0679	-0.5468	1.4993	-0.0749	-0.5466	1.5404	0.1964	0.1710	1.6041	-0.2684	0.2116	1.5365	-0.0536	0.9589	1.8115	0.0389	0.1569	1.6291	-0.1111	0.1528	1.6303	0.500	
22.034	-0.0362	0.1583	1.6688	0.0646	-0.5280	1.4141	-0.0747	-0.5551	1.5695	0.1964	0.1693	1.6221	-0.2707	0.2318	1.5128	-0.0543	0.9592	1.8113	0.0400	0.1554	1.6332	-0.1111	0.1527	1.6298	0.500	
22.100	-0.0347	0.1555	1.6703	0.0627	-0.5120	1.3745	-0.0752	-0.5599	1.6028	0.1975	0.1735	1.6409	-0.2696	0.2406	1.4979	-0.0546	0.9591	1.8106	0.0427	0.1513	1.6370	-0.1104	0.1512	1.6290	0.500	
22.200	-0.0313	0.1509	1.6698	0.0580	-0.5114	1.3739	-0.0694	-0.5864	1.6426	0.2048	0.1769	1.6528	-0.2626	0.2364	1.4881	-0.0433	0.9574	1.8050	0.0460	0.1464	1.6373	-0.1070	0.1474	1.6258	0.500	
22.267	-0.0251	0.1495	1.6644	0.0524	-0.5227	1.3896	-0.0661	-0.5908	1.6624	0.2110	0.1717	1.6485	-0.2577	0.2324	1.4896	-0.0295	0.9565	1.7984	0.0510	0.1452	1.6324	-0.0997	0.1462	1.6188	0.500	
22.367	-0.0110	0.1514	1.6518	0.0498	-0.5396	1.4321	-0.0641	-0.5936	1.6742	0.2263	0.1783	1.6176	-0.2438	0.2133	1.5038	-0.0096	0.9637	1.7930	0.0643	0.1465	1.6188	-0.0857	0.1489	1.6069	0.500	
22.434	0.0029	0.1558	1.6456	0.0504	-0.5522	1.4606	-0.0684	-0.5798	1.6620	0.2211	0.1624	1.5704	-0.2368	0.2007	1.5202	-0.0007	0.9658	1.7927	0.0778	0.1514	1.6097	-0.0719	0.1528	1.6033	0.500	
22.500	0.0135	0.1584	1.6431	0.0472	-0.5565	1.4879	-0.0744	-0.5484	1.5896	0.2328	0.1828	1.5568	-0.2307	0.1982	1.5386	0.0056	0.9660	1.7925	0.0892	0.1550	1.6038	-0.0620	0.1546	1.6037	0.500	
22.567	0.0161	0.1598	1.6432	0.0370	-0.5569	1.5178	-0.0585	-0.5358	1.5221	0.2432	0.1971	1.5324	-0.2256	0.1987	1.5664	0.0102	0.9653	1.7913	0.0916	0.1562	1.6026	-0.0592	0.1562	1.6056	0.500	
22.634	0.0160	0.1599	1.6436	0.0376	-0.5712	1.5505	-0.0754	-0.5267	1.4289	0.2515	0.2096	1.5124	-0.2293	0.2036	1.5953	0.0102	0.9647	1.7910	0.0916	0.1565	1.6017	-0.0596	0.1562	1.6083	0.500	
22.734	0.0093	0.1568	1.6459	0.0380	-0.5686	1.5910	-0.0721	-0.5164	1.3435	0.2542	0.2274	1.4916	-0.2339	0.1761	1.6255	0.0082	0.9626	1.7825	0.0848	0.1540	1.6012	-0.0667	0.1521	1.6136	0.500	
22.800	0.0032	0.1533	1.6450	0.0344	-0.5846	1.6210	-0.0738	-0.5151	1.3372	0.2500	0.2325	1.4824	-0.2380	0.1777	1.6342	0.0031	0.9603	1.7733	0.0782	0.1502	1.5988	-0.0722	0.1489	1.6136	0.500	
22.867	-0.0030	0.1496	1.6399	0.0319	-0.5955	1.6465	-0.0702	-0.5295	1.3467	0.2428	0.2287	1.4823	-0.2456	0.1715	1.6346	-0.0045	0.9509	1.7658	0.0716	0.1468	1.5923	-0.0776	0.1452	1.6094	0.500	
22.934	-0.0139	0.1497	1.6278	0.0297	-0.5973	1.6592	-0.0701	-0.5344	1.3705	0.2279	0.2216	1.4831	-0.2636	0.1761	1.6107	-0.0281	0.9518	1.7685	0.0607	0.1472	1.5794	-0.0877	0.1451	1.5981	0.500	
23.000	-0.0251	0.1521	1.6149	0.0345	-0.5908	1.6616	-0.0714	-0.5435	1.3990	0.2159	0.2146	1.4905	-0.2707	0.1827	1.5838	-0.0411	0.9519	1.7662	0.0506	0.1496	1.5686	-0.0996	0.1473	1.5827	0.500	
23.067	-0.0295	0.1537	1.6078	0.0437	-0.5715	1.6339	-0.0701	-0.5458	1.4260	0.2113	0.2072	1.4984	-0.2723	0.1866	1.5431	-0.0644	0.9516	1.7633	0.0474	0.1515	1.5642	-0.1049	0.1481	1.5727	0.500	
23.134	-0.0317	0.1551	1.6043	0.0568	-0.5553	1.5506	-0.0727	-0.5377	1.4555	0.2037	0.2030	1.5091	-0.2677	0.1969	1.4962	-0.0788	0.9529	1.7598	0.0456	0.1529	1.5630	-0.1075	0.1494	1.5663	0.500	
23.200	-0.0333	0.1559	1.6031	0.0638	-0.5306	1.4587	-0.0655	-0.5409	1.4840	0.1960	0.2052	1.5299	-0.2833	0.2236	1.4562	-0.0689	0.9601	1.7415	0.0441	0.1539	1.5631	-0.1094	0.1502	1.5635	0.500	
23.267	-0.0337	0.1564	1.6027	0.0624	-0.5229	1.3716	-0.0698	-0.5466	1.5118	0.1982	0.1680	1.5337	-0.2819	0.2407	1.4226	-0.0646	0.9617	1.7379	0.0436	0.1544	1.5635	-0.1096	0.1510	1.5619	0.500	
23.334	-0.0326	0.1555	1.6021	0.0691	-0.5091	1.3093	-0.0687	-0.5697	1.5400	0.1980	0.1787	1.5488	-0.2756	0.2467	1.3981	-0.0521	0.9607	1.7308	0.0448	0.1530	1.5643	-0.1084	0.1502	1.5602	0.500	
23.400	-0.0284	0.1533	1.5999	0.0677	-0.5062	1.2958	-0.0683	-0.5817	1.5708	0.1997	0.1821	1.5535	-0.2648	0.2539	1.3810	-0.0446	0.9600	1.7259	0.0486	0.1506	1.5637	-0.1039	0.1484	1.5569	0.500	
23.467	-0.0238	0.1508	1.5952	0.0629	-0.5100	1.3032	-0.0685	-0.5819	1.5956	0.2035	0.1823	1.5554	-0.2571	0.2619	1.3752	-0.0449	0.9568	1.7280	0.0527	0.1477	1.5598	-0.0993	0.1465	1.5519	0.500	
23.534	-0.0174	0.1497	1.5864	0.0599	-0.5189	1.3267	-0.0664	-0.5854	1.6141	0.2117	0.1856	1.5528	-0.2416	0.2507	1.3769	-0.0338	0.9512	1.7306	0.0580	0.1453	1.5522	-0.0920	0.1468	1.5423	0.500	
23.600	-0.0087	0.1522	1.5770	0.0544	-0.5303	1.3595	-0.0661	-0.5847	1.6158	0.2187	0.1827	1.5414	-0.2302	0.2272	1.3909	-0.0189	0.9516	1.7314	0.0661	0.1474	1.5426	-0.0832	0.1495	1.5332	0.500	
23.667	0.0050	0.1552	1.5705	0.0504	-0.5600	1.3782	-0.0699	-0.5605	1.5800	0.2259	0.1914	1.5223	-0.2243	0.2160	1.4062	0.0064	0.9513	1.7211	0.0800	0.1504	1.5345	-0.0702	0.1522	1.5282	0.500	
23.734	0.0215	0.1585	1.5694	0.0450	-0.5629	1.4043	-0.0741	-0.5312	1.5075	0.2385	0.1963	1.4993	-0.2198	0.2046	1.4288	0.0095	0.9516	1.7195	0.0965	0.1538	1.5306	-0.0542	0.1555	1.5301	0.500	
23.800	0.0225	0.1598	1.5698	0.0339	-0.5539	1.4330	-0.0598	-0.5275	1.4440	0.2475	0.2051	1.4811	-0.2200	0.2025	1.4651	0.0119	0.9524	1.7181	0.0978	0.1557	1.5294	-0.0532	0.1566	1.5327	0.500	
23.867	0.0202	0.1606	1.5718	0.0360	-0.5520	1.4656	-0.0796	-0.5257	1.3612	0.2546	0.2183	1.4734	-0.2251	0.2010	1.4924	0.0129	0.9530	1.7168	0.0957	0.1563	1.5296	-0.0561	0.1573	1.5376	0.500	
23.934	0.0111	0.1613	1.5790	0.0369	-0.5501	1.4977	-0.0818	-0.5193	1.3145	0.2567	0.2264	1.4645	-0.2330	0.1997	1.5251	0.0118	0.9535	1.7157	0.0870	0.1577	1.5331	-0.0652	0.1570	1.5479	0.500	
24.000	0.0025	0.1596	1.5852	0.0366	-0.5526	1.5231	-0.0815	-0.5203	1.3014	0.2564	0.2313	1.4577	-0.2400	0.1953	1.5499	0.0098	0.9542	1.7107	0.0780	0.1563	1.5371	-0.0730	0.1551	1.5560	0.500	
24.067	-0.0033	0.1568	1.5885	0.0332	-0.5646	1.5519	-0.0809	-0.5260	1.3149	0.2523	0.2321	1.4525	-0.2447	0.1850	1.5669	0.0023	0.9536	1.7028	0.0718	0.1538	1.5395	-0.0781	0.1521	1.5600	0.500	
24.134	-0.0106	0.1528	1.5894	0.0301	-0.5799	1.5759	-0.0786	-0.5401	1.3372	0.2457	0.2303	1.4519	-0.2524	0.1764	1.5802	-0.0170	0.9500	1.6965	0.0636	0.1496	1.5388	-0.0844	0.1484	1.5621	0.500	
24.200	-0.0269	0.1511	1.5905	0.0284	-0.5831	1.5853	-0.0823	-0.5477	1.3696	0.2259	0.2249	1.4594	-0.2580	0.1720	1.5825	-0.0539	0.9480	1.7183	0.0481	0.1480	1.5394	-0.1006	0.1467	1.5636	0.500	
24.267	-0.0420	0.1522	1.5941	0.0313	-0.5722	1.5790	-0.0838	-0.5511	1.4004	0.2109	0.2125	1.4691	-0.2684	0.1750	1.5731	-0.0775	0.9422	1.7307	0.0335	0.1504	1.5436	-0.1155	0.1465	1.5665	0.500	
24.334	-0.0488	0.1543	1.5984	0.0400	-0.5507	1.5275	-0.0825	-0.5517	1.4308	0.2055	0.2072	1.4825	-0.2730	0.1736	1.5477	-0.0834	0.9431	1.7301	0.0266	0.1526	1.5492	-0.1218	0.1485	1.5697	0.500	
24.400	-0.0502	0.1549	1.6030	0.0414	-0.5424	1.4636	-0.0741	-0.5457	1.4596	0.1972	0.1977	1.4989	-0.2752	0.1888	1.5256	-0.0850	0.9485	1.7266	0.0253	0.1541	1.5579	-0.1230	0.1485	1.5713	0.500	
24.467	-0.0469	0.1562	1.6098	0.0490	-0.5286	1.3931	-0.0772	-0.5468	1.4859	0.1953	0.1962	1.5346	-0.2766	0.2087	1.5010	-0.0850	0.9495	1.7257	0.0301	0.1556	1.5674	-0.1214	0.1493	1.5749	0.500	
24.534	-0.0403	0.1548	1.6168	0.0565	-0.5203	1.3369	-0.0797	-0.5559	1.5166	0.1973	0.1945	1.5487	-0.2812	0.2279	1.4803	-0.0775	0.9503	1.7203	0.0387	0.1521	1.5801	-0.1169	0.1494	1.5777	0.500	
24.600	-0.0327	0.1522	1.6218	0.0596	-0.5120	1.3134	-0.0806	-0.5601	1.5449	0.2028	0.1911	1.5627	-0.2783	0.2428	1.4671	-0.0587	0.9496	1.7233	0.0458	0.1486	1.5870	-0.1096	0.1481	1.5798	0.500	
24.667	-0.0277	0.1500	1.6231	0.0598	-0.5148	1.3252	-0.0806	-0.5702	1.5732	0.2101	0.1848	1.5738	-0.2660	0.2376	1.4477	-0.0518	0.9472	1.7278	0.0497	0.1460	1.5890	-0.1037	0.1466	1.5799	0.500	
24.734	-0.0201	0.1474	1.6216	0.0609	-0.5188	1.3516	-0.0769	-0.5817	1.6029	0.2198	0.1812	1.5852	-0.2574	0.2344	1.4425	-0.0328	0.9457	1.7393	0.0560	0.1433	1.5881	-0.0949	0.1442	1.5772	0.500	
24.800	-0.0062	0.1496	1.6202	0.0575	-0.5304	1.3809	-0.0728	-0.5876	1.6155	0.2244	0.1795	1.5871	-0.2460	0.2292	1.4442	-0.0007	0.9441	1.7409	0.0681	0.1453	1.5876	-0.0801	0.1465	1.5747	0.500	
24.867	0.0143	0.1518	1.6197	0.0541	-0.5512	1.4014	-0.0706	-0.5865	1.6192	0.2335	0.1756	1.5829	-0.2330	0.2271	1.4511	0.0052	0.9476	1.7417	0.0883	0.1470	1.5857	-0.0604	0.1494	1.5756	0.500	
24.934	0.0333	0.1572	1.6248	0.0540	-0.5600	1.4329	-0.0664	-0.5753	1.6050	0.2462	0.1778	1.5732	-0.2163	0.2160	1.4679	0.0158	0.9495	1.7502	0.1069	0.1532	1.5903	-0.0419	0.1537	1.5813	0.500	
25.000	0.0438	0.1609	1.6314	0.0527	-0.5530	1.4665	-0.0453	-0.5401	1.5271	0.2609	0.1848	1.5599	-0.2028	0.2094	1.4921	0.0235	0.9511	1.7585	0.1171	0.1579	1.5941	-0.0313	0.1562	1.5911	0.500	
25.067	0.0459	0.1630	1.6397	0.0434	-0.5584	1.4928	-0.0466	-0.5383	1.4912	0.2708	0.1971	1.5556	-0.1961	0.2078	1.5315	0.0251	0.9524	1.7682	0.1195	0.1601	1.5985	-0.0301	0.1579	1.6040	0.500	
25.134	0.0423	0.1644	1.6536	0.0431	-0.5673	1.5263	-0.0663	-0.5355	1.4392	0.2758	0.2112	1.5548	-0.2008	0.2034	1.5697	0.0260	0.9524	1.7754	0.1173	0.1613	1.6075	-0.0348	0.1596	1.6221	0.493	
25.200	0.0323	0.1656	1.6725	0.0431	-0.5707	1.5611	-0.0641	-0.5325	1.4223	0.2808	0.2215	1.5563	-0.2028	0.1561	1.6086	0.0282	0.9511	1.7867	0.1074	0.1619	1.6236	-0.0442	0.1616	1.6437	0.487	
25.267	0.0237	0.1644	1.6895	0.0413	-0.5829	1.5925	-0.0616	-0.5394	1.4216	0.2810	0.2265	1.5642	-0.2116	0.1843	1.6510	0.0256	0.9502	1.8074	0.0990	0.1616	1.6394	-0.0526	0.1596	1.6619	0.480	
25.334	0.0155	0.1645	1.7048	0.0372	-0.5916	1.6218	-0.0529	-0.5579	1.4512	0.2758	0.2289	1.5776	-0.2185	0.1726	1.6771	0.0217	0.9496	1.8147	0.0898	0.1609	1.6546	-0.0596	0.1605	1.6771	0.473	
25.400	-0.0028	0.1790	1.7264	0.0348	-0.5976	1.6490	-0.0493	-0.5620	1.4909	0.2668	0.2191	1.6000	-0.2279	0.1715	1.6971	0.0155	0.9506	1.8303	0.0656	0.1750	1.6794	-0.0720	0.1748	1.6961	0.467	
25.467	-0.0100	0.1776	1.7366	0.0338	-0.6038	1.6767	-0.0546	-0.5588	1.5298	0.2515	0.2042	1.6266	-0.2400	0.1768	1.7146	0.0074	0.9491	1.8445	0.0565	0.1713	1.6931	-0.0765	0.1753	1.7029	0.460	
25.534	-0.0229	0.1771	1.7500	0.0328	-0.6044	1.6911	-0.0605	-0.5601	1.5648	0.2413	0.1928	1.6558	-0.2491	0.1784	1.7198	-0.0047	0.9491	1.8535	0.0441	0.1701	1.7101	-0.0891	0.1759	1.7130	0.453	
25.600	-0.0348	0.1770	1.7629	0.0408	-0.5917	1.6940	-0.0530	-0.5612	1.6121	0.2243	0.1850	1.6852	-0.2573	0.1618	1.7119	-0.0173	0.9515	1.8641	0.0343	0.1693	1.7282	-0.1022	0.1764	1.7217	0.447	
25.667	-0.0409	0.1797	1.7815	0.0499	-0.5799	1.6794	-0.0612	-0.5569	1.6306	0.2123	0.1659	1.7143	-0.2679	0.1691	1.7051	-0.0433	0.9592	1.8855	0.0317	0.1717	1.7483	-0.1115	0.1797	1.7372	0.440	
25.734	-0.0360	0.1757	1.7980	0.0610	-0.5640	1.6373	-0.0613	-0.5656	1.6528	0.2048	0.1649	1.7445	-0.2730	0.1688	1.6885	-0.0569	0.9617	1.8955	0.0383	0.1722	1.7615	-0.1089	0.1700	1.7576	0.433	
25.800	-0.0338	0.1707	1.8115	0.0647	-0.5548	1.5896	-0.0683	-0.5671	1.6841	0.2000	0.1664	1.7778	-0.2761	0.1944	1.6789	-0.0646	0.9647	1.9062	0.0420	0.1687	1.7731	-0.1083	0.1649	1.7723	0.427	
25.867	-0.0313	0.1680	1.8240	0.0662	-0.5602	1.5416	-0.0664	-0.5779	1.7086	0.1988	0.1680	1.7982	-0.2787	0.2145	1.6777	-0.0693	0.9642	1.9128	0.0452	0.1664	1.7874	-0.1065	0.1622	1.7828	0.420	
25.934	-0.0311	0.1652	1.8381	0.0661	-0.5555	1.5099	-0.0674	-0.5846	1.7353	0.1975	0.1677	1.8134	-0.2775	0.2223	1.6776	-0.0775	0.9632	1.9276	0.0443	0.1642	1.8009	-0.1051	0.1591	1.7974	0.413	
26.000	-0.0323	0.1612	1.8505	0.0628	-0.5513	1.4990	-0.0611	-0.6231	1.7601	0.1974	0.1660	1.8228	-0.2763	0.2264	1.6798	-0.0810	0.9608	1.9388	0.0436	0.1603	1.8145	-0.1068	0.1552	1.8086	0.407	
26.067	-0.0315	0.1584	1.8613	0.0584	-0.5495	1.5056	-0.0603	-0.6302	1.7861	0.1981	0.1658	1.8278	-0.2735	0.2265	1.6860	-0.0803	0.9587	1.9448	0.0444	0.1573	1.8259	-0.1061	0.1528	1.8186	0.400	
26.134	-0.0304	0.1560	1.8695	0.0516	-0.5414	1.5578	-0.0596	-0.6325	1.8129	0.1996	0.1649	1.8293	-0.2655	0.2139	1.6971	-0.0786	0.9565	1.9518	0.0454	0.1551	1.8335	-0.1048	0.1502	1.8276	0.393	
26.200	-0.0288	0.1525	1.8754	0.0482	-0.5545	1.5980	-0.0603	-0.6381	1.8400	0.2014	0.1648	1.8303	-0.2569	0.1917	1.7114	-0.0718	0.9535	1.9571	0.0477	0.1505	1.8415	-0.1039	0.1479	1.8317	0.387	
26.267	-0.0251	0.1528	1.8801	0.0513	-0.5578	1.6255	-0.0581	-0.6463	1.8622	0.2071	0.1644	1.8304	-0.2524	0.1705	1.7310	-0.0598	0.9524	1.9639	0.0504	0.1505	1.8445	-0.0994	0.1486	1.8380	0.380	
26.334	-0.0111	0.1545	1.8847	0.0519	-0.5623	1.6516	-0.0562	-0.6440	1.8780	0.2124	0.1647	1.8290	-0.2502	0.1682	1.7608	-0.0468	0.9530	1.9718	0.0635	0.1521	1.8469	-0.0852	0.1504	1.8446	0.373	
26.400	-0.0033	0.1549	1.8872	0.0514	-0.5677	1.6723	-0.0561	-0.6440	1.8831	0.2215	0.1640	1.8236	-0.2458	0.1565	1.7848	-0.0296	0.9528	1.9812	0.0719	0.1519	1.8481	-0.0781	0.1515	1.8486	0.367	
26.467	0.0063	0.1557	1.8916	0.0530	-0.5694	1.6976	-0.0628	-0.6204	1.8666	0.2304	0.1642	1.8195	-0.2445	0.1592	1.8138	-0.0164	0.9507	1.9922	0.0821	0.1534	1.8495	-0.0693	0.1517	1.8560	0.360	
26.534	0.0140	0.1592	1.8992	0.0521	-0.5769	1.7211	-0.0683	-0.5974	1.8200	0.2400	0.1533	1.8112	-0.2398	0.1517	1.8355	-0.0040	0.9482	2.0024	0.0895	0.1574	1.8550	-0.0621	0.1544	1.8658	0.353	
26.600	0.0209	0.1644	1.9084	0.0474	-0.5880	1.7433	-0.0563	-0.5793	1.7593	0.2462	0.1592	1.8131	-0.2362	0.1596	1.8630	0.0037	0.9464	2.0072	0.0960	0.1631	1.8620	-0.0548	0.1589	1.8772	0.347	
26.667	0.0232	0.1643	1.9166	0.0417	-0.5930	1.7545	-0.0578	-0.5783	1.7081	0.2511	0.1651	1.8154	-0.2348	0.1655	1.8817	0.0083	0.9462	2.0122	0.0983	0.1640	1.8671	-0.0530	0.1574	1.8892	0.340	
26.734	0.0204	0.1620	1.9325	0.0455	-0.5992	1.7860	-0.0750	-0.5568	1.6454	0.2526	0.1660	1.8205	-0.2322	0.1622	1.8926	0.0104	0.9477	2.0238	0.0984	0.1626	1.8786	-0.0593	0.1542	1.9096	0.333	
26.834	0.0195	0.1587	1.9499	0.0434	-0.6098	1.8189	-0.0731	-0.5413	1.6017	0.2540	0.1653	1.8417	-0.2312	0.1658	1.9133	0.0128	0.9461	2.0318	0.0983	0.1593	1.8973	-0.0602	0.1517	1.9255	0.323	
26.900	0.0214	0.1549	1.9581	0.0415	-0.6052	1.8425	-0.0724	-0.5367	1.5893	0.2492	0.1578	1.8497	-0.2318	0.1564	1.9161	0.0126	0.9442	2.0348	0.0992	0.1559	1.9075	-0.0575	0.1478	1.9313	0.317	
26.967	0.0184	0.1628	1.9686	0.0411	-0.6057	1.8627	-0.0745	-0.5348	1.5915	0.2424	0.1498	1.8632	-0.2341	0.1541	1.9178	0.0112	0.9425	2.0362	0.0945	0.1614	1.9236	-0.0589	0.1576	1.9369	0.310	
27.034	0.0191	0.1710	1.9747	0.0370	-0.6161	1.8843	-0.0767	-0.5555	1.6209	0.2375	0.1591	1.8753	-0.2392	0.1475	1.9172	0.0074	0.9406	2.0370	0.0946	0.1695	1.9297	-0.0574	0.1656	1.9422	0.303	
27.100	0.0187	0.1715	1.9745	0.0356	-0.6160	1.9041	-0.0802	-0.5643	1.6616	0.2342	0.1426	1.8785	-0.2442	0.1441	1.9131	-0.0001	0.9381	2.0392	0.0931	0.1706	1.9281	-0.0565	0.1658	1.9432	0.297	
27.167	0.0056	0.1479	1.9566	0.0331	-0.6194	1.9158	-0.0829	-0.5683	1.6803	0.2309	0.1424	1.8834	-0.2538	0.1298	1.8938	-0.0110	0.9395	2.0392	0.0821	0.1471	1.9129	-0.0715	0.1428	1.9218	0.300	
27.234	0.0005	0.1480	1.9522	0.0283	-0.6362	1.9312	-0.0876	-0.5670	1.7004	0.2289	0.1435	1.8844	-0.2596	0.1269	1.8758	-0.0319	0.9419	2.0329	0.0756	0.1472	1.9050	-0.0749	0.1430	1.9202	0.300	
27.300	-0.0141	0.1453	1.9428	0.0252	-0.6447	1.9364	-0.0893	-0.5755	1.7119	0.2260	0.1467	1.8839	-0.2640	0.1254	1.8489	-0.0413	0.9447	2.0294	0.0633	0.1433	1.8975	-0.0910	0.1417	1.9094	0.300	
27.367	-0.0241	0.1465	1.9373	0.0266	-0.6360	1.9261	-0.0874	-0.5772	1.7269	0.2224	0.1546	1.8792	-0.2703	0.1614	1.8256	-0.0522	0.9463	2.0266	0.0544	0.1434	1.8945	-0.1018	0.1439	1.9010	0.300	
27.434	-0.0305	0.1459	1.9323	0.0318	-0.6172	1.8815	-0.0895	-0.5788	1.7439	0.2180	0.1651	1.8727	-0.2710	0.1702	1.8017	-0.0597	0.9468	2.0238	0.0475	0.1440	1.8889	-0.1075	0.1423	1.8964	0.300	
27.500	-0.0339	0.1483	1.9309	0.0348	-0.6031	1.8223	-0.0897	-0.5822	1.7598	0.2133	0.1710	1.8698	-0.2696	0.1776	1.7762	-0.0646	0.9482	2.0242	0.0438	0.1467	1.8876	-0.1103	0.1440	1.8954	0.300	
27.567	-0.0335	0.1488	1.9312	0.0370	-0.5840	1.7387	-0.0846	-0.5930	1.7742	0.2068	0.1723	1.8687	-0.2702	0.1982	1.7596	-0.0653	0.9489	2.0241	0.0446	0.1476	1.8886	-0.1101	0.1443	1.8954	0.300	
27.634	-0.0317	0.1492	1.9320	0.0441	-0.5689	1.6680	-0.0896	-0.5931	1.7944	0.2022	0.1695	1.8690	-0.2727	0.2175	1.7522	-0.0657	0.9504	2.0238	0.0479	0.1476	1.8922	-0.1089	0.1449	1.8947	0.300	
27.700	-0.0288	0.1497	1.9322	0.0535	-0.5520	1.6193	-0.0905	-0.5991	1.8116	0.2001	0.1653	1.8716	-0.2726	0.1808	1.7227	-0.0626	0.9513	2.0198	0.0503	0.1478	1.8927	-0.1059	0.1457	1.8942	0.300	
27.767	-0.0262	0.1501	1.9304	0.0544	-0.5507	1.6089	-0.0891	-0.6036	1.8318	0.2010	0.1584	1.8741	-0.2688	0.2209	1.7487	-0.0551	0.9528	2.0143	0.0520	0.1480	1.8912	-0.1026	0.1464	1.8919	0.300	
27.834	-0.0176	0.1527	1.9229	0.0583	-0.5620	1.6174	-0.0877	-0.6097	1.8477	0.2023	0.1612	1.8779	-0.2567	0.1972	1.7487	-0.0380	0.9524	2.0017	0.0584	0.1499	1.8862	-0.0926	0.1495	1.8813	0.300	
27.900	-0.0089	0.1544	1.9096	0.0584	-0.5678	1.6305	-0.0844	-0.6185	1.8594	0.2087	0.1582	1.8765	-0.2480	0.1738	1.7619	-0.0247	0.9523	1.9955	0.0651	0.1502	1.8761	-0.0823	0.1526	1.8648	0.300	
27.967	0.0025	0.1538	1.8987	0.0595	-0.5606	1.6528	-0.0802	-0.6321	1.8686	0.2208	0.1610	1.8638	-0.2399	0.1493	1.7812	-0.0027	0.9533	1.9870	0.0759	0.1487	1.8676	-0.0708	0.1528	1.8512	0.300	
28.034	0.0157	0.1606	1.8900	0.0607	-0.5627	1.6699	-0.0790	-0.6306	1.8686	0.2337	0.1584	1.8419	-0.2367	0.1439	1.7911	0.0151	0.9556	1.9797	0.0889	0.1569	1.8560	-0.0579	0.1579	1.8455	0.300	
28.100	0.0241	0.1651	1.8875	0.0601	-0.5691	1.6840	-0.0760	-0.6113	1.8491	0.2417	0.1411	1.8138	-0.2346	0.1484	1.8017	0.0275	0.9588	1.9754	0.0966	0.1605	1.8537	-0.0489	0.1628	1.8427	0.300	
28.167	0.0323	0.1784	1.8881	0.0580	-0.5762	1.7015	-0.0713	-0.5905	1.8045	0.2474	0.2149	1.8169	-0.2315	0.1695	1.8142	0.0345	0.9604	1.9745	0.1037	0.1758	1.8513	-0.0394	0.1752	1.8467	0.300	
28.234	0.0299	0.1757	1.8853	0.0569	-0.5818	1.7154	-0.0540	-0.5812	1.7358	0.2589	0.1672	1.7758	-0.2286	0.1768	1.8166	0.0370	0.9620	1.9730	0.1035	0.1712	1.8483	-0.0456	0.1732	1.8426	0.300	
28.300	0.0285	0.1752	1.8842	0.0540	-0.5925	1.7312	-0.0561	-0.5736	1.6762	0.2608	0.1768	1.7610	-0.2240	0.1815	1.8172	0.0391	0.9645	1.9724	0.1028	0.1701	1.8472	-0.0475	0.1732	1.8418	0.300	
28.367	0.0275	0.1686	1.8808	0.0527	-0.5990	1.7472	-0.0685	-0.5609	1.6074	0.2630	0.1817	1.7489	-0.2194	0.1867	1.8174	0.0386	0.9651	1.9716	0.1039	0.1630	1.8402	-0.0500	0.1666	1.8417	0.300	
28.434	0.0262	0.1642	1.8782	0.0508	-0.5949	1.7656	-0.0656	-0.5535	1.5435	0.2633	0.1862	1.7348	-0.2180	0.1869	1.8169	0.0370	0.9667	1.9693	0.1030	0.1589	1.8351	-0.0518	0.1623	1.8415	0.300	
28.500	0.0227	0.1609	1.8749	0.0518	-0.5921	1.7829	-0.0720	-0.5314	1.5287	0.2659	0.1868	1.7277	-0.2175	0.1872	1.8175	0.0363	0.9673	1.9672	0.0990	0.1561	1.8293	-0.0546	0.1590	1.8407	0.300	
28.567	0.0181	0.1555	1.8679	0.0486	-0.6008	1.7998	-0.0698	-0.5438	1.5226	0.2660	0.1854	1.7177	-0.2197	0.1767	1.8159	0.0244	0.9630	1.9572	0.0954	0.1522	1.8196	-0.0599	0.1525	1.8367	0.300	
28.634	0.0131	0.1521	1.8583	0.0457	-0.6064	1.8147	-0.0780	-0.5396	1.5519	0.2662	0.1851	1.7122	-0.2251	0.1685	1.8146	0.0108	0.9593	1.9504	0.0901	0.1498	1.8031	-0.0641	0.1486	1.8331	0.300	
28.700	0.0067	0.1499	1.8424	0.0422	-0.6063	1.8288	-0.0789	-0.5494	1.5605	0.2640	0.1872	1.7085	-0.2357	0.1526	1.8067	-0.0024	0.9602	1.9462	0.0834	0.1488	1.7880	-0.0700	0.1451	1.8185	0.300	
28.767	-0.0048	0.1533	1.8297	0.0360	-0.6217	1.8441	-0.0792	-0.5490	1.5740	0.2591	0.1913	1.7070	-0.2457	0.1451	1.7955	-0.0238	0.9652	1.9389	0.0715	0.1520	1.7763	-0.0807	0.1482	1.8048	0.300	
28.834	-0.0144	0.1569	1.8180	0.0374	-0.6214	1.8453	-0.0799	-0.5489	1.5898	0.2498	0.1948	1.7059	-0.2591	0.1415	1.7696	-0.0378	0.9707	1.9384	0.0615	0.1557	1.7658	-0.0896	0.1515	1.7919	0.300	
28.900	-0.0225	0.1575	1.8079	0.0448	-0.6179	1.8378	-0.0807	-0.5584	1.6057	0.2347	0.1963	1.7060	-0.2706	0.1551	1.7388	-0.0509	0.9717	1.9319	0.0542	0.1569	1.7591	-0.0981	0.1514	1.7777	0.300	
28.967	-0.0271	0.1611	1.8030	0.0556	-0.5971	1.7933	-0.0820	-0.5582	1.6225	0.2224	0.1941	1.7096	-0.2803	0.1679	1.7099	-0.0617	0.9730	1.9312	0.0485	0.1614	1.7538	-0.1017	0.1539	1.7727	0.300	
29.034	-0.0279	0.1616	1.8017	0.0640	-0.5849	1.7204	-0.0828	-0.5587	1.6418	0.2098	0.1816	1.7107	-0.2865	0.1859	1.6868	-0.0716	0.9729	1.9326	0.0480	0.1618	1.7544	-0.1030	0.1550	1.7678	0.300	
29.100	-0.0281	0.1617	1.8013	0.0711	-0.5783	1.6391	-0.0823	-0.5628	1.6555	0.2014	0.1742	1.7166	-0.2877	0.2027	1.6646	-0.0771	0.9732	1.9331	0.0480	0.1614	1.7567	-0.1036	0.1552	1.7655	0.300	
29.200	-0.0255	0.1609	1.8048	0.0850	-0.5378	1.5303	-0.0798	-0.5767	1.6815	0.1960	0.1761	1.7432	-0.2823	0.2260	1.6446	-0.0777	0.9734	1.9316	0.0519	0.1586	1.7669	-0.1019	0.1554	1.7661	0.300	
29.234	-0.0247	0.1597	1.8066	0.0884	-0.5307	1.5042	-0.0794	-0.5793	1.6888	0.1975	0.1742	1.7495	-0.2792	0.2300	1.6400	-0.0778	0.9734	1.9312	0.0531	0.1569	1.7704	-0.1015	0.1549	1.7664	0.300	
29.334	-0.0198	0.1565	1.8131	0.0899	-0.5396	1.4633	-0.0785	-0.5880	1.7174	0.2029	0.1672	1.7671	-0.2591	0.2266	1.6311	-0.0723	0.9735	1.9244	0.0582	0.1528	1.7793	-0.0973	0.1532	1.7699	0.300	
29.434	-0.0151	0.1536	1.8139	0.0853	-0.5281	1.4971	-0.0773	-0.5922	1.7455	0.2090	0.1652	1.7747	-0.2318	0.2002	1.6397	-0.0543	0.9711	1.9130	0.0625	0.1510	1.7795	-0.0922	0.1493	1.7708	0.300	
29.500	-0.0091	0.1485	1.8088	0.0863	-0.5319	1.5198	-0.0772	-0.5921	1.7581	0.2179	0.1621	1.7770	-0.2221	0.1806	1.6494	-0.0304	0.9638	1.8986	0.0680	0.1461	1.7746	-0.0857	0.1442	1.7652	0.300	
29.567	0.0008	0.1459	1.8000	0.0865	-0.5356	1.5353	-0.0731	-0.5972	1.7713	0.2311	0.1561	1.7687	-0.2072	0.1315	1.6587	-0.0131	0.9599	1.8903	0.0778	0.1428	1.7632	-0.0761	0.1424	1.7584	0.300	
29.600	0.0053	0.1457	1.7962	0.0890	-0.5370	1.5492	-0.0679	-0.6032	1.7792	0.2393	0.1596	1.7619	-0.2045	0.1293	1.6639	-0.0019	0.9606	1.8867	0.0823	0.1421	1.7587	-0.0719	0.1428	1.7554	0.300	
29.700	0.0213	0.1471	1.7862	0.0892	-0.5467	1.5738	-0.0579	-0.6051	1.7857	0.2551	0.1586	1.7267	-0.1961	0.1610	1.6842	0.0256	0.9611	1.8837	0.0974	0.1417	1.7489	-0.0557	0.1461	1.7451	0.300	
29.767	0.0320	0.1495	1.7831	0.0882	-0.5570	1.5926	-0.0507	-0.5998	1.7782	0.2701	0.1664	1.7036	-0.1951	0.1720	1.6890	0.0406	0.9631	1.8835	0.1091	0.1436	1.7452	-0.0462	0.1489	1.7425	0.300	
29.834	0.0425	0.1505	1.7825	0.0889	-0.5581	1.6090	-0.0413	-0.5843	1.7375	0.2814	0.1801	1.6870	-0.1918	0.1793	1.6890	0.0485	0.9636	1.8830	0.1204	0.1445	1.7436	-0.0371	0.1500	1.7429	0.300	
29.900	0.0525	0.1535	1.7830	0.0852	-0.5677	1.6261	-0.0410	-0.5679	1.6713	0.2831	0.1854	1.6733	-0.1885	0.1929	1.6917	0.0565	0.9654	1.8852	0.1304	0.1484	1.7432	-0.0275	0.1520	1.7445	0.300	
29.967	0.0579	0.1604	1.7870	0.0816	-0.5745	1.6401	-0.0495	-0.5629	1.5956	0.2817	0.1843	1.6611	-0.1866	0.1991	1.6955	0.0620	0.9670	1.8888	0.1351	0.1565	1.7452	-0.0215	0.1576	1.7509	0.300	
30.034	0.0573	0.1603	1.7892	0.0823	-0.5772	1.6564	-0.0521	-0.5455	1.5246	0.2765	0.1904	1.6561	-0.1835	0.2044	1.7074	0.0634	0.9675	1.8905	0.1343	0.1564	1.7462	-0.0218	0.1573	1.7549	0.300	
30.100	0.0556	0.1595	1.7943	0.0821	-0.5798	1.6761	-0.0522	-0.5280	1.4751	0.2724	0.1939	1.6530	-0.1807	0.2076	1.7256	0.0673	0.9699	1.8946	0.1328	0.1563	1.7477	-0.0233	0.1555	1.7648	0.300	
30.167	0.0529	0.1611	1.8040	0.0812	-0.5807	1.6930	-0.0522	-0.5121	1.4440	0.2719	0.1953	1.6535	-0.1808	0.1874	1.7416	0.0667	0.9695	1.8953	0.1300	0.1583	1.7543	-0.0261	0.1565	1.7765	0.300	
30.234	0.0506	0.1589	1.8093	0.0800	-0.5825	1.7132	-0.0561	-0.5063	1.4354	0.2710	0.1937	1.6561	-0.1829	0.1705	1.7594	0.0634	0.9685	1.8957	0.1273	0.1567	1.7584	-0.0279	0.1542	1.7825	0.300	
30.300	0.0475	0.1585	1.8140	0.0779	-0.5854	1.7329	-0.0589	-0.5084	1.4389	0.2689	0.1859	1.6655	-0.1862	0.1643	1.7835	0.0590	0.9670	1.8945	0.1242	0.1564	1.7638	-0.0310	0.1537	1.7864	0.300	
30.367	0.0422	0.1567	1.8141	0.0755	-0.5907	1.7491	-0.0640	-0.5232	1.4743	0.2696	0.1750	1.6787	-0.1942	0.1621	1.7996	0.0504	0.9648	1.8940	0.1178	0.1542	1.7642	-0.0354	0.1523	1.7863	0.300	
30.400	0.0380	0.1560	1.8121	0.0749	-0.5929	1.7556	-0.0665	-0.5325	1.4958	0.2692	0.1735	1.6861	-0.1970	0.1612	1.8031	0.0455	0.9634	1.8929	0.1136	0.1534	1.7625	-0.0394	0.1518	1.7837	0.300	
30.500	0.0189	0.1484	1.7988	0.0707	-0.6029	1.7792	-0.0723	-0.5392	1.5253	0.2641	0.1711	1.6993	-0.2098	0.1588	1.7987	0.0144	0.9530	1.8784	0.0941	0.1460	1.7487	-0.0572	0.1444	1.7706	0.300	
30.567	0.0076	0.1490	1.7907	0.0679	-0.6141	1.7920	-0.0765	-0.5403	1.5458	0.2601	0.1716	1.7085	-0.2310	0.1422	1.7697	-0.0055	0.9536	1.8730	0.0838	0.1465	1.7438	-0.0691	0.1452	1.7587	0.300	
30.634	-0.0038	0.1487	1.7828	0.0704	-0.6105	1.7924	-0.0767	-0.5483	1.5602	0.2493	0.1756	1.7142	-0.2472	0.1346	1.7206	-0.0279	0.9547	1.8687	0.0731	0.1473	1.7380	-0.0805	0.1436	1.7491	0.300	
30.700	-0.0107	0.1493	1.7782	0.0749	-0.6049	1.7829	-0.0788	-0.5522	1.5769	0.2352	0.1794	1.7144	-0.2573	0.1400	1.6685	-0.0493	0.9544	1.8620	0.0674	0.1477	1.7357	-0.0886	0.1444	1.7418	0.300	
30.767	-0.0145	0.1510	1.7772	0.0834	-0.5841	1.7230	-0.0794	-0.5560	1.5954	0.2230	0.1860	1.7174	-0.2716	0.1856	1.6384	-0.0625	0.9543	1.8615	0.0635	0.1493	1.7367	-0.0927	0.1466	1.7384	0.300	
30.834	-0.0163	0.1524	1.7774	0.0868	-0.5679	1.6461	-0.0790	-0.5589	1.6110	0.2107	0.1903	1.7180	-0.2784	0.2096	1.6051	-0.0717	0.9556	1.8638	0.0603	0.1510	1.7403	-0.0940	0.1482	1.7363	0.300	
30.900	-0.0181	0.1539	1.7796	0.0902	-0.5553	1.5554	-0.0788	-0.5619	1.6278	0.2017	0.1813	1.7166	-0.2811	0.2276	1.5796	-0.0743	0.9569	1.8640	0.0588	0.1518	1.7448	-0.0952	0.1494	1.7375	0.300	
30.934	-0.0183	0.1536	1.7806	0.0929	-0.5382	1.5241	-0.0791	-0.5645	1.6358	0.1990	0.1798	1.7181	-0.2791	0.2315	1.5738	-0.0762	0.9574	1.8651	0.0588	0.1507	1.7481	-0.0953	0.1494	1.7375	0.300	
31.034	-0.0181	0.1502	1.7843	0.0946	-0.5238	1.4415	-0.0781	-0.5758	1.6602	0.1936	0.1768	1.7357	-0.2737	0.2397	1.5509	-0.0784	0.9568	1.8648	0.0597	0.1446	1.7545	-0.0953	0.1486	1.7380	0.300	
31.100	-0.0178	0.1497	1.7865	0.0931	-0.5298	1.4292	-0.0793	-0.5779	1.6767	0.1957	0.1687	1.7479	-0.2693	0.2384	1.5499	-0.0780	0.9566	1.8644	0.0598	0.1447	1.7553	-0.0949	0.1475	1.7412	0.300	
31.200	-0.0174	0.1489	1.7860	0.0835	-0.5339	1.4618	-0.0788	-0.5830	1.7046	0.2034	0.1645	1.7655	-0.2534	0.2268	1.5687	-0.0656	0.9557	1.8592	0.0603	0.1443	1.7555	-0.0942	0.1464	1.7390	0.300	
31.267	-0.0142	0.1445	1.7780	0.0830	-0.5306	1.4966	-0.0787	-0.5829	1.7174	0.2107	0.1648	1.7740	-0.2352	0.1922	1.5890	-0.0482	0.9536	1.8551	0.0626	0.1411	1.7471	-0.0903	0.1413	1.7307	0.300	
31.300	-0.0110	0.1436	1.7720	0.0822	-0.5321	1.5046	-0.0774	-0.5841	1.7227	0.2154	0.1617	1.7762	-0.2317	0.1802	1.5948	-0.0396	0.9524	1.8533	0.0651	0.1398	1.7386	-0.0868	0.1409	1.7266	0.300	
31.400	0.0060	0.1451	1.7564	0.0839	-0.5390	1.5299	-0.0706	-0.5917	1.7330	0.2370	0.1596	1.7611	-0.2273	0.1717	1.6318	-0.0019	0.9483	1.8455	0.0807	0.1407	1.7249	-0.0690	0.1430	1.7098	0.300	
31.467	0.0160	0.1472	1.7508	0.0807	-0.5488	1.5468	-0.0693	-0.5901	1.7311	0.2471	0.1641	1.7261	-0.2236	0.1699	1.6582	0.0209	0.9502	1.8470	0.0923	0.1432	1.7166	-0.0608	0.1446	1.7063	0.300	
31.567	0.0262	0.1539	1.7447	0.0782	-0.5547	1.5717	-0.0620	-0.5590	1.6644	0.2476	0.1545	1.6659	-0.2241	0.1729	1.6793	0.0372	0.9522	1.8484	0.1022	0.1509	1.7070	-0.0507	0.1504	1.7036	0.300	
31.634	0.0279	0.1583	1.7442	0.0761	-0.5605	1.5875	-0.0659	-0.5480	1.5953	0.2546	0.1848	1.6448	-0.2267	0.1859	1.6953	0.0428	0.9541	1.8498	0.1039	0.1558	1.7043	-0.0489	0.1544	1.7052	0.300	
31.700	0.0296	0.1598	1.7447	0.0719	-0.5678	1.6051	-0.0699	-0.5464	1.5210	0.2546	0.2097	1.6241	-0.2301	0.1942	1.7047	0.0437	0.9545	1.8499	0.1062	0.1579	1.7034	-0.0474	0.1555	1.7077	0.300	
31.767	0.0297	0.1607	1.7458	0.0725	-0.5703	1.6227	-0.0758	-0.5443	1.4615	0.2549	0.2261	1.6137	-0.2341	0.2007	1.7162	0.0437	0.9545	1.8498	0.1062	0.1589	1.7039	-0.0473	0.1560	1.7099	0.300	
31.834	0.0294	0.1607	1.7467	0.0724	-0.5748	1.6406	-0.0753	-0.5244	1.4354	0.2530	0.2347	1.6049	-0.2366	0.1993	1.7201	0.0406	0.9536	1.8476	0.1060	0.1590	1.7041	-0.0481	0.1552	1.7122	0.300	
31.900	0.0255	0.1598	1.7470	0.0708	-0.5769	1.6580	-0.0717	-0.5241	1.4327	0.2493	0.2352	1.5981	-0.2403	0.1935	1.7265	0.0335	0.9531	1.8467	0.1010	0.1582	1.7024	-0.0515	0.1543	1.7140	0.300	
31.967	0.0185	0.1583	1.7422	0.0685	-0.5781	1.6729	-0.0712	-0.5261	1.4495	0.2403	0.2299	1.5951	-0.2435	0.1861	1.7282	0.0166	0.9467	1.8367	0.0927	0.1566	1.6960	-0.0567	0.1529	1.7103	0.300	
32.034	0.0080	0.1564	1.7318	0.0638	-0.5946	1.6885	-0.0723	-0.5388	1.4615	0.2331	0.2144	1.5956	-0.2475	0.1656	1.7223	0.0039	0.9433	1.8309	0.0805	0.1555	1.6820	-0.0650	0.1504	1.7031	0.300	
32.100	-0.0058	0.1533	1.7231	0.0590	-0.6030	1.6953	-0.0749	-0.5456	1.4803	0.2279	0.1954	1.6008	-0.2527	0.1643	1.7168	-0.0213	0.9406	1.8226	0.0674	0.1520	1.6730	-0.0788	0.1477	1.6946	0.300	
32.167	-0.0203	0.1496	1.7157	0.0562	-0.6063	1.6987	-0.0739	-0.5499	1.4958	0.2217	0.1851	1.6101	-0.2615	0.1565	1.6895	-0.0445	0.9441	1.8214	0.0543	0.1486	1.6666	-0.0939	0.1438	1.6865	0.300	
32.267	-0.0334	0.1504	1.7107	0.0531	-0.5732	1.6662	-0.0746	-0.5538	1.5212	0.2166	0.1814	1.6236	-0.2704	0.1674	1.6450	-0.0659	0.9444	1.8130	0.0427	0.1503	1.6621	-0.1080	0.1437	1.6810	0.300	
32.334	-0.0340	0.1510	1.7103	0.0507	-0.5584	1.6283	-0.0762	-0.5493	1.5400	0.2086	0.1756	1.6276	-0.2702	0.1826	1.6082	-0.0720	0.9442	1.8103	0.0424	0.1506	1.6623	-0.1091	0.1448	1.6792	0.300	
32.400	-0.0343	0.1517	1.7102	0.0447	-0.5534	1.5760	-0.0718	-0.5511	1.5588	0.2072	0.1827	1.6332	-0.2651	0.1919	1.5782	-0.0773	0.9452	1.8085	0.0422	0.1520	1.6639	-0.1099	0.1456	1.6777	0.300	
32.467	-0.0333	0.1530	1.7103	0.0527	-0.5441	1.5237	-0.0669	-0.5565	1.5707	0.2037	0.1729	1.6306	-0.2629	0.2117	1.5537	-0.0786	0.9456	1.8077	0.0443	0.1538	1.6666	-0.1090	0.1468	1.6761	0.300	
32.534	-0.0305	0.1533	1.7105	0.0607	-0.5321	1.4703	-0.0734	-0.5593	1.5914	0.2024	0.1898	1.6406	-0.2585	0.2240	1.5329	-0.0787	0.9458	1.8073	0.0481	0.1540	1.6698	-0.1062	0.1468	1.6738	0.300	
32.600	-0.0271	0.1525	1.7106	0.0673	-0.5292	1.4405	-0.0741	-0.5617	1.6091	0.2028	0.1902	1.6422	-0.2568	0.2351	1.5196	-0.0780	0.9462	1.8066	0.0516	0.1516	1.6709	-0.1033	0.1470	1.6728	0.300	
32.667	-0.0204	0.1506	1.7093	0.0706	-0.5294	1.4318	-0.0747	-0.5637	1.6241	0.2059	0.1687	1.6395	-0.2486	0.2359	1.5103	-0.0567	0.9446	1.7983	0.0570	0.1487	1.6715	-0.0959	0.1459	1.6689	0.300	
32.734	-0.0150	0.1478	1.7039	0.0701	-0.5345	1.4385	-0.0708	-0.5751	1.6423	0.2114	0.1695	1.6414	-0.2389	0.2330	1.5073	-0.0464	0.9443	1.7962	0.0609	0.1456	1.6688	-0.0895	0.1438	1.6602	0.300	
32.800	-0.0023	0.1470	1.6963	0.0686	-0.5397	1.4499	-0.0653	-0.5844	1.6501	0.2187	0.1715	1.6422	-0.2247	0.2271	1.5121	-0.0188	0.9453	1.7916	0.0720	0.1438	1.6628	-0.0765	0.1438	1.6515	0.300	
32.867	0.0153	0.1495	1.6889	0.0711	-0.5458	1.4680	-0.0621	-0.5889	1.6519	0.2274	0.1746	1.6405	-0.2084	0.2122	1.5263	0.0003	0.9458	1.7894	0.0897	0.1455	1.6551	-0.0599	0.1467	1.6445	0.300	
32.934	0.0420	0.1570	1.6854	0.0683	-0.5557	1.4847	-0.0547	-0.5767	1.6304	0.2363	0.1471	1.6170	-0.1985	0.1927	1.5414	0.0127	0.9484	1.7894	0.1173	0.1544	1.6513	-0.0352	0.1525	1.6414	0.300	
33.000	0.0542	0.1622	1.6864	0.0680	-0.5583	1.5030	-0.0536	-0.5462	1.5915	0.2420	0.1142	1.5946	-0.1965	0.1918	1.5584	0.0300	0.9496	1.7964	0.1279	0.1590	1.6524	-0.0220	0.1580	1.6424	0.300	
33.067	0.0572	0.1650	1.6862	0.0666	-0.5585	1.5188	-0.0389	-0.5333	1.5403	0.2457	0.1153	1.5852	-0.1995	0.2023	1.5900	0.0359	0.9504	1.7993	0.1310	0.1619	1.6501	-0.0186	0.1611	1.6444	0.300	
33.134	0.0571	0.1665	1.6864	0.0658	-0.5578	1.5365	-0.0557	-0.5191	1.4627	0.2491	0.1198	1.5751	-0.2033	0.2044	1.6230	0.0411	0.9512	1.8005	0.1308	0.1634	1.6484	-0.0191	0.1632	1.6466	0.300	
33.234	0.0508	0.1671	1.6876	0.0608	-0.5683	1.5648	-0.0562	-0.5263	1.4092	0.2677	0.1981	1.5774	-0.2062	0.1885	1.6565	0.0442	0.9512	1.8010	0.1249	0.1635	1.6466	-0.0263	0.1637	1.6513	0.300	
33.300	0.0459	0.1654	1.6871	0.0583	-0.5727	1.5826	-0.0571	-0.5216	1.3969	0.2691	0.2099	1.5733	-0.2081	0.1671	1.6740	0.0426	0.9476	1.7995	0.1196	0.1612	1.6441	-0.0306	0.1622	1.6521	0.300	
33.367	0.0377	0.1638	1.6857	0.0582	-0.5781	1.5976	-0.0557	-0.5273	1.3985	0.2681	0.2121	1.5691	-0.2114	0.1683	1.6815	0.0359	0.9474	1.7986	0.1107	0.1600	1.6415	-0.0373	0.1602	1.6518	0.300	
33.434	0.0296	0.1603	1.6828	0.0561	-0.5828	1.6152	-0.0534	-0.5402	1.4150	0.2668	0.2136	1.5685	-0.2169	0.1695	1.6851	0.0334	0.9454	1.7989	0.1026	0.1563	1.6379	-0.0448	0.1569	1.6497	0.300	
33.534	0.0117	0.1571	1.6750	0.0514	-0.5908	1.6359	-0.0524	-0.5455	1.4402	0.2619	0.2099	1.5709	-0.2242	0.1628	1.6633	0.0150	0.9445	1.7917	0.0845	0.1542	1.6311	-0.0617	0.1525	1.6407	0.300	
33.600	0.0025	0.1570	1.6712	0.0483	-0.5967	1.6451	-0.0542	-0.5496	1.4563	0.2541	0.2075	1.5775	-0.2362	0.1852	1.6387	-0.0074	0.9452	1.7924	0.0755	0.1540	1.6281	-0.0707	0.1526	1.6361	0.300	
33.667	-0.0033	0.1554	1.6682	0.0488	-0.5975	1.6528	-0.0557	-0.5539	1.4717	0.2438	0.2224	1.5900	-0.2471	0.1893	1.6113	-0.0245	0.9454	1.7891	0.0703	0.1525	1.6261	-0.0768	0.1510	1.6321	0.300	
33.734	-0.0097	0.1559	1.6678	0.0579	-0.5853	1.6522	-0.0586	-0.5484	1.4907	0.2427	0.2289	1.5914	-0.2721	0.2233	1.6004	-0.0309	0.9445	1.7884	0.0646	0.1529	1.6263	-0.0837	0.1517	1.6309	0.300	
33.800	-0.0115	0.1572	1.6698	0.0691	-0.5769	1.6418	-0.0610	-0.5339	1.5143	0.2539	0.2490	1.6276	-0.2949	0.2434	1.5930	-0.0367	0.9431	1.7869	0.0628	0.1544	1.6308	-0.0854	0.1527	1.6315	0.300	
33.867	-0.0146	0.1596	1.6754	0.0859	-0.5772	1.6035	-0.0602	-0.5405	1.5340	0.2674	0.2777	1.6144	-0.3159	0.2683	1.5498	-0.0395	0.9405	1.7890	0.0601	0.1568	1.6363	-0.0886	0.1549	1.6368	0.300	
33.934	-0.0158	0.1593	1.6818	0.1057	-0.5809	1.5520	-0.0587	-0.5485	1.5516	0.2696	0.2766	1.6301	-0.3314	0.2718	1.5844	-0.0415	0.9392	1.7927	0.0591	0.1557	1.6456	-0.0898	0.1552	1.6409	0.300	
34.000	-0.0155	0.1625	1.6929	0.1053	-0.5809	1.5517	-0.0594	-0.5554	1.5705	0.2709	0.2765	1.6382	-0.3334	0.2751	1.5885	-0.0425	0.9384	1.7986	0.0587	0.1588	1.6553	-0.0889	0.1585	1.6527	0.300	
34.067	-0.0159	0.1626	1.7034	0.1026	-0.5840	1.5658	-0.0592	-0.5588	1.5900	0.2732	0.2753	1.6650	-0.3361	0.2729	1.5991	-0.0424	0.9381	1.8055	0.0585	0.1585	1.6674	-0.0895	0.1590	1.6614	0.300	
34.134	-0.0153	0.1655	1.7190	0.1028	-0.5879	1.5813	-0.0600	-0.5579	1.6115	0.2787	0.2655	1.6900	-0.3354	0.2723	1.6109	-0.0392	0.9386	1.8179	0.0584	0.1610	1.6834	-0.0884	0.1623	1.6767	0.300	
34.200	-0.0157	0.1616	1.7310	0.1016	-0.5899	1.6026	-0.0595	-0.5607	1.6323	0.2825	0.2658	1.6944	-0.3388	0.2754	1.6073	-0.0354	0.9394	1.8303	0.0588	0.1567	1.6946	-0.0895	0.1593	1.6892	0.300	
34.267	-0.0155	0.1586	1.7470	0.1007	-0.5927	1.6232	-0.0596	-0.5663	1.6528	0.2841	0.2674	1.6968	-0.3399	0.2767	1.6142	-0.0311	0.9395	1.8364	0.0596	0.1532	1.7133	-0.0898	0.1568	1.7031	0.300	
34.334	-0.0150	0.1539	1.7629	0.0986	-0.5986	1.6439	-0.0605	-0.5663	1.6741	0.2881	0.2687	1.7041	-0.3477	0.2727	1.6578	-0.0294	0.9413	1.8497	0.0613	0.1490	1.7256	-0.0907	0.1519	1.7224	0.300	
34.400	-0.0145	0.1531	1.7820	0.0988	-0.5987	1.6598	-0.0614	-0.5719	1.6922	0.2891	0.2700	1.7085	-0.3458	0.2766	1.6594	-0.0273	0.9437	1.8658	0.0622	0.1487	1.7421	-0.0907	0.1508	1.7439	0.300	
34.500	-0.0157	0.1563	1.8092	0.0976	-0.6080	1.6921	-0.0613	-0.5783	1.7249	0.2888	0.2727	1.7124	-0.3511	0.2896	1.6604	-0.0306	0.9489	1.8961	0.0621	0.1530	1.7677	-0.0929	0.1528	1.7726	0.300	
34.567	-0.0180	0.1530	1.8264	0.0959	-0.6116	1.7093	-0.0621	-0.5803	1.7447	0.2888	0.2715	1.7186	-0.3502	0.2902	1.6614	-0.0303	0.9478	1.9066	0.0606	0.1501	1.7854	-0.0958	0.1494	1.7894	0.300	
34.634	-0.0182	0.1499	1.8445	0.0962	-0.6175	1.7324	-0.0636	-0.5874	1.7646	0.2878	0.2758	1.7244	-0.3489	0.2894	1.6674	-0.0307	0.9453	1.9251	0.0606	0.1466	1.8039	-0.0963	0.1469	1.8071	0.300	
34.700	-0.0181	0.1451	1.8600	0.0954	-0.6198	1.7532	-0.0659	-0.5903	1.7847	0.2863	0.2746	1.7345	-0.3481	0.2899	1.6740	-0.0320	0.9422	1.9423	0.0609	0.1423	1.8161	-0.0962	0.1419	1.8258	0.300	
34.800	-0.0195	0.1409	1.8839	0.0919	-0.6290	1.7855	-0.0659	-0.5957	1.8179	0.2841	0.2796	1.7434	-0.3493	0.2957	1.6854	-0.0358	0.9388	1.9661	0.0598	0.1377	1.8422	-0.0979	0.1383	1.8474	0.300	
34.867	-0.0217	0.1380	1.8978	0.0924	-0.6308	1.8050	-0.0670	-0.5979	1.8349	0.2847	0.2816	1.7457	-0.3518	0.2945	1.7018	-0.0384	0.9362	1.9811	0.0574	0.1343	1.8584	-0.0999	0.1358	1.8592	0.300	
34.934	-0.0228	0.1380	1.9164	0.0916	-0.6346	1.8275	-0.0691	-0.6039	1.8562	0.2842	0.2812	1.7532	-0.3550	0.2727	1.7464	-0.0402	0.9340	1.9948	0.0557	0.1349	1.8754	-0.1003	0.1354	1.8793	0.300	
35.000	-0.0247	0.1378	1.9317	0.0902	-0.6395	1.8494	-0.0713	-0.6055	1.8756	0.2818	0.2834	1.7572	-0.3493	0.2762	1.7635	-0.0438	0.9308	2.0091	0.0536	0.1349	1.8919	-0.1020	0.1351	1.8936	0.300	
