% Time	A1	A2	A3	A4	A5	A6	
6.607	2.1326	-0.2344	-0.3988	-0.4316	-0.1029	-0.5631	
6.637	2.0669	-0.1358	-0.3002	-0.3659	-0.2015	-0.3001	
6.639	2.1655	-0.2344	-0.3002	-0.3001	-0.2344	-0.2015	
6.673	2.0011	-0.3002	-0.5303	-0.3001	-0.4645	-0.4974	
6.686	2.2312	-0.2344	-0.8262	-0.2344	-0.0043	-0.2344	
6.701	2.1655	-0.1686	-0.3002	-0.3988	-0.1686	-0.2673	
6.728	2.1326	-0.3002	-0.3659	-0.3988	-0.6618	-0.4974	
6.733	2.1984	-0.1358	-0.2015	-0.2673	-0.1029	-0.3330	
6.760	2.0997	-0.3002	1.0477	-0.3659	-0.2673	-0.4645	
6.764	2.2970	-0.2344	-0.2673	-0.2015	-0.1029	-0.2015	
6.793	2.0997	-0.2015	-0.2015	-0.3988	1.3765	-0.1686	
6.795	2.3299	-0.1029	-0.2344	-0.6289	-0.0371	-0.3001	
6.825	2.1326	-0.1686	-0.3002	-0.3988	-0.2015	-0.3988	
6.828	1.9682	-0.1358	-0.3988	-0.2344	-0.1029	-0.3330	
6.856	2.2641	-0.0700	-0.5632	-0.3001	-0.3001	-0.6946	
6.860	2.1655	-0.1686	-0.2344	-0.2673	0.9162	-0.5303	
6.887	2.0997	-0.2673	-0.3330	-0.2673	-0.1358	-0.3988	
6.890	2.0669	-0.3330	-0.3988	-0.2344	-0.2673	-0.4645	
6.923	2.2312	-0.3002	-0.3330	-0.3330	-0.6946	-0.3330	
6.947	2.0997	-0.2344	-0.3330	-0.2015	-0.1686	-0.3330	
6.954	2.2312	-0.1358	-0.7275	-0.3659	0.1272	-0.0371	
6.978	2.3627	-0.1358	-0.3988	0.1601	-0.1686	-0.3330	
6.984	2.1984	-0.1358	-0.3002	0.1601	0.5217	-0.2015	
7.016	2.1326	-0.2015	0.1601	-0.3330	-0.1358	-0.3330	
7.042	2.1984	-0.1358	-0.2344	-0.3988	-0.1686	-0.3659	
7.045	2.2312	-0.1686	-0.2673	-0.3330	0.4889	0.1930	
7.074	2.2312	-0.1358	-0.4317	-0.3988	-0.1686	-0.3988	
7.076	2.1655	-0.5960	-0.3659	-0.3330	-0.3988	0.1272	
7.093	2.1984	-0.1686	-0.2015	-0.3001	-0.1358	5.1900	
7.108	2.4285	-0.2344	-0.5960	-0.4316	-0.5303	-0.5960	
7.136	2.2312	-0.3002	-0.3002	-0.5303	-0.2015	-0.3001	
7.139	2.1984	-0.3002	-0.3330	-0.3330	-0.3001	0.0944	
7.173	1.9682	-0.2344	-0.3659	-0.3001	-0.9905	-0.5303	
7.186	2.1326	-0.1686	-0.3659	-0.2015	-0.0371	-0.4316	
7.202	2.1984	-0.1686	-0.1358	-0.2673	-0.1029	4.8612	
7.231	2.4942	-0.2015	-0.1029	-0.2015	-0.0371	-0.2015	
7.235	2.3627	-0.1686	-0.2344	-0.2673	-0.0371	-0.2673	
7.260	2.0669	-0.2673	-0.4645	-0.3001	-0.1029	-0.4316	
7.264	2.1984	-0.3002	-0.3002	-0.3330	-0.2344	-0.6618	
7.291	2.0669	-0.2015	-0.4645	-0.3659	-0.2673	-0.4316	
7.295	2.1655	-0.1358	-0.3002	-0.2673	-0.1686	-0.4316	
7.327	2.0997	-0.2344	-0.4974	-0.3330	-0.1686	-0.4645	
7.353	2.3299	-0.5632	-0.2673	-0.2015	-0.1029	0.0286	
7.358	2.1655	-0.3002	-0.2673	-0.3659	-0.4974	-0.4645	
7.386	2.1984	-0.1686	-0.2344	-0.3330	-0.1029	-0.4645	
7.390	2.0669	-0.2673	-0.3659	-0.4316	-0.1686	-0.4974	
7.421	2.1984	-0.3002	-0.3659	-0.3988	-0.2015	0.1272	
7.423	2.1326	-0.2015	-0.7933	-0.3659	-0.2015	-0.3659	
7.450	2.1326	-0.4317	-0.3330	-0.2344	-0.1686	-0.0371	
7.451	2.2970	-0.2015	-0.2015	-0.3330	-0.2015	-0.3001	
7.478	2.0997	-0.3002	-0.3988	-0.4316	-0.2673	-1.3850	
7.483	2.1326	-0.3002	-0.1029	-0.3001	-0.1029	-0.3659	
7.512	2.0997	-0.1686	-0.2015	-0.3659	-0.2344	-0.3001	
7.514	2.1984	-0.1358	-0.2673	-0.3330	-0.2015	-0.3659	
7.541	2.8230	-0.3002	-0.3330	-0.4316	-0.4645	-0.5631	
7.545	2.5271	-0.0043	-0.1686	-0.1029	0.0286	-0.3001	
7.574	2.1984	-0.3330	-0.2673	-0.3988	-0.2015	1.6395	
7.576	2.1326	-0.2015	1.1135	-0.3330	-0.2015	-0.5631	
7.606	2.7572	0.0615	-0.0371	-0.0371	0.0286	-0.1358	
7.610	3.2832	-0.2015	-0.3330	-0.3330	-0.5631	-0.4316	
7.624	2.0669	-0.3002	-0.6289	-0.3330	-0.3330	-0.4645	
7.640	2.2641	-0.2344	-0.3988	-0.3659	-0.1686	-1.9768	
7.678	2.2312	-0.1029	-0.3330	-0.3001	-0.0043	-0.3988	
7.687	2.3299	0.0286	-0.2344	-0.2344	0.0944	-0.2673	
7.702	2.1984	-0.1686	0.3245	-0.2015	-0.0371	-0.4316	
7.730	2.4285	-0.0700	-0.1686	-0.2015	-0.0043	-0.2673	
7.732	2.0997	-0.1358	-0.2344	-0.3330	-0.0043	-0.5631	
7.759	2.2641	0.5875	-0.3002	-0.2344	-0.3001	-1.2864	
7.764	2.2970	-0.2015	-0.2344	-0.3330	-0.0043	-0.3001	
7.792	2.2641	-0.2344	-0.4317	-0.2673	-0.2344	1.2121	
7.795	2.2312	0.0615	-0.0700	-0.1686	-0.1029	-0.5631	
7.822	2.1655	-0.3002	-0.3330	-0.4316	-0.0043	-0.3330	
7.827	2.2641	-0.2673	-0.3988	-0.3330	-0.3001	-0.4974	
7.859	1.6724	-0.1686	-0.4974	-0.1686	-0.0043	-0.2673	
7.885	2.2641	-0.2344	-0.2344	-0.3330	-0.1358	-0.3001	
7.889	2.1326	-0.0371	-0.4317	-0.3659	-0.2344	-0.2344	
7.921	2.1984	-0.2673	-0.4317	-0.3330	-0.1358	-0.3988	
7.923	2.1655	-0.4974	-1.0234	-0.3659	-0.1686	-0.3001	
7.949	2.3956	-0.2015	-0.3002	-0.4316	-0.2344	-0.3659	
7.951	2.2970	-0.1686	-0.2015	-0.2344	-0.0700	3.0860	
7.983	2.1984	-0.3002	-0.2673	-0.3001	-0.0043	-0.3988	
8.009	2.0997	-0.2015	0.1930	-0.2344	0.2916	-0.0700	
8.013	2.1326	-0.2344	-0.3002	-0.2673	-0.2673	-3.7849	
8.432	2.1984	-0.1358	-0.3002	-0.3001	-0.1358	-0.2673	
8.455	2.2312	-0.1686	-0.3330	-0.3330	-0.0371	-0.3659	
8.477	2.1655	-0.3002	-0.3988	-0.3001	-0.2344	-0.4645	
8.482	2.1984	-0.2673	-0.3002	-1.5165	-0.0043	-0.2015	
9.319	2.2641	-0.3002	-0.2344	-0.1686	0.1272	-0.3659	
9.339	2.2970	-0.1358	-0.2673	-0.2673	-0.1686	-1.1549	
9.356	2.1655	-0.3988	-0.2673	-0.3988	-0.1686	0.2259	
9.359	2.0997	-0.3659	-0.3002	-0.3659	-0.6289	-0.2673	
9.390	2.1984	-0.3002	-0.2015	-0.3001	-0.1029	-0.4316	
9.392	2.5929	-0.2673	-0.3002	-0.2673	-0.4974	-0.4316	
10.033	2.1326	-0.2673	-0.3002	-0.4645	-0.1686	-2.4699	
10.052	2.2312	-0.5303	-0.4317	-0.3330	-0.1358	0.0944	
10.072	2.1326	-0.1686	-0.2673	-0.3001	-0.1686	-0.3330	
10.078	2.1984	-0.1358	-0.3330	-0.3330	-0.1029	-0.5631	
10.093	2.4614	-0.1358	-0.2673	-0.2015	-0.2673	-0.2344	
10.108	2.2312	-0.3002	-0.3002	-0.4974	-0.3330	-0.4316	
10.139	2.0669	-0.1686	-0.4645	0.0286	-0.2015	-0.3988	
10.142	2.1984	-0.2344	-1.9439	-0.0371	-0.1358	-0.3330	
10.159	1.9682	-0.3002	-0.4645	-0.4316	-0.2344	-0.4974	
10.173	2.2641	-0.1686	-0.2673	-0.1686	-0.0371	-0.4645	
10.199	2.4285	-0.1686	-0.1686	0.1930	-0.1029	-0.3659	
10.201	2.3299	-0.1029	-0.4317	-0.2015	-1.9439	-0.3988	
10.233	2.2641	-0.2015	-0.3330	0.6204	0.0286	-0.3330	
10.236	1.9025	-0.5303	-0.5960	-0.6946	-0.4645	-0.2673	
10.262	2.2312	-0.1029	-0.2015	-0.3659	-0.0371	-0.3659	
10.264	2.2970	-0.1686	-0.3988	-0.1686	-0.0371	-0.2673	
10.295	2.2312	-0.2015	-0.3330	-0.3001	-0.2015	-1.1220	
10.296	2.1655	-0.2344	0.1272	-0.1686	-0.0371	-0.1358	
10.322	2.1984	-0.3002	-0.3659	-0.4316	-0.1686	-0.3988	
10.328	2.2641	0.1272	-0.2673	-0.2344	-0.1686	-0.4974	
10.352	2.4942	-0.0371	-0.2015	-0.2344	-0.0700	-0.2673	
10.357	2.2641	-0.2344	-0.2015	-0.3001	-0.0700	-0.1358	
10.391	2.2641	-0.1358	-0.3330	-0.4974	-0.2015	-0.4645	
10.427	2.2312	-0.2344	-0.3659	0.6861	-0.3001	-0.4316	
10.446	2.1984	-0.2015	-0.2673	-0.3001	0.0615	-0.3330	
10.450	2.1326	-0.2344	-0.3002	-0.3659	-1.2864	0.1930	
10.477	2.0997	-0.3002	-2.7000	-0.4316	-0.2344	-0.5960	
10.484	2.2312	-1.2864	-0.3002	-0.2673	-0.0371	-0.0371	
10.508	2.0997	-0.9248	-0.1686	-0.3988	-0.2344	0.6204	
10.513	2.2970	-0.3002	-0.3988	-0.3001	-0.2015	-0.3659	
10.542	2.1655	-0.2344	-0.4317	-0.3330	-0.1686	-0.6946	
10.547	2.1984	-0.2344	-0.3330	-0.3001	-0.1358	-0.4316	
10.574	1.9354	-0.3002	-0.3330	-0.3988	-0.3001	-0.4645	
10.576	2.0340	-0.2673	-0.1358	-0.2344	0.2916	-0.3001	
10.606	2.2312	-0.3330	-0.6289	-0.3330	-0.2344	-0.2673	
10.610	2.1326	-0.3002	-0.2673	-0.2673	-0.1029	-0.1029	
10.624	2.2641	-0.2344	-0.4317	-0.3001	-0.7604	-0.2015	
10.641	1.8039	-0.5632	-0.4974	-0.7933	-0.5631	-0.7933	
10.678	2.0997	-0.1686	-0.3002	-0.3330	-0.1686	-0.3988	
10.687	2.1326	-0.1358	-0.2673	-0.3659	-0.0371	-0.5303	
10.703	2.3956	-0.2344	-0.3659	-0.2673	-0.2344	-0.3330	
10.729	2.1984	-0.1686	-0.4317	-0.3988	-0.1029	-2.9630	
10.732	2.6915	0.0944	0.2916	0.0944	0.1272	-0.1029	
10.761	2.1984	-0.2344	-0.1686	-0.3001	-0.1686	-0.7275	
10.763	2.1655	-0.2344	-0.3002	-0.2015	-0.1358	-0.9248	
10.795	2.1984	-0.1029	-0.3330	-0.2344	-0.0043	-0.4974	
10.797	2.3956	0.1272	-0.1686	-0.1029	0.0615	-0.2015	
10.825	2.2312	-0.2673	-0.4974	-0.3988	-0.2673	-0.3988	
10.827	2.1984	-0.2344	-0.3330	0.3245	-0.4316	-0.3988	
10.856	2.4614	-0.3988	-0.4317	-0.3659	-0.4316	-0.2344	
10.859	2.0997	-0.1358	-0.4317	-0.3988	0.2916	-0.5303	
10.889	2.2312	-0.3330	-0.2673	-0.4316	-0.2673	-0.3988	
10.890	2.2641	-0.1686	-0.3659	-0.3001	-0.0043	-0.2344	
10.920	2.1655	-0.2344	-0.1686	-0.3001	-0.0371	-0.3001	
10.922	2.1984	-0.2673	-0.3330	-0.3988	-0.2015	-0.3988	
10.948	2.2970	-0.3002	-0.2673	-0.1686	-0.1686	-0.2344	
10.952	1.8367	0.1272	-0.3330	-0.7604	-0.4645	-0.9248	
10.977	2.1655	-0.3659	-0.4317	-0.3330	-0.3001	-0.3659	
10.982	2.2970	-0.1686	0.0615	-0.2344	0.0286	-0.2344	
11.010	2.1326	-0.2673	-0.5303	-0.4645	-0.1686	-2.4699	
11.014	2.2641	-0.2015	-0.3330	-0.3330	-0.2015	-0.2344	
11.045	2.1655	-0.1686	-0.4317	-0.2344	-0.2015	-0.4645	
11.047	2.2970	-0.1358	-0.3002	-0.3001	-0.1029	-0.3330	
11.078	2.1326	-0.2673	-0.3330	-0.3659	-0.2673	-0.3988	
11.092	2.1984	-0.2673	-0.2015	-0.3659	-0.1686	0.6532	
11.107	2.2970	-0.2015	0.7519	-0.4645	-0.2673	-0.4645	
11.137	2.2970	-0.2673	-0.2673	-0.3330	-0.1029	-0.3001	
11.139	2.1326	-0.3002	-0.2673	0.3574	0.8176	-0.3988	
11.176	2.0997	-0.3330	-0.3988	-0.3988	-0.3330	4.1709	
11.187	2.3627	-0.0700	-0.2015	-0.1686	-0.0043	-0.6618	
11.202	2.5600	-0.0371	-0.3002	-0.2344	-0.1686	-0.3330	
11.228	2.3299	-0.2673	-0.1029	-0.2673	-0.2344	-0.3659	
11.233	2.1984	-0.1029	-0.0371	-0.3988	-0.0700	-0.3330	
11.261	2.4614	-0.2015	-0.2673	-0.2673	-0.1358	-1.6809	
11.265	2.7901	0.0286	-0.1029	-0.1686	-0.0700	-0.3659	
11.291	1.9354	-0.2344	-0.4974	-0.3659	-0.2673	-0.4316	
11.297	2.2312	-0.2344	-0.3002	-0.4316	-0.1029	-0.3988	
11.323	2.1655	-0.3002	-0.4645	-0.3659	-0.3330	-0.4645	
11.328	2.3956	-0.2015	-0.3330	-0.3001	-0.2344	-0.3330	
11.354	2.3299	-0.2015	-0.1358	-0.3659	-0.2344	-0.4316	
11.359	2.1655	-0.1029	-0.3002	0.1272	0.0615	-0.2344	
11.386	2.0669	-0.1686	-0.2673	-0.3659	-0.0700	-0.3988	
11.391	2.9216	-0.1686	-0.4645	-0.3001	-0.3330	-0.3001	
11.423	2.1655	-0.2673	-0.3330	-0.4645	-0.2673	-0.9248	
11.452	2.2641	-0.1686	-0.2673	-0.3001	-0.0043	6.4392	
11.454	2.2641	-0.5303	-0.3988	-0.2015	-0.0700	-0.2015	
11.479	2.2641	-0.1686	-0.2673	-0.3001	-0.1358	-2.6343	
11.483	2.2970	-0.2015	-0.2673	-0.2673	0.2259	-0.3659	
11.512	2.2970	-0.1686	-0.1686	-0.3001	-0.1358	-0.3001	
11.515	2.5271	0.2916	0.0286	0.2259	0.5217	0.0286	
11.542	2.0997	0.1272	-0.3988	-0.3001	-0.2344	-1.0234	
11.545	2.2312	-0.3002	-0.4645	0.0286	0.0286	-0.3330	
11.574	1.9682	-0.3330	-0.4974	-0.3988	-0.2015	-0.4316	
11.577	2.4614	-0.0043	-0.3330	-0.1358	0.0286	-2.1740	
11.605	2.2970	-0.1358	-0.3330	-0.1358	0.0286	-1.0234	
11.609	2.2641	1.2450	-0.1686	-0.2673	-0.2015	-0.8919	
11.627	2.1655	-0.3002	-0.5303	-0.3330	-0.2015	-7.0724	
11.639	1.8039	-0.5960	-0.5960	-0.7933	-0.5960	-0.5960	
11.671	2.1655	-0.2673	-0.2344	-0.3001	-0.2015	-0.2015	
11.687	2.0669	-0.2673	-0.3002	-0.3001	-0.1686	-0.3330	
11.702	2.1655	-0.2673	-0.3330	-0.3988	-0.1358	-0.5960	
11.731	2.2641	-0.1029	-0.3330	-0.2015	-0.0371	-0.3659	
11.733	2.3627	-0.1686	-0.3988	-0.5631	-0.0371	-0.3659	
11.765	2.1655	-0.3002	-0.2673	-0.3001	0.6861	-0.4316	
11.791	2.0669	-0.5960	-0.3002	-0.3988	-0.0700	-0.0371	
11.796	2.2312	-0.2673	-0.2673	-0.3330	-0.2344	-0.5631	
11.824	2.2312	-0.3659	-0.3988	-0.3330	-0.2673	-1.4508	
11.828	2.1326	-0.2015	-0.3330	-0.2673	-0.2015	4.1380	
11.853	2.1984	-0.1029	-0.1686	-0.2015	0.0615	0.3574	
11.857	2.2312	-0.4645	-0.3330	-0.3330	-0.0700	-0.6618	
11.885	2.2312	-0.2015	-0.3002	-0.3001	0.0944	-0.3001	
11.890	2.2312	-0.4974	-0.1686	-0.3330	-0.2015	-0.1358	
11.923	2.0669	-0.4317	-0.5632	-0.5631	-0.3988	-0.5631	
11.947	2.2641	-0.0371	-0.1358	-0.3001	0.0944	-0.3988	
11.951	2.1984	0.5217	-0.2344	-0.3659	-0.1358	-0.8919	
11.981	2.3627	0.0286	-0.4974	-0.2344	-0.1686	0.0286	
11.983	2.1984	-0.3002	-0.2673	-0.3659	-0.1686	-0.2673	
12.013	2.1984	-0.2673	-0.3988	-0.4316	-0.1686	-0.4316	
12.015	2.3627	-0.2344	-0.1358	-0.3001	-0.1029	-0.3659	
12.042	2.1984	-0.2673	-0.5303	-0.3001	-0.3001	0.3902	
12.047	2.4285	-0.1029	-0.0043	-0.0700	-0.0043	-0.0043	
12.072	2.1655	-0.3002	-0.9905	-0.2673	-0.2015	-0.4316	
12.077	2.1655	-0.3002	0.8505	-0.3001	-0.1686	-0.4974	
12.106	2.1326	-0.2673	-0.4645	-0.4316	-0.2673	-0.5303	
12.109	2.2641	-0.3988	-0.4974	-0.3659	-0.3988	-0.5631	
12.126	2.1984	-1.1220	-0.1358	-0.3330	-0.2015	0.5546	
12.141	2.2312	0.3574	-0.2344	-0.1358	-0.0700	-0.8261	
12.174	2.3627	-0.0700	-2.3713	-0.0043	0.0286	-0.2015	
12.189	2.1655	-0.2673	-0.3002	-0.3659	-0.1686	-0.3330	
12.204	2.3627	-0.1358	-0.2344	-0.1686	-0.0371	-0.3330	
12.232	2.2312	-0.0043	-0.3002	-0.1029	-0.0043	-0.0700	
12.234	2.3299	-0.2015	-0.2344	-0.0700	-0.0371	-0.3659	
12.259	2.2312	-0.3002	-0.4317	-0.2015	-0.1029	-0.4974	
12.264	2.1984	-0.1358	-0.3659	-0.3001	-0.1686	-0.4316	
12.295	2.2312	-0.3002	-0.3988	-0.3001	-0.1358	-0.3001	
12.297	2.3299	-0.2015	0.3245	-0.1358	-0.1686	-0.3988	
12.321	2.2312	-0.2673	-0.3002	-0.3659	-0.1358	-0.2673	
12.328	2.0669	-0.2015	-0.3659	-0.3659	-0.2015	-0.3988	
12.360	2.1326	-0.2344	-1.3193	-0.4316	-0.1029	-0.3988	
12.386	2.9874	0.4560	0.2587	0.3574	0.6532	0.0615	
12.390	2.0997	-0.2015	-0.4645	-0.3988	-0.2344	-0.5960	
12.421	2.0997	-0.2344	-0.2344	-0.3659	-0.1358	-0.4316	
12.422	2.0997	-0.1686	-0.3002	-0.4316	-0.1029	-0.5303	
12.449	2.2312	-0.1686	-0.5960	-0.2673	-0.1686	0.7190	
12.451	2.2641	-0.1358	-0.2673	0.0615	-0.0371	-0.3001	
12.479	2.1326	-0.3330	-0.3002	-0.3001	-0.2015	-2.7986	
12.482	2.2641	-0.2015	-0.3659	-0.2015	-0.0371	-0.3988	
12.512	2.1326	-0.3330	0.4560	-0.2344	-0.3001	-0.3330	
12.514	2.3627	-0.1686	-0.1358	-0.2344	0.0944	-0.3330	
12.547	2.2312	-0.3330	-0.6947	-0.4316	-0.3330	-0.3330	
12.571	2.1984	0.3245	0.2587	-0.3659	-0.1358	-0.4645	
12.577	2.1326	-0.2673	-0.3002	-0.4974	0.1601	-0.3659	
12.594	1.1464	-0.2344	-0.3988	-0.4645	0.1601	-0.3988	
