% Time	SBX	SBY	SBZ	FRX	FRY	FRZ	FLX	FLY	FLZ	WRX	WRY	WRZ	WLX	WLY	WLZ	HDX	HDY	HDZ	HRX	HRY	HRZ	HRLX	HLY	HLZ	SpdCom	ax	ay	az	gx	gy	gz	mx	my	mz	Angle
0.033	0.0864	-0.7341	3.2948	-0.1309	-1.0900	2.8043	-0.3272	-0.9468	3.1409	-0.2862	-0.5127	3.0616	-0.1898	-0.7084	3.2209	-0.0391	-0.1937	3.4755	0.1346	-0.7152	3.2633	0.0358	-0.7387	3.2642	0.023	
0.066	0.0871	-0.7339	3.2947	-0.1238	-1.0900	2.8040	-0.3196	-0.9283	3.1604	-0.2881	-0.5073	3.0650	-0.1891	-0.7085	3.2218	-0.0382	-0.1935	3.4762	0.1355	-0.7148	3.2636	0.0365	-0.7387	3.2639	0.027	
0.133	0.0866	-0.7344	3.2946	-0.1300	-1.0970	2.8071	-0.3201	-0.9425	3.1430	-0.2857	-0.5149	3.0594	-0.2269	-0.7614	3.2591	-0.0402	-0.1949	3.4749	0.1340	-0.7156	3.2635	0.0368	-0.7394	3.2642	0.033	
0.166	0.0831	-0.7349	3.2962	-0.1395	-1.1021	2.8143	-0.3211	-0.9418	3.1435	-0.2862	-0.5186	3.0600	-0.2260	-0.7604	3.2594	-0.0402	-0.1951	3.4750	0.1297	-0.7168	3.2656	0.0343	-0.7395	3.2656	0.037	
0.200	0.0839	-0.7353	3.2956	-0.1305	-1.1154	2.8094	-0.3220	-0.9353	3.1500	-0.2880	-0.5091	3.0625	-0.2257	-0.7606	3.2592	-0.0391	-0.1956	3.4757	0.1302	-0.7168	3.2650	0.0358	-0.7406	3.2650	0.040	
0.233	0.0843	-0.7355	3.2955	-0.1284	-1.1178	2.8099	-0.3201	-0.9319	3.1531	-0.2884	-0.5089	3.0630	-0.2256	-0.7606	3.2591	-0.0394	-0.1959	3.4761	0.1305	-0.7169	3.2650	0.0365	-0.7409	3.2647	0.043	
0.266	0.0846	-0.7358	3.2951	-0.1273	-1.1195	2.8090	-0.3193	-0.9298	3.1546	-0.2887	-0.5091	3.0627	-0.2085	-0.7346	3.2385	-0.0412	-0.1970	3.4763	0.1307	-0.7171	3.2649	0.0368	-0.7413	3.2642	0.047	
0.300	0.0853	-0.7356	3.2964	-0.1268	-1.1204	2.8087	-0.3186	-0.9292	3.1532	-0.2891	-0.5092	3.0623	-0.2267	-0.7575	3.2575	-0.0402	-0.1961	3.4753	0.1318	-0.7167	3.2665	0.0372	-0.7412	3.2654	0.050	
0.333	0.0881	-0.7365	3.2934	-0.1133	-1.1337	2.8009	-0.3185	-0.9275	3.1551	-0.2873	-0.5157	3.0609	-0.2270	-0.7579	3.2566	-0.0402	-0.1965	3.4750	0.1344	-0.7168	3.2645	0.0402	-0.7429	3.2612	0.053	
0.366	0.0882	-0.7370	3.2927	0.1475	-1.1008	2.9895	-0.2640	-0.8914	3.1850	-0.2872	-0.5189	3.0610	-0.2085	-0.7318	3.2351	-0.0401	-0.1969	3.4750	0.1343	-0.7172	3.2638	0.0405	-0.7436	3.2607	0.057	
0.400	0.0875	-0.7368	3.2930	0.1371	-1.0983	2.9868	-0.2568	-0.8858	3.1881	-0.2881	-0.5150	3.0613	-0.2095	-0.7324	3.2355	-0.0385	-0.1959	3.4752	0.1341	-0.7172	3.2638	0.0389	-0.7429	3.2615	0.060	
0.433	0.0873	-0.7359	3.2922	-0.1318	-1.0844	2.8000	-0.2477	-0.8782	3.1914	-0.2886	-0.5122	3.0622	-0.1926	-0.6987	3.2194	-0.0385	-0.1958	3.4752	0.1345	-0.7161	3.2619	0.0384	-0.7419	3.2613	0.063	
0.466	0.0870	-0.7352	3.2920	-0.1318	-1.0844	2.8002	-0.2250	-0.8673	3.1925	-0.2899	-0.5111	3.0630	-0.2090	-0.7384	3.2369	-0.0382	-0.1958	3.4749	0.1344	-0.7158	3.2618	0.0376	-0.7408	3.2612	0.067	
0.500	0.0872	-0.7348	3.2919	-0.1305	-1.0833	2.8010	-0.2259	-0.8697	3.1906	-0.2660	-0.5128	3.0607	-0.2262	-0.7586	3.2548	-0.0376	-0.1957	3.4751	0.1352	-0.7153	3.2617	0.0374	-0.7403	3.2612	0.070	
0.533	0.0877	-0.7354	3.2919	-0.1277	-1.1013	2.8030	-0.2263	-0.8693	3.1910	-0.2711	-0.5132	3.0606	-0.2112	-0.7324	3.2353	-0.0380	-0.1951	3.4754	0.1354	-0.7161	3.2612	0.0387	-0.7411	3.2618	0.073	
0.566	0.0876	-0.7352	3.2915	-0.1310	-1.0941	2.8010	-0.2378	-0.8706	3.1931	-0.2797	-0.5148	3.0606	-0.2267	-0.7584	3.2546	-0.0378	-0.1949	3.4748	0.1349	-0.7159	3.2605	0.0388	-0.7407	3.2617	0.077	
0.600	0.0883	-0.7341	3.2912	-0.1283	-1.0897	2.8013	-0.2324	-0.8682	3.1924	-0.2825	-0.5160	3.0598	-0.2064	-0.7374	3.2348	-0.0382	-0.1950	3.4738	0.1352	-0.7153	3.2604	0.0400	-0.7392	3.2613	0.080	
0.633	0.0881	-0.7342	3.2912	-0.1299	-1.0977	2.8000	-0.2332	-0.8678	3.1929	-0.2836	-0.5167	3.0583	-0.1920	-0.6980	3.2180	-0.0400	-0.1954	3.4714	0.1343	-0.7155	3.2605	0.0400	-0.7392	3.2612	0.083	
0.666	0.0886	-0.7336	3.2911	-0.1260	-1.0961	2.7994	-0.2379	-0.8673	3.1944	-0.2867	-0.5169	3.0585	-0.1905	-0.7036	3.2186	-0.0400	-0.1951	3.4711	0.1347	-0.7149	3.2604	0.0408	-0.7388	3.2613	0.087	
0.700	0.0905	-0.7330	3.2917	-0.1028	-1.1105	2.8041	-0.2381	-0.8674	3.1943	-0.2873	-0.5171	3.0582	-0.1888	-0.7037	3.2180	-0.0402	-0.1947	3.4712	0.1381	-0.7136	3.2619	0.0416	-0.7386	3.2613	0.090	
0.733	0.0904	-0.7334	3.2918	-0.1088	-1.1196	2.7971	-0.2379	-0.8705	3.1951	-0.2864	-0.5172	3.0582	-0.1901	-0.7062	3.2181	-0.0395	-0.1948	3.4710	0.1381	-0.7141	3.2620	0.0413	-0.7390	3.2616	0.093	
0.766	0.0897	-0.7338	3.2912	-0.1117	-1.1229	2.7978	-0.2516	-0.8744	3.1947	-0.2875	-0.5180	3.0581	-0.2263	-0.7608	3.2536	-0.0398	-0.1955	3.4707	0.1371	-0.7145	3.2614	0.0408	-0.7395	3.2610	0.097	
0.800	0.0903	-0.7340	3.2919	-0.1052	-1.1328	2.7955	-0.2427	-0.8713	3.1964	-0.2880	-0.5180	3.0580	-0.2225	-0.7824	3.2634	-0.0403	-0.1961	3.4710	0.1380	-0.7147	3.2630	0.0412	-0.7397	3.2611	0.100	
0.833	0.0897	-0.7341	3.2912	-0.1087	-1.1407	2.7935	-0.3268	-0.9388	3.1398	-0.2865	-0.5179	3.0580	-0.2271	-0.7613	3.2544	-0.0418	-0.1960	3.4705	0.1368	-0.7148	3.2624	0.0409	-0.7399	3.2600	0.103	
0.866	0.0891	-0.7347	3.2904	-0.1107	-1.1446	2.7912	-0.3261	-0.9388	3.1399	-0.2878	-0.5125	3.0588	-0.2113	-0.7382	3.2345	-0.0415	-0.1967	3.4701	0.1360	-0.7153	3.2619	0.0406	-0.7407	3.2589	0.107	
0.900	0.0902	-0.7348	3.2898	-0.1056	-1.1446	2.7915	-0.3262	-0.9386	3.1402	-0.2873	-0.5162	3.0579	-0.2257	-0.7610	3.2516	-0.0417	-0.1969	3.4700	0.1367	-0.7152	3.2616	0.0422	-0.7411	3.2578	0.110	
0.933	0.0902	-0.7350	3.2896	-0.1067	-1.1460	2.7906	-0.3255	-0.9386	3.1403	-0.2871	-0.5182	3.0579	-0.2264	-0.7604	3.2515	-0.0420	-0.1970	3.4699	0.1361	-0.7154	3.2613	0.0428	-0.7416	3.2575	0.113	
0.966	0.0893	-0.7354	3.2901	-0.1099	-1.1493	2.7891	-0.3704	-0.9801	3.1007	-0.2886	-0.5097	3.0593	-0.1918	-0.7002	3.2149	-0.0422	-0.1972	3.4704	0.1349	-0.7160	3.2618	0.0421	-0.7418	3.2580	0.117	
1.000	0.0882	-0.7345	3.2884	-0.1139	-1.1136	2.7918	-0.3787	-0.9793	3.0965	-0.2872	-0.5177	3.0590	-0.2284	-0.7593	3.2513	-0.0437	-0.1979	3.4714	0.1350	-0.7153	3.2606	0.0391	-0.7403	3.2558	0.120	
1.033	0.0880	-0.7330	3.2907	-0.1225	-1.0908	2.7937	-0.3777	-0.9794	3.0968	-0.2881	-0.5132	3.0611	-0.2283	-0.7593	3.2508	-0.0437	-0.1978	3.4714	0.1352	-0.7144	3.2614	0.0382	-0.7382	3.2608	0.123	
1.066	0.0878	-0.7322	3.2904	-0.1222	-1.0884	2.7954	-0.3826	-0.9817	3.0955	-0.2770	-0.5108	3.0618	-0.2283	-0.7590	3.2507	-0.0437	-0.1977	3.4713	0.1356	-0.7136	3.2612	0.0373	-0.7370	3.2602	0.127	
1.100	0.0873	-0.7313	3.2904	-0.1268	-1.0815	2.7980	-0.3831	-0.9814	3.0952	-0.2766	-0.5172	3.0584	-0.2283	-0.7591	3.2510	-0.0430	-0.1969	3.4697	0.1351	-0.7129	3.2608	0.0370	-0.7360	3.2605	0.130	
1.133	0.0816	-0.7220	3.2606	-0.1283	-1.0791	2.7995	-0.3929	-0.9793	3.0959	-0.2811	-0.5178	3.0578	-0.1975	-0.6981	3.2154	-0.0415	-0.1961	3.4695	0.1261	-0.7032	3.2198	0.0346	-0.7276	3.2396	0.133	
1.166	0.0825	-0.7202	3.2583	-0.0994	-1.0891	2.8108	-0.3975	-0.9889	3.0975	-0.2783	-0.5187	3.0569	-0.1917	-0.7075	3.2168	-0.0606	-0.2101	3.4759	0.1192	-0.6930	3.1997	0.0426	-0.7278	3.2452	0.137	
1.200	0.0806	-0.7197	3.2522	-0.0890	-1.0621	2.8070	-0.3227	-0.8860	3.1093	-0.2748	-0.5194	3.0554	-0.2252	-0.7610	3.2516	-0.0609	-0.2102	3.4755	0.1142	-0.6928	3.1914	0.0428	-0.7282	3.2448	0.140	
1.233	0.0353	-0.7134	3.2117	-0.0626	-1.0599	2.8119	-0.3221	-0.8835	3.1087	-0.2741	-0.5202	3.0545	-0.1780	-0.7155	3.2143	-0.0614	-0.2106	3.4744	0.0691	-0.6852	3.1541	0.0010	-0.7283	3.2095	0.143	
1.266	0.0335	-0.7174	3.2084	-0.0585	-1.0592	2.8136	-0.3219	-0.8811	3.1096	-0.2742	-0.5209	3.0543	-0.2305	-0.7180	3.2378	-0.0614	-0.2106	3.4747	0.0671	-0.6892	3.1510	-0.0008	-0.7323	3.2059	0.147	
1.300	0.0331	-0.7191	3.2066	-0.0592	-1.0650	2.8136	-0.3239	-0.8893	3.1076	-0.2738	-0.5212	3.0537	-0.2284	-0.7576	3.2518	-0.0616	-0.2106	3.4745	0.0664	-0.6908	3.1495	-0.0008	-0.7340	3.2039	0.150	
1.333	0.0462	-0.7226	3.2088	-0.0550	-1.0638	2.8154	-0.3231	-0.8821	3.1080	-0.2733	-0.5218	3.0536	-0.2320	-0.7401	3.2468	-0.0592	-0.2066	3.4727	0.0742	-0.6926	3.1512	0.0186	-0.7397	3.2066	0.153	
1.366	0.0563	-0.7365	3.2152	-0.0526	-1.0636	2.8168	-0.3234	-0.8944	3.1123	-0.2728	-0.5228	3.0534	-0.2292	-0.7507	3.2498	-0.0599	-0.2074	3.4717	0.0766	-0.6981	3.1523	0.0401	-0.7648	3.2219	0.157	
1.400	0.0480	-0.7371	3.2197	-0.0574	-1.0674	2.8217	-0.3229	-0.8842	3.1116	-0.2821	-0.5242	3.0523	-0.2307	-0.7411	3.2473	-0.0604	-0.2078	3.4712	0.0687	-0.7026	3.1574	0.0256	-0.7588	3.2254	0.160	
1.433	0.0573	-0.7359	3.2190	-0.0602	-1.0689	2.8238	-0.3238	-0.8911	3.1112	-0.2725	-0.5237	3.0523	-0.2293	-0.7489	3.2500	-0.0604	-0.2086	3.4691	0.0837	-0.6978	3.1573	0.0316	-0.7595	3.2231	0.163	
1.466	0.0614	-0.7349	3.2158	-0.0785	-1.0830	2.8153	-0.3231	-0.8858	3.1110	-0.2756	-0.5242	3.0522	-0.2306	-0.7418	3.2478	-0.0608	-0.2077	3.4673	0.0881	-0.6942	3.1494	0.0354	-0.7603	3.2220	0.167	
1.500	0.0635	-0.7310	3.2144	-0.0809	-1.0847	2.8144	-0.3234	-0.8841	3.1102	-0.2739	-0.5246	3.0538	-0.2283	-0.7538	3.2516	-0.0583	-0.2030	3.4544	0.0897	-0.6878	3.1474	0.0371	-0.7589	3.2212	0.170	
1.533	0.0354	-0.7213	3.1942	0.1641	-0.8368	3.1363	-0.3239	-0.8900	3.1103	-0.2732	-0.5242	3.0539	-0.1847	-0.7186	3.2192	-0.0564	-0.1935	3.4519	0.0526	-0.6843	3.1204	0.0156	-0.7456	3.2064	0.173	
1.566	0.0711	-0.7316	3.2027	0.1815	-0.9999	3.1777	-0.4212	-0.9861	3.0976	-0.2730	-0.5232	3.0538	-0.2260	-0.7587	3.2530	-0.0550	-0.1946	3.4486	0.1121	-0.6980	3.1301	0.0296	-0.7509	3.2131	0.177	
1.600	0.0901	-0.7419	3.2131	0.1733	-0.9629	3.1612	-0.3250	-0.8944	3.1101	-0.2714	-0.5226	3.0531	-0.2294	-0.7389	3.2447	-0.0543	-0.1907	3.4470	0.1310	-0.7112	3.1452	0.0485	-0.7591	3.2213	0.180	
1.633	0.1024	-0.7458	3.2161	0.1776	-0.9115	3.1342	-0.3251	-0.8958	3.1102	-0.2680	-0.5213	3.0532	-0.2296	-0.7385	3.2438	-0.0541	-0.1893	3.4477	0.1571	-0.7177	3.1849	0.0631	-0.7651	3.2005	0.183	
1.666	0.1027	-0.7458	3.2176	0.1711	-0.9240	3.1393	-0.3255	-0.8975	3.1103	-0.2681	-0.5187	3.0538	-0.2192	-0.7413	3.2393	-0.0549	-0.1861	3.4493	0.1486	-0.7157	3.1670	0.0628	-0.7641	3.2217	0.187	
1.700	0.0597	-0.7108	3.2096	0.2019	-0.9732	3.1557	-0.3253	-0.8978	3.1108	-0.2678	-0.5182	3.0539	-0.2300	-0.7358	3.2429	-0.0542	-0.1845	3.4485	0.0931	-0.6639	3.1464	0.0310	-0.7473	3.2143	0.190	
1.733	0.0545	-0.7102	3.2080	0.2007	-0.9763	3.1558	-0.3253	-0.8986	3.1110	-0.2685	-0.5177	3.0537	-0.1874	-0.7133	3.2155	-0.0491	-0.1831	3.4492	0.0896	-0.6638	3.1449	0.0186	-0.7442	3.2112	0.193	
1.766	0.0519	-0.7103	3.2066	0.1995	-0.9908	3.1579	-0.3254	-0.8987	3.1106	-0.2684	-0.5176	3.0539	-0.2273	-0.7588	3.2505	-0.0509	-0.1809	3.4479	0.0836	-0.6642	3.1415	0.0179	-0.7441	3.2109	0.197	
1.800	0.0501	-0.7084	3.2074	0.2003	-0.9961	3.1519	-0.3211	-0.8816	3.1095	-0.2694	-0.5178	3.0536	-0.2379	-0.7131	3.2362	-0.0539	-0.1788	3.4505	0.0819	-0.6617	3.1441	0.0161	-0.7423	3.2108	0.200	
1.833	0.0447	-0.7185	3.1992	0.1718	-1.0141	3.1911	-0.3229	-0.8907	3.1091	-0.2691	-0.5178	3.0535	-0.2283	-0.7657	3.2506	-0.0545	-0.1786	3.4482	0.0773	-0.6845	3.1221	0.0118	-0.7452	3.2096	0.203	
1.866	0.0735	-0.7471	3.2120	0.1397	-0.9757	3.1601	-0.3234	-0.8925	3.1083	-0.2699	-0.5174	3.0531	-0.2286	-0.7632	3.2490	-0.0548	-0.1787	3.4474	0.1153	-0.7236	3.1429	0.0274	-0.7562	3.2189	0.207	
1.900	0.0973	-0.7412	3.2200	0.1685	-0.9804	3.1556	-0.3236	-0.8946	3.1084	-0.2713	-0.5176	3.0530	-0.2287	-0.7616	3.2480	-0.0560	-0.1788	3.4485	0.1396	-0.7099	3.1527	0.0565	-0.7577	3.2284	0.210	
1.933	0.0860	-0.7403	3.2112	0.1705	-0.9880	3.1769	-0.3236	-0.8867	3.1070	-0.2714	-0.5176	3.0530	-0.2288	-0.7613	3.2468	-0.0481	-0.1804	3.4479	0.1198	-0.7052	3.1326	0.0488	-0.7593	3.2253	0.213	
1.966	0.0712	-0.7240	3.2098	0.1613	-0.8455	3.1381	-0.3248	-0.8930	3.1047	-0.2705	-0.5177	3.0531	-0.2327	-0.7425	3.2407	-0.0472	-0.1807	3.4476	0.1021	-0.6737	3.1374	0.0382	-0.7546	3.2227	0.217	
2.000	0.0752	-0.7271	3.2087	0.1829	-1.0092	3.1793	-0.3250	-0.8957	3.1068	-0.2704	-0.5182	3.0533	-0.2330	-0.7410	3.2403	-0.0454	-0.1811	3.4453	0.1147	-0.6898	3.1331	0.0389	-0.7546	3.2226	0.220	
2.033	0.0939	-0.7349	3.2152	0.1784	-0.9879	3.1667	-0.3250	-0.8964	3.1073	-0.2709	-0.5182	3.0531	-0.2336	-0.7403	3.2403	-0.0341	-0.1876	3.4367	0.1349	-0.6982	3.1424	0.0509	-0.7587	3.2270	0.223	
2.066	0.0970	-0.7394	3.2162	0.1673	-0.9287	3.1559	-0.3223	-0.8832	3.1081	-0.2710	-0.5182	3.0528	-0.2334	-0.7089	3.2299	-0.0333	-0.1875	3.4368	0.1379	-0.7047	3.1433	0.0542	-0.7614	3.2284	0.227	
2.100	0.1015	-0.7390	3.2164	0.1701	-0.9301	3.1572	-0.3228	-0.8893	3.1097	-0.2710	-0.5182	3.0530	-0.1808	-0.7166	3.2088	-0.0324	-0.1870	3.4366	0.1400	-0.7054	3.1443	0.0631	-0.7584	3.2272	0.230	
2.133	0.1038	-0.7512	3.2993	-0.1621	-1.0723	2.7474	-0.3239	-0.8934	3.1088	-0.2733	-0.5183	3.0524	-0.2299	-0.7613	3.2456	-0.0316	-0.1872	3.4363	0.1434	-0.7264	3.2466	0.0623	-0.7623	3.2921	0.233	
2.166	0.1049	-0.7520	3.2983	-0.1468	-1.1333	2.8036	-0.3242	-0.8938	3.1083	-0.2732	-0.5180	3.0519	-0.2395	-0.7163	3.2332	-0.0313	-0.1870	3.4358	0.1448	-0.7271	3.2441	0.0634	-0.7633	3.2921	0.237	
2.200	0.1051	-0.7519	3.2981	-0.1468	-1.1332	2.8036	-0.3224	-0.8798	3.1075	-0.2731	-0.5180	3.0519	-0.2357	-0.7270	3.2342	-0.0313	-0.1867	3.4357	0.1449	-0.7271	3.2440	0.0637	-0.7631	3.2917	0.240	
2.233	0.1058	-0.7516	3.2982	-0.1445	-1.1315	2.8065	-0.3241	-0.8888	3.1072	-0.2768	-0.5193	3.0523	-0.2341	-0.7339	3.2353	-0.0315	-0.1859	3.4369	0.1459	-0.7268	3.2448	0.0642	-0.7627	3.2916	0.243	
2.266	0.1059	-0.7515	3.2980	-0.1445	-1.1315	2.8065	-0.3244	-0.8915	3.1071	-0.2762	-0.5214	3.0526	-0.2344	-0.7349	3.2359	-0.0362	-0.1796	3.4364	0.1459	-0.7267	3.2446	0.0643	-0.7627	3.2914	0.247	
2.300	0.1055	-0.7524	3.2977	-0.1451	-1.1321	2.8057	-0.3249	-0.8934	3.1062	-0.2754	-0.5214	3.0522	-0.2335	-0.7365	3.2351	-0.0450	-0.1832	3.4358	0.1454	-0.7287	3.2446	0.0639	-0.7630	3.2909	0.250	
2.333	0.1056	-0.7529	3.2981	-0.1447	-1.1374	2.8049	-0.3238	-0.8869	3.1078	-0.2749	-0.5209	3.0522	-0.2005	-0.7045	3.2109	-0.0422	-0.1830	3.4373	0.1455	-0.7296	3.2452	0.0640	-0.7631	3.2911	0.253	
2.366	0.1057	-0.7531	3.2979	-0.1447	-1.1373	2.8047	-0.3247	-0.8924	3.1068	-0.2748	-0.5204	3.0523	-0.2351	-0.7358	3.2370	-0.0505	-0.1899	3.4319	0.1454	-0.7301	3.2450	0.0643	-0.7631	3.2907	0.257	
2.400	0.1056	-0.7536	3.2979	-0.1453	-1.1370	2.8047	-0.3240	-0.8946	3.1081	-0.2734	-0.5201	3.0520	-0.2307	-0.7572	3.2424	-0.0530	-0.1920	3.4295	0.1454	-0.7312	3.2456	0.0642	-0.7632	3.2905	0.260	
2.433	0.1070	-0.7526	3.2982	-0.1430	-1.1346	2.8071	-0.3240	-0.8954	3.1084	-0.2728	-0.5194	3.0523	-0.2305	-0.7574	3.2429	-0.0547	-0.1939	3.4282	0.1468	-0.7296	3.2463	0.0655	-0.7626	3.2906	0.263	
2.466	0.1003	-0.7444	3.2989	-0.1270	-1.1359	2.8306	-0.3593	-0.9823	3.1024	-0.2776	-0.5130	3.0572	-0.2307	-0.7587	3.2436	-0.0540	-0.1927	3.4291	0.1399	-0.7131	3.2681	0.0511	-0.7522	3.2717	0.267	
2.500	0.0888	-0.7324	3.2990	-0.1208	-1.1115	2.8221	-0.3833	-0.9769	3.0937	-0.2819	-0.5123	3.0581	-0.2308	-0.7591	3.2440	-0.0544	-0.1919	3.4296	0.1394	-0.7095	3.2693	0.0296	-0.7389	3.2673	0.270	
2.533	0.0868	-0.7307	3.2968	-0.1209	-1.1075	2.8171	-0.3847	-0.9765	3.0911	-0.2844	-0.5028	3.0636	-0.2305	-0.7597	3.2442	-0.0546	-0.1921	3.4306	0.1393	-0.7093	3.2687	0.0275	-0.7365	3.2644	0.273	
2.566	0.0848	-0.7307	3.2921	-0.1217	-1.1030	2.8109	-0.3886	-0.9782	3.0923	-0.2832	-0.5161	3.0599	-0.2312	-0.7600	3.2442	-0.0559	-0.1927	3.4338	0.1389	-0.7097	3.2642	0.0257	-0.7367	3.2604	0.277	
2.600	0.0846	-0.7305	3.2922	-0.1214	-1.1030	2.8083	-0.3928	-0.9825	3.0913	-0.2851	-0.5129	3.0587	-0.2314	-0.7597	3.2445	-0.0575	-0.1946	3.4363	0.1389	-0.7097	3.2642	0.0254	-0.7365	3.2604	0.280	
2.633	0.0844	-0.7303	3.2921	-0.1202	-1.1001	2.8062	-0.3959	-0.9820	3.0884	-0.2864	-0.5112	3.0590	-0.2319	-0.7591	3.2448	-0.0585	-0.1973	3.4385	0.1390	-0.7096	3.2642	0.0253	-0.7363	3.2603	0.283	
2.666	0.0851	-0.7307	3.2903	-0.1138	-1.1065	2.7992	-0.3961	-0.9841	3.0887	-0.2870	-0.5112	3.0586	-0.2315	-0.7614	3.2459	-0.0605	-0.2060	3.4438	0.1392	-0.7101	3.2624	0.0273	-0.7371	3.2582	0.287	
2.700	0.0862	-0.7303	3.2901	-0.1059	-1.1004	2.8010	-0.3933	-0.9839	3.0898	-0.2868	-0.5134	3.0578	-0.2313	-0.7612	3.2469	-0.0604	-0.2057	3.4449	0.1403	-0.7095	3.2619	0.0293	-0.7369	3.2583	0.290	
2.733	0.0867	-0.7304	3.2895	0.0293	-0.8994	3.1126	-0.3891	-0.9818	3.0933	-0.2877	-0.5154	3.0580	-0.1937	-0.7133	3.2122	-0.0614	-0.2052	3.4465	0.1408	-0.7095	3.2608	0.0300	-0.7372	3.2579	0.293	
2.766	0.0866	-0.7306	3.2888	0.0367	-0.8994	3.1133	-0.3907	-0.9809	3.0961	-0.2888	-0.5136	3.0564	-0.2330	-0.7656	3.2505	-0.0620	-0.2059	3.4476	0.1403	-0.7100	3.2604	0.0304	-0.7373	3.2568	0.297	
2.800	0.0864	-0.7313	3.2884	0.0365	-0.8995	3.1133	-0.3240	-0.9278	3.1461	-0.2894	-0.5124	3.0577	-0.2331	-0.7652	3.2504	-0.0639	-0.2066	3.4545	0.1385	-0.7106	3.2569	0.0316	-0.7399	3.2587	0.300	
2.833	0.0895	-0.7344	3.2890	0.0373	-0.9000	3.1141	-0.3685	-0.9860	3.1031	-0.2894	-0.5144	3.0558	-0.2175	-0.7395	3.2331	-0.0603	-0.2083	3.4546	0.1378	-0.7116	3.2571	0.0474	-0.7478	3.2613	0.303	
2.866	0.0911	-0.7354	3.2890	0.0390	-0.8991	3.1127	-0.3692	-0.9854	3.1006	-0.2900	-0.5155	3.0530	-0.2315	-0.7624	3.2504	-0.0606	-0.2091	3.4552	0.1377	-0.7118	3.2571	0.0497	-0.7485	3.2614	0.307	
2.900	0.0910	-0.7355	3.2890	0.1625	-0.8910	3.1165	-0.3682	-0.9847	3.1007	-0.2907	-0.5138	3.0578	-0.2314	-0.7633	3.2510	-0.0602	-0.2100	3.4559	0.1372	-0.7125	3.2574	0.0491	-0.7481	3.2611	0.310	
2.933	0.0908	-0.7360	3.2885	0.1625	-0.8917	3.1167	-0.3490	-0.9846	3.1122	-0.2902	-0.5162	3.0561	-0.2310	-0.7628	3.2524	-0.0605	-0.2099	3.4559	0.1362	-0.7132	3.2573	0.0484	-0.7482	3.2600	0.313	
2.966	0.0907	-0.7349	3.2930	0.1624	-0.8918	3.1167	-0.3603	-0.9807	3.1098	-0.2911	-0.5139	3.0574	-0.2311	-0.7630	3.2526	-0.0606	-0.2102	3.4560	0.1361	-0.7119	3.2629	0.0470	-0.7465	3.2641	0.317	
3.000	0.0903	-0.7348	3.2927	0.0348	-0.9023	3.1145	-0.3652	-0.9807	3.1079	-0.2917	-0.5109	3.0591	-0.1913	-0.7018	3.2149	-0.0628	-0.2132	3.4595	0.1359	-0.7123	3.2623	0.0446	-0.7445	3.2636	0.320	
3.033	0.0903	-0.7334	3.2933	0.0345	-0.9021	3.1145	-0.3700	-0.9827	3.1042	-0.2892	-0.5105	3.0593	-0.1915	-0.7033	3.2151	-0.0624	-0.2130	3.4596	0.1382	-0.7102	3.2600	0.0404	-0.7410	3.2703	0.323	
3.066	0.0899	-0.7328	3.2920	0.0341	-0.9019	3.1143	-0.3750	-0.9809	3.1011	-0.2896	-0.5105	3.0594	-0.1924	-0.7029	3.2156	-0.0611	-0.2117	3.4604	0.1384	-0.7102	3.2598	0.0381	-0.7390	3.2649	0.327	
3.100	0.0884	-0.7321	3.2909	0.0274	-0.9032	3.1115	-0.3770	-0.9767	3.0988	-0.2901	-0.5105	3.0594	-0.1927	-0.7024	3.2161	-0.0612	-0.2118	3.4603	0.1379	-0.7103	3.2595	0.0359	-0.7380	3.2624	0.330	
3.133	0.0884	-0.7325	3.2895	0.0340	-0.9018	3.1118	-0.3792	-0.9772	3.0987	-0.2881	-0.5101	3.0595	-0.1896	-0.7070	3.2159	-0.0616	-0.2121	3.4605	0.1381	-0.7108	3.2587	0.0356	-0.7386	3.2602	0.333	
3.166	0.0878	-0.7322	3.2887	0.0387	-0.9009	3.1114	-0.3789	-0.9780	3.0915	-0.2893	-0.5102	3.0595	-0.1907	-0.7102	3.2174	-0.0613	-0.2126	3.4608	0.1380	-0.7108	3.2585	0.0349	-0.7383	3.2589	0.337	
3.200	0.0847	-0.7317	3.2874	0.0381	-0.9009	3.1115	-0.3830	-0.9773	3.0931	-0.2898	-0.5104	3.0597	-0.1910	-0.7076	3.2170	-0.0620	-0.2134	3.4611	0.1366	-0.7113	3.2582	0.0300	-0.7368	3.2563	0.340	
3.233	0.0852	-0.7319	3.2862	0.0426	-0.9006	3.1124	-0.3897	-0.9763	3.0902	-0.2889	-0.5103	3.0598	-0.1906	-0.7086	3.2167	-0.0631	-0.2143	3.4610	0.1382	-0.7105	3.2515	0.0305	-0.7379	3.2571	0.343	
3.266	0.0854	-0.7317	3.2862	0.0415	-0.9007	3.1130	-0.3735	-0.9794	3.0988	-0.2879	-0.5078	3.0602	-0.1918	-0.7075	3.2172	-0.0630	-0.2139	3.4611	0.1390	-0.7104	3.2527	0.0306	-0.7377	3.2568	0.347	
3.300	0.0874	-0.7319	3.2867	0.0381	-0.9022	3.1130	-0.3836	-0.9779	3.0926	-0.2838	-0.5078	3.0603	-0.1920	-0.7070	3.2173	-0.0632	-0.2137	3.4615	0.1390	-0.7104	3.2528	0.0383	-0.7391	3.2594	0.350	
3.333	0.0881	-0.7316	3.2872	0.0397	-0.9013	3.1129	-0.3840	-0.9781	3.0924	-0.2879	-0.5080	3.0602	-0.2314	-0.7591	3.2522	-0.0635	-0.2140	3.4614	0.1396	-0.7102	3.2545	0.0385	-0.7389	3.2594	0.353	
3.366	0.0882	-0.7319	3.2868	0.0390	-0.9014	3.1128	-0.3791	-0.9768	3.0950	-0.2904	-0.5082	3.0603	-0.2314	-0.7594	3.2523	-0.0631	-0.2139	3.4612	0.1388	-0.7109	3.2537	0.0389	-0.7393	3.2592	0.357	
3.400	0.0902	-0.7315	3.2906	0.0387	-0.9013	3.1126	-0.3774	-0.9778	3.0940	-0.2909	-0.5082	3.0603	-0.2316	-0.7597	3.2517	-0.0627	-0.2141	3.4607	0.1390	-0.7107	3.2563	0.0426	-0.7387	3.2652	0.360	
3.433	0.0922	-0.7306	3.2919	0.0381	-0.9013	3.1128	-0.3757	-0.9786	3.0995	-0.2917	-0.5084	3.0601	-0.2317	-0.7600	3.2520	-0.0627	-0.2142	3.4609	0.1415	-0.7093	3.2590	0.0434	-0.7383	3.2655	0.363	
3.466	0.0915	-0.7309	3.2890	0.0369	-0.9007	3.1120	-0.3768	-0.9798	3.0989	-0.2919	-0.5096	3.0604	-0.2274	-0.7862	3.2643	-0.0582	-0.2125	3.4597	0.1403	-0.7100	3.2562	0.0427	-0.7383	3.2623	0.367	
3.500	0.0908	-0.7308	3.2886	0.0379	-0.9003	3.1121	-0.3807	-0.9786	3.0967	-0.2906	-0.5141	3.0595	-0.2308	-0.7617	3.2522	-0.0570	-0.2115	3.4588	0.1403	-0.7100	3.2563	0.0390	-0.7378	3.2602	0.370	
3.533	0.0913	-0.7315	3.2876	0.0376	-0.9003	3.1120	-0.4317	-0.9580	3.0798	-0.2909	-0.5144	3.0598	-0.2309	-0.7615	3.2519	-0.0581	-0.2124	3.4586	0.1400	-0.7108	3.2554	0.0408	-0.7388	3.2591	0.373	
3.566	0.0919	-0.7316	3.2872	0.0376	-0.9004	3.1121	-0.3819	-0.9799	3.0981	-0.2915	-0.5141	3.0597	-0.2311	-0.7614	3.2521	-0.0585	-0.2129	3.4584	0.1408	-0.7107	3.2554	0.0415	-0.7390	3.2585	0.377	
3.600	0.0916	-0.7326	3.2874	0.0374	-0.9004	3.1121	-0.3853	-0.9788	3.0938	-0.2904	-0.5134	3.0596	-0.2314	-0.7610	3.2522	-0.0587	-0.2123	3.4572	0.1397	-0.7120	3.2557	0.0416	-0.7400	3.2587	0.375	
3.633	0.0907	-0.7333	3.2875	0.2036	-0.8504	3.1297	-0.3855	-0.9787	3.0938	-0.2904	-0.5137	3.0592	-0.2108	-0.7402	3.2345	-0.0594	-0.2123	3.4574	0.1382	-0.7132	3.2562	0.0412	-0.7404	3.2588	0.375	
3.666	0.0912	-0.7329	3.2867	0.2009	-0.8491	3.1278	-0.3855	-0.9790	3.0939	-0.2906	-0.5132	3.0593	-0.2307	-0.7573	3.2516	-0.0583	-0.2115	3.4572	0.1385	-0.7126	3.2551	0.0418	-0.7400	3.2583	0.375	
3.700	0.0910	-0.7328	3.2867	0.0507	-0.8983	3.1143	-0.3862	-0.9785	3.0891	-0.2906	-0.5129	3.0592	-0.2310	-0.7589	3.2521	-0.0580	-0.2107	3.4583	0.1387	-0.7125	3.2551	0.0408	-0.7398	3.2584	0.375	
3.733	0.0908	-0.7327	3.2871	0.0451	-0.8990	3.1137	-0.3849	-0.9787	3.0922	-0.2924	-0.5127	3.0594	-0.2311	-0.7589	3.2520	-0.0609	-0.2127	3.4580	0.1390	-0.7126	3.2561	0.0401	-0.7395	3.2588	0.375	
3.766	0.0908	-0.7337	3.2862	0.0435	-0.8990	3.1134	-0.3786	-0.9801	3.0970	-0.2923	-0.5125	3.0596	-0.2316	-0.7599	3.2526	-0.0611	-0.2131	3.4586	0.1391	-0.7132	3.2555	0.0403	-0.7412	3.2575	0.375	
3.800	0.0908	-0.7344	3.2861	0.0438	-0.8990	3.1133	-0.3776	-0.9795	3.0976	-0.2931	-0.5122	3.0599	-0.2317	-0.7603	3.2519	-0.0606	-0.2133	3.4585	0.1392	-0.7137	3.2558	0.0402	-0.7421	3.2570	0.375	
3.833	0.0903	-0.7348	3.2856	0.0415	-0.8995	3.1131	-0.3771	-0.9795	3.0981	-0.2915	-0.5121	3.0599	-0.2306	-0.7598	3.2531	-0.0609	-0.2132	3.4581	0.1383	-0.7143	3.2557	0.0400	-0.7425	3.2561	0.375	
3.866	0.0913	-0.7356	3.2865	0.0417	-0.8994	3.1132	-0.3746	-0.9792	3.0984	-0.2890	-0.5112	3.0603	-0.2311	-0.7601	3.2529	-0.0603	-0.2124	3.4577	0.1388	-0.7145	3.2561	0.0419	-0.7442	3.2578	0.375	
3.900	0.0892	-0.7367	3.2850	0.0407	-0.8992	3.1128	-0.3792	-0.9777	3.0949	-0.2885	-0.5112	3.0603	-0.2310	-0.7601	3.2527	-0.0602	-0.2124	3.4578	0.1377	-0.7156	3.2557	0.0382	-0.7448	3.2546	0.375	
3.933	0.0891	-0.7367	3.2854	-0.0800	-0.6473	3.1940	-0.3817	-0.9773	3.0949	-0.2876	-0.5113	3.0602	-0.2313	-0.7607	3.2524	-0.0608	-0.2131	3.4579	0.1383	-0.7158	3.2563	0.0375	-0.7446	3.2552	0.375	
3.966	0.0893	-0.7372	3.2852	-0.0808	-0.6471	3.1927	-0.3658	-0.9800	3.1063	-0.2873	-0.5141	3.0597	-0.2311	-0.7609	3.2529	-0.0601	-0.2127	3.4576	0.1375	-0.7163	3.2560	0.0398	-0.7460	3.2549	0.375	
4.000	0.0901	-0.7369	3.2857	-0.0887	-0.6019	3.1924	-0.3694	-0.9794	3.1091	-0.2864	-0.5135	3.0599	-0.2313	-0.7612	3.2527	-0.0599	-0.2129	3.4582	0.1382	-0.7159	3.2562	0.0408	-0.7456	3.2560	0.375	
4.033	0.0913	-0.7364	3.2854	-0.0772	-0.6493	3.2058	-0.3741	-0.9784	3.1029	-0.2869	-0.5134	3.0598	-0.2313	-0.7614	3.2529	-0.0600	-0.2126	3.4580	0.1404	-0.7152	3.2562	0.0412	-0.7451	3.2555	0.375	
4.066	0.0908	-0.7367	3.2852	-0.0767	-0.6460	3.2012	-0.3195	-0.9813	3.1415	-0.2883	-0.5172	3.0593	-0.2313	-0.7618	3.2527	-0.0599	-0.2128	3.4575	0.1399	-0.7156	3.2563	0.0406	-0.7452	3.2551	0.375	
4.100	0.0901	-0.7369	3.2853	-0.0755	-0.6469	3.2004	-0.3802	-0.9751	3.0967	-0.2888	-0.5100	3.0611	-0.2314	-0.7620	3.2526	-0.0601	-0.2132	3.4582	0.1393	-0.7159	3.2563	0.0397	-0.7452	3.2552	0.375	
4.133	0.0898	-0.7368	3.2860	-0.0787	-0.6454	3.1926	-0.3793	-0.9754	3.0931	-0.2889	-0.5104	3.0612	-0.2312	-0.7616	3.2534	-0.0605	-0.2124	3.4583	0.1389	-0.7160	3.2570	0.0394	-0.7450	3.2560	0.375	
4.166	0.0900	-0.7368	3.2864	-0.0783	-0.6371	3.1922	-0.3803	-0.9751	3.0921	-0.2889	-0.5108	3.0611	-0.2310	-0.7618	3.2534	-0.0609	-0.2130	3.4586	0.1393	-0.7161	3.2579	0.0394	-0.7449	3.2562	0.375	
4.200	0.0908	-0.7379	3.2863	-0.0794	-0.6414	3.1898	-0.3700	-0.9783	3.0968	-0.2899	-0.5115	3.0610	-0.2311	-0.7618	3.2534	-0.0585	-0.2112	3.4594	0.1384	-0.7166	3.2571	0.0455	-0.7483	3.2576	0.375	
4.233	0.0913	-0.7381	3.2867	0.0312	-0.9019	3.1165	-0.3676	-0.9787	3.0976	-0.2877	-0.5168	3.0607	-0.2318	-0.7628	3.2526	-0.0580	-0.2120	3.4592	0.1385	-0.7167	3.2572	0.0457	-0.7484	3.2581	0.375	
4.266	0.0920	-0.7385	3.2872	0.0374	-0.9007	3.1140	-0.3665	-0.9830	3.0978	-0.2875	-0.5193	3.0599	-0.1931	-0.7023	3.2153	-0.0568	-0.2111	3.4584	0.1386	-0.7167	3.2573	0.0465	-0.7487	3.2586	0.375	
4.300	0.0919	-0.7390	3.2866	0.0374	-0.9010	3.1147	-0.3658	-0.9859	3.1000	-0.2903	-0.5169	3.0593	-0.1940	-0.7068	3.2163	-0.0573	-0.2112	3.4565	0.1382	-0.7170	3.2571	0.0465	-0.7494	3.2572	0.375	
4.333	0.0921	-0.7396	3.2864	0.0375	-0.9010	3.1147	-0.3694	-0.9899	3.0995	-0.2903	-0.5164	3.0592	-0.2121	-0.7300	3.1250	-0.0585	-0.2120	3.4557	0.1381	-0.7173	3.2571	0.0466	-0.7500	3.2566	0.375	
4.366	0.0921	-0.7395	3.2862	0.0370	-0.9007	3.1142	-0.3695	-0.9898	3.0992	-0.2889	-0.5159	3.0597	-0.1876	-0.7271	3.1707	-0.0588	-0.2120	3.4555	0.1382	-0.7172	3.2569	0.0465	-0.7499	3.2564	0.375	
4.400	0.0924	-0.7398	3.2864	0.0369	-0.9007	3.1141	-0.3572	-0.9921	3.0982	-0.3081	-0.5024	3.0641	-0.1867	-0.7266	3.1724	-0.0595	-0.2131	3.4543	0.1370	-0.7156	3.2499	0.0504	-0.7540	3.2689	0.375	
4.433	0.0885	-0.7365	3.2894	0.0368	-0.9007	3.1137	-0.3597	-0.9906	3.1016	-0.2899	-0.5122	3.0640	-0.2002	-0.7158	3.1824	-0.0607	-0.2144	3.4538	0.1363	-0.7137	3.2505	0.0371	-0.7468	3.2744	0.375	
4.466	0.0874	-0.7316	3.2941	0.0438	-0.8660	3.0970	-0.3595	-0.9881	3.1007	-0.2893	-0.5205	3.0635	-0.1995	-0.7151	3.1888	-0.0602	-0.2139	3.4503	0.1367	-0.7109	3.2521	0.0347	-0.7399	3.2806	0.375	
4.500	0.0854	-0.7271	3.2948	0.1255	-0.8919	3.1260	-0.3621	-0.9860	3.0986	-0.2859	-0.5232	3.0605	-0.1972	-0.7092	3.2051	-0.0608	-0.2143	3.4486	0.1366	-0.7078	3.2515	0.0305	-0.7331	3.2817	0.375	
4.533	0.0806	-0.7268	3.3022	0.1023	-0.8926	3.1206	-0.2838	-0.8667	3.1416	-0.2817	-0.5407	3.0595	-0.1973	-0.7087	3.2183	-0.0652	-0.2184	3.4493	0.1330	-0.7095	3.2612	0.0261	-0.7314	3.2858	0.375	
4.566	0.0807	-0.7269	3.3022	0.1115	-0.8914	3.1238	-0.3221	-0.8905	3.1244	-0.2844	-0.5356	3.0589	-0.1948	-0.7071	3.2366	-0.0651	-0.2184	3.4475	0.1332	-0.7096	3.2625	0.0267	-0.7322	3.2835	0.375	
4.600	0.0811	-0.7261	3.3019	0.0324	-0.8993	3.1123	-0.3688	-0.9879	3.0982	-0.2796	-0.5306	3.0597	-0.1890	-0.6990	3.2560	-0.0648	-0.2184	3.4465	0.1343	-0.7081	3.2625	0.0267	-0.7316	3.2827	0.375	
4.633	0.0797	-0.7203	3.3050	0.0336	-0.8990	3.1116	-0.3461	-0.9930	3.0950	-0.2803	-0.5223	3.0611	-0.1909	-0.6993	3.2611	-0.0651	-0.2189	3.4426	0.1207	-0.6914	3.2387	0.0352	-0.7208	3.3278	0.375	
4.700	0.0815	-0.7183	3.3056	0.1533	-0.8852	3.1124	-0.3213	-0.8728	3.1042	-0.2840	-0.5051	3.0632	-0.1926	-0.6859	3.2767	-0.0635	-0.2158	3.4403	0.1261	-0.6914	3.2442	0.0342	-0.7246	3.3049	0.375	
4.733	0.0881	-0.7179	3.3097	0.0673	-0.8978	3.1162	-0.3521	-0.9886	3.0971	-0.2782	-0.5106	3.0625	-0.1925	-0.6846	3.2797	-0.0640	-0.2158	3.4406	0.1427	-0.6949	3.2668	0.0376	-0.7249	3.3032	0.375	
4.766	0.0842	-0.7182	3.3087	0.0501	-0.8969	3.1103	-0.3692	-0.9891	3.0919	-0.2806	-0.5263	3.0547	-0.2226	-0.7387	3.3117	-0.0633	-0.2162	3.4416	0.1378	-0.6968	3.2668	0.0289	-0.7247	3.2952	0.375	
4.800	0.0844	-0.7178	3.3085	0.1504	-0.8850	3.1122	-0.3659	-0.9895	3.0940	-0.2818	-0.5246	3.0591	-0.2232	-0.7409	3.3129	-0.0632	-0.2164	3.4418	0.1366	-0.6945	3.2607	0.0311	-0.7247	3.2981	0.375	
4.833	0.0855	-0.7140	3.3084	0.1503	-0.8850	3.1123	-0.3501	-0.9924	3.1034	-0.2843	-0.5255	3.0580	-0.2233	-0.7417	3.3152	-0.0645	-0.2168	3.4408	0.1309	-0.6860	3.2427	0.0419	-0.7180	3.3152	0.375	
4.866	0.0881	-0.7131	3.3087	0.2110	-0.8707	3.1243	-0.3204	-0.8727	3.1076	-0.2860	-0.5133	3.0642	-0.2236	-0.7437	3.3170	-0.0654	-0.2176	3.4396	0.1313	-0.6856	3.2407	0.0491	-0.7204	3.3205	0.375	
4.900	0.0905	-0.7109	3.3091	0.2133	-0.8712	3.1247	-0.3398	-0.9952	3.1055	-0.2804	-0.5126	3.0643	-0.2235	-0.7435	3.3171	-0.0671	-0.2186	3.4386	0.1317	-0.6838	3.2378	0.0530	-0.7195	3.3242	0.375	
4.933	0.0945	-0.7141	3.3103	0.2142	-0.8712	3.1248	-0.2649	-0.9945	3.1614	-0.2805	-0.5089	3.0527	-0.2039	-0.7534	3.3195	-0.0652	-0.2211	3.4388	0.1445	-0.6954	3.2627	0.0547	-0.7258	3.3084	0.375	
4.966	0.0945	-0.7145	3.3098	0.2265	-0.8602	3.1172	-0.4066	-0.9616	3.0949	-0.2739	-0.5111	3.0591	-0.2266	-0.7364	3.3239	-0.0674	-0.2169	3.4386	0.1437	-0.6959	3.2645	0.0506	-0.7258	3.2939	0.375	
5.000	0.0947	-0.7143	3.3102	0.2093	-0.8741	3.1122	-0.3195	-0.8760	3.1111	-0.2835	-0.5113	3.0597	-0.2205	-0.7543	3.3386	-0.0672	-0.2164	3.4393	0.1442	-0.6950	3.2670	0.0493	-0.7245	3.2939	0.375	
5.033	0.0954	-0.7143	3.3098	0.2241	-0.8675	3.1047	-0.3197	-0.8755	3.1094	-0.2783	-0.5117	3.0591	-0.2204	-0.7519	3.3407	-0.0665	-0.2187	3.4407	0.1445	-0.6948	3.2677	0.0499	-0.7244	3.2916	0.375	
5.066	0.0989	-0.7136	3.3103	0.2125	-0.8841	3.1172	-0.3533	-0.9953	3.1057	-0.2796	-0.5122	3.0596	-0.2187	-0.7506	3.3432	-0.0666	-0.2187	3.4407	0.1493	-0.6906	3.2680	0.0513	-0.7250	3.2924	0.375	
5.100	0.1016	-0.7138	3.3116	0.2145	-0.8849	3.1182	-0.3197	-0.8752	3.1096	-0.2806	-0.5048	3.0629	-0.2190	-0.7491	3.3442	-0.0677	-0.2195	3.4412	0.1543	-0.6897	3.2747	0.0520	-0.7254	3.2918	0.375	
5.133	0.1036	-0.7124	3.3129	0.2163	-0.8859	3.1195	-0.3483	-0.9893	3.1068	-0.2779	-0.5230	3.0583	-0.2058	-0.7072	3.3239	-0.0683	-0.2187	3.4409	0.1552	-0.6871	3.2732	0.0548	-0.7248	3.2968	0.375	
5.166	0.1033	-0.7127	3.3149	0.2174	-0.8867	3.1203	-0.3489	-0.9891	3.1054	-0.2788	-0.5208	3.0590	-0.2206	-0.7341	3.3453	-0.0692	-0.2198	3.4398	0.1543	-0.6883	3.2799	0.0544	-0.7248	3.2967	0.375	
5.200	0.1002	-0.7120	3.3190	0.2032	-0.8814	3.1130	-0.3240	-0.9881	3.1238	-0.2784	-0.5208	3.0572	-0.1874	-0.6814	3.3243	-0.0696	-0.2203	3.4388	0.1507	-0.6879	3.2824	0.0508	-0.7238	3.3003	0.375	
5.233	0.1013	-0.7123	3.3221	0.2116	-0.8849	3.1178	-0.3436	-0.9855	3.0983	-0.2817	-0.5205	3.0602	-0.2149	-0.7461	3.3619	-0.0704	-0.2213	3.4377	0.1509	-0.6886	3.2855	0.0517	-0.7236	3.3021	0.375	
5.266	0.1025	-0.7121	3.3219	0.2137	-0.8859	3.1190	-0.3346	-0.9871	3.1064	-0.2817	-0.5199	3.0595	-0.2135	-0.7407	3.3670	-0.0708	-0.2218	3.4367	0.1522	-0.6885	3.2857	0.0529	-0.7233	3.3008	0.375	
5.300	0.1009	-0.7117	3.3219	0.2103	-0.8687	3.1065	-0.3362	-0.9875	3.1052	-0.2815	-0.5196	3.0577	-0.2134	-0.7416	3.3694	-0.0714	-0.2218	3.4367	0.1503	-0.6883	3.2860	0.0509	-0.7226	3.3003	0.375	
5.333	0.1025	-0.7110	3.3224	0.2068	-0.8878	3.1162	-0.3440	-0.9858	3.1110	-0.2833	-0.5194	3.0576	-0.2108	-0.7410	3.3722	-0.0716	-0.2217	3.4375	0.1523	-0.6870	3.2869	0.0517	-0.7224	3.3004	0.375	
5.366	0.1037	-0.7110	3.3234	0.2102	-0.8906	3.1190	-0.3413	-0.9868	3.1117	-0.2856	-0.4996	3.0652	-0.1834	-0.6718	3.3383	-0.0715	-0.2220	3.4377	0.1527	-0.6871	3.2872	0.0538	-0.7221	3.3021	0.375	
5.400	0.1050	-0.7105	3.3230	0.2119	-0.8908	3.1199	-0.3391	-0.9868	3.1152	-0.2820	-0.5246	3.0507	-0.1833	-0.6724	3.3382	-0.0715	-0.2227	3.4376	0.1544	-0.6863	3.2874	0.0548	-0.7217	3.3007	0.375	
5.433	0.1053	-0.7104	3.3222	0.2221	-0.8727	3.1121	-0.3216	-0.8778	3.1118	-0.2816	-0.5235	3.0508	-0.1937	-0.6786	3.3394	-0.0719	-0.2232	3.4374	0.1547	-0.6850	3.2827	0.0550	-0.7220	3.3009	0.375	
5.466	0.1043	-0.7107	3.3222	0.2073	-0.8902	3.1202	-0.3229	-0.9468	3.1713	-0.2823	-0.5235	3.0514	-0.1882	-0.6764	3.3376	-0.0730	-0.2239	3.4373	0.1534	-0.6856	3.2837	0.0536	-0.7225	3.3003	0.375	
5.500	0.1042	-0.7105	3.3223	0.2064	-0.8894	3.1192	-0.3224	-0.9462	3.1722	-0.2821	-0.5225	3.0517	-0.1856	-0.6934	3.3334	-0.0735	-0.2240	3.4374	0.1517	-0.6846	3.2804	0.0551	-0.7219	3.3054	0.375	
5.533	0.1055	-0.7106	3.3242	0.2098	-0.8898	3.1201	-0.3207	-0.9430	3.1755	-0.2834	-0.5174	3.0580	-0.2107	-0.7549	3.3594	-0.0741	-0.2246	3.4373	0.1529	-0.6860	3.2852	0.0564	-0.7216	3.3059	0.375	
5.566	0.0998	-0.7090	3.3287	0.2021	-0.8861	3.1162	-0.3441	-0.9849	3.1110	-0.2833	-0.5168	3.0576	-0.2098	-0.7606	3.3639	-0.0756	-0.2264	3.4401	0.1482	-0.6861	3.2895	0.0497	-0.7185	3.3100	0.375	
5.600	0.0963	-0.7086	3.3293	0.1930	-0.8822	3.1122	-0.3539	-1.0130	3.1156	-0.2869	-0.5087	3.0621	-0.2088	-0.7602	3.3667	-0.0759	-0.2267	3.4404	0.1443	-0.6870	3.2908	0.0463	-0.7172	3.3097	0.375	
5.633	0.0949	-0.7074	3.3295	0.1915	-0.8809	3.1111	-0.3198	-0.8701	3.1126	-0.2856	-0.5027	3.0661	-0.2173	-0.7313	3.3940	-0.0769	-0.2266	3.4419	0.1423	-0.6864	3.2927	0.0448	-0.7148	3.3082	0.375	
5.666	0.0921	-0.7070	3.3274	0.0575	-0.8914	3.1102	-0.3427	-0.9830	3.1096	-0.2815	-0.5257	3.0608	-0.2170	-0.7170	3.3857	-0.0777	-0.2266	3.4425	0.1358	-0.6835	3.2819	0.0436	-0.7155	3.3090	0.375	
5.700	0.0779	-0.7102	3.3385	0.0589	-0.8449	3.0970	-0.3219	-0.9714	3.1632	-0.2789	-0.5227	3.0581	-0.1895	-0.6622	3.3593	-0.0787	-0.2273	3.4431	0.1197	-0.6959	3.3068	0.0316	-0.7144	3.3147	0.375	
5.733	0.0774	-0.7105	3.3389	0.0403	-0.8992	3.1121	-0.3172	-0.9642	3.1710	-0.2789	-0.5202	3.0579	-0.1876	-0.6622	3.3591	-0.0774	-0.2292	3.4434	0.1188	-0.6949	3.3028	0.0306	-0.7166	3.3208	0.375	
5.766	0.0773	-0.7104	3.3387	0.0405	-0.9000	3.1130	-0.3170	-0.9573	3.1660	-0.2785	-0.5210	3.0551	-0.1836	-0.6671	3.3534	-0.0769	-0.2296	3.4436	0.1192	-0.6946	3.3029	0.0301	-0.7157	3.3182	0.375	
5.800	0.0854	-0.7052	3.3319	0.0705	-0.8041	3.1004	-0.3172	-0.9471	3.1691	-0.2790	-0.5210	3.0558	-0.1825	-0.6673	3.3535	-0.0779	-0.2281	3.4438	0.1355	-0.6777	3.2786	0.0361	-0.7148	3.3178	0.375	
5.833	0.0860	-0.7054	3.3309	0.0399	-0.9017	3.1121	-0.3153	-0.9450	3.1710	-0.2791	-0.5213	3.0549	-0.1844	-0.6656	3.3540	-0.0783	-0.2283	3.4441	0.1350	-0.6782	3.2769	0.0379	-0.7158	3.3188	0.375	
5.866	0.0933	-0.7071	3.3319	0.0392	-0.9015	3.1121	-0.3164	-0.9456	3.1710	-0.2798	-0.5199	3.0570	-0.1848	-0.6648	3.3546	-0.0802	-0.2296	3.4444	0.1446	-0.6840	3.2865	0.0443	-0.7167	3.3169	0.375	
5.900	0.0957	-0.7056	3.3299	0.0399	-0.9017	3.1124	-0.3391	-0.9852	3.1099	-0.2802	-0.5173	3.0576	-0.1844	-0.6658	3.3543	-0.0808	-0.2292	3.4453	0.1445	-0.6796	3.2768	0.0490	-0.7164	3.3194	0.375	
5.933	0.1004	-0.7046	3.3308	0.0428	-0.9037	3.1155	-0.3387	-0.9854	3.1060	-0.2802	-0.5161	3.0585	-0.1833	-0.6648	3.3544	-0.0809	-0.2296	3.4457	0.1493	-0.6806	3.2848	0.0545	-0.7142	3.3165	0.375	
5.966	0.0977	-0.7037	3.3313	0.0391	-0.8983	3.1109	-0.3208	-0.8792	3.1130	-0.2802	-0.5155	3.0586	-0.1835	-0.6637	3.3541	-0.0806	-0.2310	3.4460	0.1438	-0.6823	3.2911	0.0489	-0.7107	3.3128	0.375	
6.000	0.0980	-0.7052	3.3319	0.0440	-0.8971	3.1165	-0.3137	-0.9619	3.1834	-0.2828	-0.5154	3.0588	-0.1846	-0.6634	3.3552	-0.0820	-0.2312	3.4478	0.1444	-0.6841	3.2923	0.0493	-0.7125	3.3131	0.375	
6.033	0.0936	-0.7054	3.3329	0.0556	-0.8935	3.1123	-0.3149	-0.9601	3.1816	-0.2832	-0.5173	3.0557	-0.1850	-0.6636	3.3554	-0.0827	-0.2313	3.4485	0.1419	-0.6843	3.2934	0.0427	-0.7133	3.3136	0.375	
6.066	0.0928	-0.7052	3.3321	0.0619	-0.8466	3.1068	-0.2922	-0.9387	3.1925	-0.2862	-0.5082	3.0571	-0.1845	-0.6631	3.3549	-0.0840	-0.2310	3.4485	0.1412	-0.6844	3.2933	0.0419	-0.7127	3.3117	0.375	
6.100	0.0940	-0.7074	3.3301	0.1982	-0.8654	3.1184	-0.3002	-0.9420	3.1888	-0.2875	-0.5138	3.0555	-0.1831	-0.6657	3.3546	-0.0840	-0.2315	3.4483	0.1420	-0.6859	3.2926	0.0440	-0.7160	3.3077	0.375	
6.133	0.0900	-0.7083	3.3320	0.1997	-0.8726	3.1179	-0.3039	-0.9423	3.1885	-0.3083	-0.5100	3.0601	-0.1905	-0.6603	3.3548	-0.0845	-0.2315	3.4483	0.1346	-0.6898	3.2975	0.0421	-0.7155	3.3083	0.375	
6.166	0.0876	-0.7073	3.3317	0.1881	-0.8740	3.1128	-0.3047	-0.9419	3.1874	-0.2869	-0.5247	3.0481	-0.2058	-0.7548	3.3630	-0.0847	-0.2315	3.4483	0.1328	-0.6890	3.2971	0.0398	-0.7141	3.3079	0.375	
6.200	0.0842	-0.7106	3.3311	0.1847	-0.8734	3.1115	-0.3093	-0.9413	3.1883	-0.2906	-0.5198	3.0549	-0.2162	-0.7223	3.3823	-0.0847	-0.2314	3.4482	0.1301	-0.6929	3.2974	0.0362	-0.7165	3.3063	0.375	
6.233	0.0844	-0.7105	3.3312	0.1919	-0.8614	3.1008	-0.3114	-0.9411	3.1861	-0.2896	-0.5203	3.0567	-0.2064	-0.6725	3.3610	-0.0844	-0.2314	3.4482	0.1308	-0.6927	3.2973	0.0361	-0.7162	3.3070	0.375	
6.266	0.0862	-0.7091	3.3313	0.1997	-0.8488	3.0952	-0.3251	-0.9591	3.1647	-0.2884	-0.5204	3.0548	-0.2167	-0.7142	3.3793	-0.0824	-0.2329	3.4481	0.1338	-0.6899	3.2967	0.0371	-0.7157	3.3073	0.375	
6.300	0.0864	-0.7088	3.3311	0.1891	-0.8663	3.1044	-0.3260	-0.9572	3.1610	-0.2895	-0.5183	3.0563	-0.2143	-0.7342	3.3887	-0.0823	-0.2313	3.4466	0.1343	-0.6893	3.2963	0.0372	-0.7156	3.3072	0.375	
6.333	0.0852	-0.7088	3.3324	0.1907	-0.8639	3.1032	-0.3020	-0.9290	3.1910	-0.2895	-0.5194	3.0575	-0.2156	-0.7182	3.3810	-0.0815	-0.2279	3.4429	0.1324	-0.6899	3.2982	0.0365	-0.7152	3.3081	0.375	
6.366	0.0868	-0.7073	3.3312	0.1997	-0.8494	3.0938	-0.2948	-0.9227	3.1965	-0.2873	-0.5209	3.0522	-0.2139	-0.7201	3.3800	-0.0807	-0.2214	3.4355	0.1330	-0.6884	3.2978	0.0396	-0.7136	3.3055	0.375	
6.400	0.0869	-0.7070	3.3312	0.2009	-0.8500	3.0945	-0.2353	-0.8852	3.2163	-0.2873	-0.5211	3.0513	-0.2165	-0.7242	3.3770	-0.0772	-0.2166	3.4286	0.1330	-0.6881	3.2980	0.0399	-0.7132	3.3054	0.375	
6.433	0.0850	-0.7084	3.3336	0.1904	-0.8671	3.1075	-0.2363	-0.8855	3.2170	-0.2871	-0.5211	3.0522	-0.2157	-0.7267	3.3759	-0.0754	-0.2148	3.4268	0.1316	-0.6887	3.2994	0.0371	-0.7159	3.3093	0.375	
6.466	0.0857	-0.7076	3.3329	0.1913	-0.8664	3.1074	-0.2904	-0.9191	3.2012	-0.2867	-0.5185	3.0529	-0.2690	-0.7085	3.1818	-0.0696	-0.2157	3.4180	0.1321	-0.6875	3.2993	0.0382	-0.7153	3.3076	0.375	
6.500	0.0883	-0.7086	3.3293	0.1921	-0.8665	3.1075	-0.3075	-0.9325	3.1913	-0.2884	-0.5179	3.0527	-0.2652	-0.6944	3.1674	-0.0682	-0.2144	3.4136	0.1342	-0.6870	3.2916	0.0414	-0.7175	3.3063	0.375	
6.533	0.0882	-0.7082	3.3295	0.1868	-0.8733	3.1117	-0.3011	-0.9297	3.1954	-0.2888	-0.5175	3.0529	-0.2942	-0.7107	3.1872	-0.0674	-0.2138	3.4118	0.1341	-0.6866	3.2927	0.0412	-0.7170	3.3063	0.375	
6.566	0.0884	-0.7077	3.3289	0.1862	-0.8727	3.1118	-0.2988	-0.9274	3.1973	-0.2895	-0.5212	3.0566	-0.2951	-0.7068	3.1776	-0.0669	-0.2148	3.4111	0.1342	-0.6822	3.2857	0.0418	-0.7176	3.3082	0.375	
6.600	0.0881	-0.7074	3.3287	0.1849	-0.8724	3.1110	-0.2996	-0.9248	3.1994	-0.2901	-0.5209	3.0560	-0.2958	-0.7142	3.1805	-0.0669	-0.2146	3.4110	0.1339	-0.6833	3.2865	0.0406	-0.7157	3.3071	0.375	
6.633	0.0863	-0.7079	3.3311	0.2187	-0.8850	3.1281	-0.2988	-0.9187	3.2040	-0.2888	-0.5197	3.0553	-0.2990	-0.7115	3.1749	-0.0669	-0.2144	3.4112	0.1310	-0.6868	3.2982	0.0392	-0.7157	3.3073	0.375	
6.666	0.0861	-0.7076	3.3307	0.1879	-0.8736	3.1131	-0.2985	-0.9155	3.2055	-0.2871	-0.5194	3.0555	-0.3054	-0.7018	3.1642	-0.0669	-0.2152	3.4115	0.1310	-0.6866	3.2971	0.0390	-0.7154	3.3070	0.375	
6.700	0.0875	-0.7082	3.3293	0.1890	-0.8782	3.1156	-0.3055	-0.9134	3.2051	-0.2820	-0.5188	3.0554	-0.2413	-0.6677	3.3295	-0.0669	-0.2148	3.4105	0.1325	-0.6870	3.2953	0.0407	-0.7164	3.3055	0.375	
6.733	0.0874	-0.7075	3.3282	0.1880	-0.8777	3.1150	-0.3033	-0.9095	3.2069	-0.2835	-0.5192	3.0552	-0.2171	-0.6400	3.3183	-0.0665	-0.2115	3.4068	0.1322	-0.6847	3.2880	0.0406	-0.7163	3.3058	0.375	
6.766	0.0897	-0.7083	3.3253	0.1918	-0.8789	3.1165	-0.3083	-0.9026	3.2048	-0.2827	-0.5189	3.0548	-0.2200	-0.4571	3.5299	-0.0670	-0.2111	3.4057	0.1335	-0.6853	3.2866	0.0437	-0.7174	3.3029	0.375	
6.800	0.0896	-0.7081	3.3244	0.1981	-0.8691	3.1087	-0.3072	-0.9004	3.2050	-0.2820	-0.5193	3.0542	-0.2014	-0.4217	3.5368	-0.0682	-0.2112	3.4007	0.1334	-0.6852	3.2852	0.0437	-0.7174	3.3027	0.375	
6.833	0.0895	-0.7089	3.3237	0.1967	-0.8675	3.1082	-0.3061	-0.8973	3.2069	-0.2817	-0.5190	3.0544	-0.1481	-0.3683	3.5180	-0.0695	-0.2120	3.3981	0.1339	-0.6858	3.2845	0.0431	-0.7188	3.3023	0.375	
6.866	0.0896	-0.7089	3.3234	0.2080	-0.8519	3.0939	-0.3078	-0.9099	3.1969	-0.2809	-0.5197	3.0531	-0.1406	-0.3697	3.5180	-0.0693	-0.2156	3.3946	0.1345	-0.6859	3.2838	0.0428	-0.7188	3.3022	0.375	
6.900	0.0904	-0.7090	3.3223	0.2020	-0.8777	3.1080	-0.3168	-0.8966	3.2055	-0.2809	-0.5197	3.0531	-0.1447	-0.3701	3.5235	-0.0705	-0.2168	3.3937	0.1348	-0.6859	3.2832	0.0443	-0.7189	3.3010	0.375	
6.933	0.0915	-0.7090	3.3208	0.0330	-0.8987	3.1160	-0.3073	-0.8937	3.2060	-0.2808	-0.5197	3.0521	-0.1455	-0.3695	3.5240	-0.0706	-0.2168	3.3937	0.1359	-0.6858	3.2815	0.0453	-0.7193	3.3001	0.375	
6.966	0.0924	-0.7097	3.3205	0.0331	-0.8992	3.1162	-0.2839	-0.8818	3.2127	-0.2806	-0.5196	3.0517	-0.1468	-0.3689	3.5248	-0.0710	-0.2171	3.3936	0.1370	-0.6861	3.2813	0.0462	-0.7204	3.3000	0.375	
7.000	0.0929	-0.7100	3.3197	0.1318	-0.8977	3.1375	-0.2896	-0.8832	3.2116	-0.2801	-0.5191	3.0520	-0.1461	-0.3701	3.5228	-0.0711	-0.2169	3.3934	0.1372	-0.6861	3.2802	0.0469	-0.7211	3.2994	0.375	
7.033	0.0929	-0.7099	3.3195	0.0796	-0.9002	3.1258	-0.2900	-0.8789	3.2142	-0.2773	-0.5186	3.0519	-0.1466	-0.3694	3.5184	-0.0713	-0.2153	3.3932	0.1370	-0.6854	3.2784	0.0470	-0.7210	3.3002	0.375	
7.066	0.0933	-0.7102	3.3187	0.0668	-0.8138	3.1187	-0.2984	-0.8795	3.2142	-0.2771	-0.5190	3.0510	-0.1499	-0.3668	3.5202	-0.0716	-0.2149	3.3918	0.1370	-0.6854	3.2771	0.0479	-0.7219	3.2999	0.375	
7.100	0.0944	-0.7106	3.3185	0.0678	-0.8287	3.1179	-0.3022	-0.8789	3.2151	-0.2769	-0.5211	3.0512	-0.1512	-0.3661	3.5250	-0.0716	-0.2151	3.3882	0.1376	-0.6851	3.2759	0.0509	-0.7240	3.3016	0.375	
7.133	0.0942	-0.7116	3.3177	0.0936	-0.8913	3.1180	-0.3089	-0.8687	3.2205	-0.2774	-0.5162	3.0505	-0.1828	-0.3794	3.5445	-0.0727	-0.2124	3.3831	0.1373	-0.6860	3.2760	0.0507	-0.7252	3.2993	0.375	
7.166	0.0906	-0.7084	3.3234	0.0929	-0.8917	3.1177	-0.3120	-0.8751	3.2173	-0.2731	-0.5161	3.0514	-0.2092	-0.3056	3.5338	-0.0726	-0.2122	3.3822	0.1363	-0.6857	3.2818	0.0414	-0.7164	3.3070	0.375	
7.200	0.0793	-0.7092	3.3291	0.0262	-0.8987	3.1219	-0.3119	-0.8772	3.2164	-0.2730	-0.5163	3.0518	-0.2175	-0.3262	3.5189	-0.0735	-0.2127	3.3801	0.1264	-0.6907	3.2888	0.0297	-0.7143	3.3113	0.375	
7.233	0.0782	-0.7092	3.3281	0.0268	-0.8987	3.1217	-0.3139	-0.8937	3.2044	-0.2746	-0.5170	3.0513	-0.2452	-0.3231	3.5192	-0.0755	-0.2168	3.3783	0.1257	-0.6908	3.2877	0.0285	-0.7142	3.3102	0.375	
7.266	0.0792	-0.7090	3.3267	0.1307	-1.1024	3.0498	-0.3138	-0.8859	3.2039	-0.2747	-0.5174	3.0514	-0.2909	-0.3429	3.5310	-0.0774	-0.2186	3.3790	0.1265	-0.6904	3.2865	0.0299	-0.7146	3.3084	0.375	
7.300	0.0795	-0.7088	3.3251	0.0489	-0.8326	3.1148	-0.3147	-0.8826	3.2041	-0.2752	-0.5176	3.0513	-0.3269	-0.4042	3.5232	-0.0790	-0.2225	3.3822	0.1265	-0.6904	3.2862	0.0308	-0.7141	3.3044	0.375	
7.333	0.0791	-0.7089	3.3244	0.0302	-0.8377	3.1295	-0.3130	-0.8867	3.2009	-0.2775	-0.5141	3.0611	-0.3822	-0.4554	3.5506	-0.0808	-0.2254	3.3863	0.1262	-0.6905	3.2849	0.0306	-0.7142	3.3042	0.375	
7.366	0.0877	-0.7079	3.3229	0.0560	-0.8366	3.1324	-0.3131	-0.8859	3.2012	-0.2808	-0.5170	3.0474	-0.3958	-0.4807	3.5491	-0.0843	-0.2313	3.3942	0.1321	-0.6879	3.2812	0.0439	-0.7156	3.3060	0.375	
7.400	0.0874	-0.7101	3.3207	0.0553	-0.7546	3.1292	-0.3138	-0.8834	3.2018	-0.2829	-0.5039	3.0578	-0.3996	-0.4858	3.5474	-0.0837	-0.2330	3.3953	0.1307	-0.6890	3.2768	0.0440	-0.7195	3.3050	0.375	
7.433	0.0870	-0.7114	3.3197	0.0617	-0.8186	3.1258	-0.3099	-0.8866	3.1988	-0.2803	-0.5237	3.0416	-0.2866	-0.6079	3.3139	-0.0831	-0.2328	3.3968	0.1299	-0.6902	3.2772	0.0435	-0.7211	3.3015	0.375	
7.466	0.0873	-0.7109	3.3192	0.0928	-0.8908	3.1219	-0.3020	-0.8855	3.1990	-0.2802	-0.5235	3.0419	-0.2878	-0.6077	3.3146	-0.0830	-0.2317	3.4018	0.1302	-0.6883	3.2743	0.0439	-0.7210	3.3020	0.375	
7.500	0.0870	-0.7105	3.3194	0.0289	-0.8986	3.1220	-0.3033	-0.8889	3.1968	-0.2798	-0.5235	3.0422	-0.2885	-0.6068	3.3151	-0.0844	-0.2312	3.4036	0.1302	-0.6884	3.2770	0.0422	-0.7191	3.3011	0.375	
7.533	0.0874	-0.7101	3.3190	0.0867	-0.8850	3.1082	-0.3033	-0.8881	3.1970	-0.2802	-0.5247	3.0443	-0.2869	-0.6070	3.3148	-0.0849	-0.2311	3.4068	0.1308	-0.6875	3.2752	0.0427	-0.7190	3.3015	0.375	
7.566	0.0861	-0.7100	3.3218	0.0320	-0.9032	3.1251	-0.3034	-0.8773	3.2033	-0.2810	-0.5249	3.0439	-0.2673	-0.6104	3.3139	-0.0853	-0.2298	3.4099	0.1293	-0.6877	3.2773	0.0413	-0.7187	3.3067	0.375	
7.600	0.0865	-0.7098	3.3217	0.0327	-0.9037	3.1261	-0.3074	-0.9084	3.1843	-0.2811	-0.5244	3.0439	-0.2561	-0.6110	3.3141	-0.0853	-0.2289	3.4120	0.1294	-0.6875	3.2773	0.0423	-0.7187	3.3066	0.375	
7.633	0.0846	-0.7100	3.3217	0.0326	-0.9040	3.1261	-0.3038	-0.8650	3.2108	-0.2820	-0.5244	3.0438	-0.2569	-0.6109	3.3139	-0.0856	-0.2289	3.4128	0.1282	-0.6885	3.2788	0.0382	-0.7181	3.3047	0.375	
7.700	0.0848	-0.7079	3.3228	0.0329	-0.9036	3.1238	-0.3055	-0.8375	3.2263	-0.2829	-0.5239	3.0428	-0.2524	-0.6116	3.3152	-0.0859	-0.2266	3.4154	0.1285	-0.6866	3.2794	0.0387	-0.7161	3.3069	0.375	
7.733	0.0846	-0.7080	3.3229	0.0587	-0.8392	3.1229	-0.3057	-0.8359	3.2275	-0.2807	-0.5235	3.0430	-0.2550	-0.6105	3.3150	-0.0863	-0.2260	3.4169	0.1282	-0.6867	3.2795	0.0386	-0.7163	3.3070	0.375	
7.766	0.0834	-0.7076	3.3228	0.0580	-0.8393	3.1222	-0.3057	-0.8342	3.2277	-0.2809	-0.5231	3.0427	-0.2546	-0.6110	3.3157	-0.0882	-0.2253	3.4191	0.1273	-0.6864	3.2792	0.0374	-0.7157	3.3074	0.375	
7.800	0.0831	-0.7074	3.3228	0.0629	-0.8333	3.1192	-0.3050	-0.8333	3.2272	-0.2817	-0.5218	3.0485	-0.2653	-0.6092	3.3168	-0.0879	-0.2248	3.4217	0.1267	-0.6861	3.2787	0.0373	-0.7157	3.3076	0.375	
7.833	0.0829	-0.7070	3.3227	0.0625	-0.8336	3.1195	-0.3049	-0.8327	3.2268	-0.2839	-0.5209	3.0479	-0.2665	-0.6091	3.3187	-0.0871	-0.2232	3.4243	0.1257	-0.6853	3.2781	0.0376	-0.7154	3.3077	0.375	
7.866	0.0828	-0.7067	3.3226	0.0615	-0.8341	3.1201	-0.3034	-0.8306	3.2274	-0.2843	-0.5204	3.0473	-0.2630	-0.6103	3.3228	-0.0879	-0.2232	3.4266	0.1255	-0.6850	3.2782	0.0376	-0.7151	3.3077	0.375	
7.900	0.0819	-0.7064	3.3229	0.0297	-0.8938	3.1219	-0.3045	-0.8289	3.2288	-0.2821	-0.5207	3.0458	-0.2594	-0.6120	3.3216	-0.0912	-0.2238	3.4286	0.1246	-0.6849	3.2789	0.0368	-0.7148	3.3078	0.375	
7.933	0.0818	-0.7062	3.3229	0.0304	-0.8949	3.1225	-0.3040	-0.8286	3.2289	-0.2830	-0.5223	3.0440	-0.2595	-0.6120	3.3246	-0.0935	-0.2235	3.4303	0.1243	-0.6845	3.2791	0.0368	-0.7147	3.3076	0.375	
7.966	0.0817	-0.7058	3.3242	0.0914	-0.9282	3.2188	-0.3013	-0.8194	3.2365	-0.2831	-0.5220	3.0435	-0.2603	-0.6110	3.3243	-0.0967	-0.2228	3.4325	0.1244	-0.6844	3.2790	0.0365	-0.7142	3.3132	0.375	
8.000	0.0814	-0.7055	3.3249	0.0918	-0.9290	3.2191	-0.3018	-0.8196	3.2366	-0.2846	-0.5226	3.0427	-0.2580	-0.6127	3.3244	-0.0969	-0.2227	3.4332	0.1244	-0.6840	3.2809	0.0363	-0.7140	3.3132	0.375	
8.033	0.0800	-0.7056	3.3251	0.0750	-0.9375	3.2271	-0.3026	-0.8226	3.2350	-0.2852	-0.5233	3.0421	-0.2533	-0.6137	3.3248	-0.0980	-0.2227	3.4338	0.1227	-0.6841	3.2804	0.0352	-0.7143	3.3133	0.375	
8.066	0.0785	-0.7057	3.3256	0.0844	-0.9340	3.2223	-0.3038	-0.8240	3.2345	-0.2855	-0.5238	3.0419	-0.2475	-0.6149	3.3252	-0.0997	-0.2226	3.4352	0.1212	-0.6845	3.2819	0.0336	-0.7142	3.3127	0.375	
8.100	0.0812	-0.7059	3.3263	0.0964	-0.9394	3.2317	-0.3045	-0.8252	3.2339	-0.2896	-0.5019	3.0557	-0.2548	-0.6136	3.3251	-0.1019	-0.2221	3.4372	0.1230	-0.6841	3.2818	0.0378	-0.7152	3.3141	0.375	
8.133	0.0808	-0.7054	3.3267	0.0947	-0.9376	3.2293	-0.3041	-0.8261	3.2337	-0.2897	-0.5043	3.0540	-0.2616	-0.6127	3.3259	-0.1050	-0.2191	3.4370	0.1229	-0.6837	3.2818	0.0373	-0.7148	3.3146	0.375	
8.166	0.0798	-0.7043	3.3263	0.0957	-0.9352	3.2256	-0.3030	-0.8279	3.2333	-0.2848	-0.5240	3.0295	-0.2625	-0.6127	3.3257	-0.1059	-0.2197	3.4383	0.1203	-0.6810	3.2775	0.0366	-0.7139	3.3159	0.375	
8.200	0.0825	-0.7044	3.3284	0.1063	-0.9403	3.2355	-0.3029	-0.8305	3.2325	-0.2886	-0.5127	3.0453	-0.2927	-0.6056	3.3274	-0.1094	-0.2205	3.4395	0.1246	-0.6812	3.2828	0.0387	-0.7142	3.3163	0.375	
8.233	0.0802	-0.7046	3.3288	0.1017	-0.9390	3.2319	-0.3030	-0.8331	3.2320	-0.2896	-0.5120	3.0459	-0.2643	-0.6140	3.3258	-0.1120	-0.2209	3.4399	0.1224	-0.6823	3.2850	0.0354	-0.7138	3.3148	0.375	
8.266	0.0784	-0.7047	3.3287	0.0987	-0.9376	3.2289	-0.3031	-0.8344	3.2322	-0.2861	-0.5216	3.0269	-0.2678	-0.6130	3.3253	-0.1168	-0.2230	3.4421	0.1212	-0.6826	3.2849	0.0333	-0.7137	3.3144	0.375	
8.300	0.0771	-0.7050	3.3285	0.0961	-0.9359	3.2263	-0.3031	-0.8373	3.2313	-0.2900	-0.5114	3.0429	-0.2674	-0.6131	3.3252	-0.1167	-0.2230	3.4416	0.1203	-0.6838	3.2868	0.0298	-0.7134	3.3106	0.375	
8.333	0.0765	-0.7054	3.3284	0.0959	-0.9360	3.2262	-0.3031	-0.8384	3.2311	-0.2914	-0.5113	3.0435	-0.2795	-0.6111	3.3252	-0.1198	-0.2233	3.4434	0.1198	-0.6841	3.2864	0.0295	-0.7139	3.3109	0.375	
8.366	0.0762	-0.7051	3.3286	0.0959	-0.9360	3.2263	-0.3022	-0.8395	3.2310	-0.2927	-0.5112	3.0440	-0.2745	-0.6118	3.3276	-0.1209	-0.2227	3.4439	0.1193	-0.6836	3.2864	0.0295	-0.7137	3.3114	0.375	
8.400	0.0761	-0.7053	3.3291	0.0797	-0.9465	3.2342	-0.3022	-0.8399	3.2318	-0.2918	-0.5177	3.0335	-0.2791	-0.6108	3.3272	-0.1226	-0.2238	3.4444	0.1193	-0.6837	3.2864	0.0297	-0.7146	3.3139	0.375	
8.433	0.0701	-0.7088	3.3333	0.1076	-0.9398	3.2316	-0.3026	-0.8409	3.2323	-0.2916	-0.5182	3.0329	-0.2772	-0.6107	3.3284	-0.1233	-0.2245	3.4448	0.1117	-0.6881	3.2920	0.0262	-0.7169	3.3164	0.375	
8.466	0.0690	-0.7089	3.3347	0.1163	-0.9358	3.2253	-0.0548	-0.9104	3.1922	-0.2911	-0.5191	3.0319	-0.2746	-0.6136	3.3303	-0.1235	-0.2245	3.4447	0.1114	-0.6888	3.2941	0.0243	-0.7164	3.3174	0.375	
8.500	0.0661	-0.7109	3.3348	0.1125	-0.9311	3.2303	-0.0031	-0.9070	3.1531	-0.2909	-0.5197	3.0310	-0.2715	-0.6130	3.3311	-0.1242	-0.2243	3.4446	0.1105	-0.6914	3.2973	0.0167	-0.7190	3.3126	0.375	
8.533	0.0657	-0.7110	3.3345	0.1119	-0.9306	3.2301	0.1222	-0.8854	3.1199	-0.2915	-0.5201	3.0304	-0.2743	-0.6159	3.3316	-0.1240	-0.2240	3.4444	0.1103	-0.6912	3.2968	0.0165	-0.7195	3.3126	0.375	
8.566	0.0658	-0.7110	3.3342	0.1196	-0.9219	3.2255	0.1233	-0.8852	3.1196	-0.2921	-0.5205	3.0307	-0.2763	-0.6174	3.3323	-0.1258	-0.2256	3.4455	0.1113	-0.6906	3.2971	0.0166	-0.7197	3.3112	0.375	
8.600	0.0654	-0.7110	3.3330	0.0264	-0.9041	3.1420	0.1237	-0.8851	3.1197	-0.2940	-0.5146	3.0377	-0.2763	-0.6173	3.3322	-0.1256	-0.2254	3.4458	0.1114	-0.6904	3.2969	0.0159	-0.7199	3.3088	0.375	
8.633	0.0657	-0.7105	3.3331	0.0262	-0.9035	3.1408	0.1259	-0.8851	3.1193	-0.2946	-0.5143	3.0390	-0.2763	-0.6176	3.3354	-0.1259	-0.2269	3.4479	0.1116	-0.6903	3.2974	0.0169	-0.7181	3.3084	0.375	
8.700	0.0715	-0.7096	3.3341	0.0299	-0.9070	3.1465	0.1254	-0.8855	3.1204	-0.2947	-0.5215	3.0352	-0.2717	-0.6469	3.1986	-0.1260	-0.2280	3.4477	0.1174	-0.6900	3.2998	0.0238	-0.7167	3.3097	0.375	
8.733	0.0690	-0.7100	3.3366	0.0294	-0.9064	3.1451	0.1250	-0.8861	3.1212	-0.2953	-0.5224	3.0332	-0.3011	-0.6389	3.1971	-0.1255	-0.2287	3.4480	0.1149	-0.6909	3.3018	0.0216	-0.7166	3.3129	0.375	
8.800	0.0675	-0.7106	3.3397	0.0325	-0.9075	3.1462	0.1168	-0.8800	3.1227	-0.2951	-0.5240	3.0327	-0.3126	-0.6360	3.2016	-0.1277	-0.2315	3.4507	0.1123	-0.6941	3.3089	0.0207	-0.7162	3.3145	0.375	
8.833	0.0676	-0.7107	3.3402	0.0367	-0.9093	3.1507	0.1175	-0.8826	3.1245	-0.2946	-0.5240	3.0327	-0.3146	-0.6360	3.2014	-0.1267	-0.2306	3.4513	0.1126	-0.6941	3.3091	0.0207	-0.7161	3.3150	0.375	
8.866	0.0708	-0.7087	3.3436	0.0360	-0.9090	3.1503	0.1210	-0.8886	3.1257	-0.2947	-0.5241	3.0327	-0.3158	-0.6361	3.2019	-0.1263	-0.2301	3.4509	0.1162	-0.6923	3.3126	0.0237	-0.7136	3.3175	0.375	
8.900	0.0709	-0.7087	3.3434	0.0351	-0.9076	3.1483	0.1219	-0.8911	3.1267	-0.2937	-0.5235	3.0329	-0.3187	-0.6353	3.2026	-0.1248	-0.2301	3.4508	0.1166	-0.6924	3.3123	0.0236	-0.7135	3.3171	0.375	
8.933	0.0679	-0.7104	3.3446	0.0350	-0.9073	3.1473	0.1230	-0.8934	3.1278	-0.2934	-0.5235	3.0325	-0.3187	-0.6352	3.2026	-0.1232	-0.2294	3.4510	0.1147	-0.6942	3.3148	0.0188	-0.7149	3.3165	0.375	
8.966	0.0671	-0.7118	3.3472	0.0360	-0.9080	3.1481	0.1226	-0.8939	3.1287	-0.2936	-0.5235	3.0323	-0.3184	-0.6368	3.2043	-0.1219	-0.2298	3.4513	0.1147	-0.6958	3.3177	0.0177	-0.7159	3.3185	0.375	
9.000	0.0681	-0.7119	3.3461	0.0352	-0.9075	3.1465	0.1226	-0.8943	3.1290	-0.2920	-0.5235	3.0317	-0.3209	-0.6383	3.2053	-0.1200	-0.2288	3.4525	0.1165	-0.6953	3.3168	0.0183	-0.7164	3.3169	0.375	
9.033	0.0682	-0.7129	3.3459	0.0367	-0.9074	3.1461	0.1223	-0.8950	3.1296	-0.2891	-0.5230	3.0318	-0.3202	-0.6373	3.2072	-0.1183	-0.2279	3.4548	0.1168	-0.6962	3.3164	0.0182	-0.7175	3.3168	0.375	
9.066	0.0690	-0.7134	3.3500	0.0422	-0.9037	3.1470	0.1221	-0.8941	3.1302	-0.2890	-0.5232	3.0316	-0.3178	-0.6369	3.2089	-0.1172	-0.2286	3.4553	0.1178	-0.6966	3.3207	0.0189	-0.7179	3.3207	0.375	
9.133	0.0786	-0.7107	3.3558	0.0555	-0.9024	3.1500	0.0866	-0.8916	3.1364	-0.2890	-0.5237	3.0315	-0.2953	-0.6406	3.2062	-0.1149	-0.2312	3.4565	0.1274	-0.6940	3.3229	0.0288	-0.7149	3.3307	0.375	
9.166	0.0810	-0.7100	3.3535	0.0555	-0.9023	3.1498	0.0840	-0.8921	3.1376	-0.2906	-0.5188	3.0417	-0.2918	-0.6401	3.2063	-0.1128	-0.2313	3.4573	0.1297	-0.6932	3.3193	0.0314	-0.7143	3.3291	0.375	
9.200	0.0824	-0.7105	3.3545	0.0511	-0.9029	3.1520	0.0827	-0.8922	3.1387	-0.2902	-0.5206	3.0406	-0.2904	-0.6407	3.2070	-0.1102	-0.2324	3.4568	0.1305	-0.6940	3.3203	0.0334	-0.7145	3.3304	0.375	
9.233	0.0909	-0.7121	3.3599	0.0509	-0.9068	3.1568	0.0809	-0.8922	3.1407	-0.2874	-0.5214	3.0386	-0.2899	-0.6405	3.2061	-0.1068	-0.2347	3.4559	0.1370	-0.6950	3.3250	0.0434	-0.7168	3.3362	0.375	
9.266	0.0906	-0.7118	3.3605	0.1065	-0.8560	3.1308	0.0800	-0.8926	3.1414	-0.2881	-0.5189	3.0428	-0.2844	-0.6383	3.2062	-0.1052	-0.2350	3.4562	0.1369	-0.6950	3.3253	0.0428	-0.7160	3.3372	0.375	
9.300	0.0903	-0.7108	3.3612	0.1039	-0.8533	3.1321	0.0798	-0.8927	3.1418	-0.2875	-0.5210	3.0421	-0.2799	-0.6394	3.2096	-0.1047	-0.2348	3.4574	0.1366	-0.6946	3.3257	0.0427	-0.7143	3.3381	0.375	
9.333	0.0897	-0.7097	3.3620	0.1007	-0.8487	3.1337	0.0854	-0.8919	3.1410	-0.2862	-0.5221	3.0415	-0.2773	-0.6382	3.2108	-0.1031	-0.2343	3.4570	0.1364	-0.6941	3.3262	0.0413	-0.7121	3.3392	0.375	
9.366	0.0903	-0.7099	3.3624	0.1020	-0.8504	3.1331	0.0938	-0.8912	3.1412	-0.2857	-0.5224	3.0406	-0.2757	-0.6376	3.2107	-0.1018	-0.2340	3.4577	0.1372	-0.6945	3.3265	0.0418	-0.7123	3.3398	0.375	
9.400	0.0927	-0.7083	3.3631	0.1596	-0.9280	3.2252	0.1054	-0.8894	3.1394	-0.2855	-0.5224	3.0403	-0.2708	-0.6357	3.2106	-0.0997	-0.2350	3.4572	0.1397	-0.6929	3.3269	0.0440	-0.7109	3.3407	0.375	
9.466	0.0956	-0.7078	3.3643	0.1592	-0.9277	3.2247	0.1054	-0.8895	3.1401	-0.2852	-0.5123	3.0477	-0.2692	-0.6345	3.2113	-0.0975	-0.2333	3.4566	0.1432	-0.6927	3.3290	0.0466	-0.7103	3.3413	0.375	
9.500	0.0998	-0.7076	3.3690	0.1624	-0.9273	3.2248	0.1047	-0.8905	3.1410	-0.2839	-0.5166	3.0457	-0.2685	-0.6336	3.2121	-0.0975	-0.2323	3.4565	0.1474	-0.6924	3.3349	0.0505	-0.7103	3.3448	0.375	
9.533	0.1000	-0.7071	3.3698	0.1689	-0.9274	3.2221	0.1053	-0.8906	3.1413	-0.2834	-0.5177	3.0448	-0.2666	-0.6319	3.2126	-0.0964	-0.2321	3.4570	0.1482	-0.6918	3.3361	0.0503	-0.7099	3.3452	0.375	
9.566	0.1145	-0.7085	3.3395	0.1703	-0.9253	3.2224	0.1047	-0.8917	3.1424	-0.2820	-0.5191	3.0450	-0.2662	-0.6317	3.2130	-0.0929	-0.2338	3.4582	0.1583	-0.6907	3.3142	0.0696	-0.7148	3.3044	0.375	
9.600	0.0957	-0.7640	3.3456	0.1719	-0.9253	3.2226	0.0628	-0.9620	2.9814	-0.2813	-0.5195	3.0439	-0.2643	-0.6309	3.2129	-0.0918	-0.2346	3.4584	0.1247	-0.7567	3.3157	0.0656	-0.7531	3.3157	0.375	
9.633	0.0958	-0.7638	3.3457	0.1701	-0.9233	3.2229	0.0616	-0.9621	2.9827	-0.2803	-0.5200	3.0443	-0.2538	-0.6273	3.2164	-0.0895	-0.2354	3.4577	0.1247	-0.7566	3.3158	0.0657	-0.7532	3.3158	0.375	
9.666	0.0991	-0.7594	3.3467	0.1691	-0.9207	3.2198	0.0630	-0.9616	2.9844	-0.2784	-0.5202	3.0438	-0.2553	-0.6277	3.2164	-0.0889	-0.2354	3.4580	0.1305	-0.7511	3.3178	0.0667	-0.7515	3.3163	0.375	
9.733	0.1361	-0.7081	3.3379	0.1774	-0.9292	3.2288	0.1112	-0.8928	3.1444	-0.2695	-0.5203	3.0446	-0.2544	-0.6335	3.2158	-0.0870	-0.2366	3.4563	0.1816	-0.6876	3.3122	0.0860	-0.7210	3.3063	0.375	
9.766	0.1300	-0.7116	3.3371	0.1754	-0.9290	3.2275	0.0642	-0.9753	2.9942	-0.2698	-0.5208	3.0448	-0.2552	-0.6330	3.2164	-0.0867	-0.2367	3.4568	0.1738	-0.6930	3.3117	0.0829	-0.7214	3.3052	0.375	
9.800	0.1249	-0.7112	3.3462	0.1746	-0.9272	3.2257	0.0757	-0.9810	2.9822	-0.2689	-0.5208	3.0451	-0.2591	-0.6336	3.2175	-0.0851	-0.2369	3.4579	0.1727	-0.6920	3.3159	0.0724	-0.7201	3.3198	0.375	
