% Time	A1	A2	A3	A4	A5	A6	
2.351	2.2641	-0.2344	2.4614	-0.1358	-0.1029	-0.3988	
2.384	2.3956	-0.1029	-0.2673	-0.2015	-0.0043	-0.3659	
2.422	2.2641	-0.2344	-0.3659	-0.3659	-0.0700	-0.3001	
2.429	2.1984	-0.2015	-0.3659	-0.9576	0.3902	-0.3659	
2.445	2.0997	-0.3330	-0.3330	-0.3988	-0.2344	-0.2344	
2.472	2.3299	-0.2673	-0.3002	-0.2673	-0.1686	-0.3001	
2.475	2.2641	-1.1878	-0.4317	-0.2015	-0.1358	0.6861	
2.509	2.8230	-0.4317	-0.3002	-0.3330	-0.5303	-0.6289	
2.535	2.3299	-0.2015	-0.3988	-0.2344	-0.1029	-2.5356	
2.538	2.2641	-0.2673	-0.3659	-0.3659	-0.1686	-0.3988	
2.571	2.1984	-0.3002	-0.3002	-0.4316	-0.1686	-0.3001	
2.596	2.1655	0.1930	-0.2673	-0.2344	-0.1029	-0.6289	
2.600	2.2641	-0.0371	-0.3659	-0.2344	-0.1029	-0.5303	
2.627	2.1326	-0.2344	-0.4317	-0.4316	-0.2344	-0.5303	
2.633	2.2970	-0.1358	-0.4317	-0.3001	-0.1358	-2.7658	
2.665	2.3299	-0.4645	-0.2673	-0.3330	-0.1358	-0.1358	
2.688	2.2970	-0.2344	-0.3330	0.9820	0.8176	-0.2015	
2.699	2.2641	-0.2673	-0.2673	-0.3988	-0.1686	-0.4316	
2.730	2.2641	-0.2673	-0.3330	-0.6946	-0.1686	-0.2673	
2.755	2.2641	-0.2673	-0.3002	-0.3330	-0.1358	-0.3988	
2.756	2.0997	-0.3330	-0.4645	-0.7933	-0.2673	-0.4974	
2.783	2.4942	-0.1029	-0.1686	-0.6946	-0.1358	-0.2344	
2.788	2.3299	-0.1029	-0.3002	-0.1686	-0.1686	-0.2673	
2.815	2.2641	-0.3002	-0.0371	-0.3659	-0.1358	-0.3988	
2.819	2.4285	-0.1686	-0.2344	-0.2673	-0.1029	-0.3330	
2.837	2.2970	-0.1029	-0.2344	-0.7933	-0.0043	-0.1358	
2.851	2.1984	-0.2015	-0.2344	-0.5631	-0.1358	-0.2344	
2.876	2.0669	0.3574	-0.3330	-0.2673	-0.2015	-0.6289	
2.881	2.3299	-0.2344	-0.3659	-0.3988	-0.2015	-0.6946	
2.922	2.3299	-0.2015	-0.1358	-0.2673	-0.1686	-0.5631	
2.930	2.4285	-0.1686	-0.2015	-0.3001	-0.1029	-0.2015	
2.943	2.2641	-0.1686	-0.2673	-0.3988	-0.1358	-0.3330	
2.970	2.3299	-0.2344	-0.3988	-0.3001	-0.1686	-0.3659	
2.976	2.2641	-0.2344	-0.2673	-0.4974	-0.2015	-0.4316	
3.007	2.1326	-0.3659	-0.3988	-0.3659	-0.1029	-0.3659	
3.033	2.3627	-0.1358	-0.2344	-0.3001	-0.1358	-0.3330	
3.038	2.2970	-0.2673	-0.3330	-0.3659	-0.1686	-0.2673	
3.066	2.2641	-0.2344	-0.3330	-0.3659	-0.2673	-0.3659	
3.073	2.0997	-0.3330	-0.3988	-0.3659	-0.3330	-0.3988	
3.101	2.1326	-0.3002	-0.2015	-0.3659	-0.1029	-0.3659	
3.132	2.3627	-0.0700	-0.1029	-0.2344	0.1272	-0.1029	
3.133	2.1984	-0.3988	-0.3002	-0.3001	0.0944	-0.2673	
3.161	2.1655	-0.2344	-0.3002	-0.2344	-0.2344	-0.3659	
3.163	2.2312	-0.2344	-0.2344	-0.3001	-0.2673	-0.3988	
3.189	2.1984	-0.2673	-0.3002	-0.5303	0.7190	-0.2673	
3.194	1.8039	-0.3659	-0.0371	-0.2344	0.0615	-0.0700	
3.221	2.1984	-0.2344	-0.3988	-0.3659	-0.0700	-0.4316	
3.225	2.0997	-0.3002	-0.4317	-0.2673	-0.2344	-0.4974	
3.254	2.2312	0.0286	-0.1686	-0.3659	-0.1358	-0.0043	
3.256	2.2312	-0.1686	-0.0700	-0.3659	-0.1686	-0.3988	
3.289	2.2641	-0.2344	-0.3330	-0.3330	-0.1029	-0.3988	
3.321	2.2641	-0.2344	-0.4317	-0.3659	-0.2344	-0.3001	
3.323	2.2312	-0.2344	-0.3002	-0.3988	-0.1029	-0.4974	
3.337	2.1326	-0.2344	-0.3002	-0.4316	-0.1358	-3.0617	
3.352	2.2641	-0.1358	-0.2344	-0.2015	-0.0043	-0.2673	
3.386	2.2312	-0.3002	-0.3659	-0.2673	0.7519	-0.1686	
3.416	2.4285	-0.0371	-0.1029	0.0944	0.0944	0.0615	
3.429	2.2312	-0.2015	-0.3330	-0.3330	-0.9576	-0.4316	
3.444	2.0997	-0.3002	-1.4508	-0.2673	0.2259	-0.1686	
3.470	2.1984	-0.2673	-0.3002	-0.4316	-0.2015	-1.5494	
3.475	2.1326	-0.2344	-0.3988	-0.4974	-0.3330	-0.3330	
3.501	2.3956	-0.0043	-1.2535	-0.1029	0.0944	-0.1358	
3.506	2.1984	-0.2015	-0.3659	-0.3001	-0.2015	-0.4645	
3.533	2.3299	-0.2015	-0.0371	-0.3001	0.7190	-0.5303	
3.538	2.3627	-0.1686	-0.2344	-0.2344	-0.1029	-0.1029	
3.564	2.1655	-0.0700	-0.4645	-0.3330	-0.2015	-0.3659	
3.568	2.2970	-0.1358	-0.1358	-0.3001	-0.0371	-0.3330	
3.600	2.2970	-0.3002	-0.5303	-0.4316	-0.1029	-0.3988	
3.602	2.2641	0.0944	-0.2673	-0.2673	-0.0371	-0.4974	
3.628	2.3627	-0.1358	-0.1029	-0.2673	-0.0700	-0.4645	
3.634	2.3299	-0.2015	-0.3659	-0.2344	-0.0043	-0.3659	
3.669	2.2641	-0.2344	0.8505	-0.2673	-0.1029	-0.5303	
3.690	2.3956	-0.2344	-0.2344	-0.3001	-0.0043	-0.2673	
3.694	2.1326	-0.2673	-0.4317	-0.4316	-0.2015	-0.4974	
3.724	2.1326	-0.3330	-0.4317	-0.4974	0.3245	-0.7604	
3.726	1.3765	-0.3002	-0.2344	-0.3001	0.0615	-0.3330	
3.752	2.4614	-0.1029	-0.2673	-0.0043	-0.8919	-0.2673	
3.757	2.2970	-0.0700	-0.3002	-0.0700	-0.0043	-0.3001	
3.786	2.3299	-0.2015	0.0286	-0.1358	-0.1358	-0.0700	
3.788	2.2641	-0.1686	-0.4317	-0.3001	-0.1686	-0.4316	
3.804	2.1984	-0.2673	-0.3002	-0.8261	-0.2344	-0.3330	
3.823	2.1984	-0.1358	-0.3659	-0.2673	-0.1358	-0.5303	
3.856	2.4285	-0.1686	-0.3002	-0.1029	-0.1686	-0.2015	
3.867	2.3299	-0.1358	-0.2015	-0.2673	-0.4974	-0.2673	
3.882	2.1326	-0.2344	-0.3002	-0.3988	0.3245	0.0944	
3.932	2.2970	-0.2015	-0.3988	-0.3001	-0.3001	-0.2344	
3.935	1.6395	-0.3002	-0.2673	-0.2673	-0.0700	-0.3659	
3.943	2.1984	-0.1358	-1.9439	-0.2344	-0.1358	-0.3330	
3.971	2.3299	-0.2015	-0.2344	-0.2015	-1.8453	-0.6618	
3.976	2.1326	-0.2344	-0.3002	-0.3659	-0.1686	-0.6289	
4.001	2.2312	-0.1686	-0.4645	-0.3330	-0.1358	-0.3001	
4.007	2.2641	-0.2673	-0.3988	-0.4645	-0.0371	-0.3001	
4.034	2.2641	-1.5165	-0.3330	-0.2673	-0.1029	0.3902	
4.038	2.3299	-0.2015	-0.3330	-0.3330	-0.2015	-0.2344	
4.067	2.2312	-0.2344	-0.4645	-0.3988	-0.2015	-0.3001	
4.073	2.3627	-0.1686	-0.2673	-0.1686	-0.1029	0.2259	
4.097	2.2970	-0.1686	-0.3002	-0.1686	-0.1358	-0.3988	
4.101	1.7052	0.1930	-0.0371	-0.3001	0.3902	-0.1686	
4.131	2.2970	-0.2015	-0.2015	-0.3001	-0.2344	-0.2344	
4.168	2.2641	-0.1686	-1.8782	-0.2673	-0.1686	-0.2344	
4.189	2.1984	-0.1029	-0.2344	-0.3988	-0.1358	-1.0234	
4.194	2.1984	-0.3002	-0.3330	0.0944	-0.1686	-0.5303	
4.221	2.3627	-0.0043	-0.2015	-0.1358	0.0615	-0.2673	
4.226	2.3299	-0.2673	-0.2015	-0.2673	-0.2015	-0.4974	
4.253	2.3627	-0.2015	-0.1029	-0.3001	-0.0371	4.0722	
4.258	2.3299	-1.0234	-0.0043	-0.2344	-0.0371	0.8176	
4.285	2.1984	-0.2015	-0.2344	-0.0371	-0.1029	-0.3659	
4.288	2.1655	-0.3330	-0.3002	-0.4316	-0.3001	-3.5877	
4.322	2.4285	0.0944	-0.1358	-0.1358	0.0286	-0.2015	
4.356	2.3299	-0.2015	-0.3002	-0.2015	-0.0700	-0.4645	
4.368	1.8367	-0.1686	-0.3330	-0.3659	-0.2344	-0.3988	
4.384	2.0997	-0.3002	-0.5632	-0.3659	-0.1029	-2.5685	
4.426	1.9354	-0.3659	-0.4317	-0.3001	-0.0371	-0.2015	
4.431	2.2641	-0.2344	-0.3002	-0.2344	-0.2673	-0.3330	
4.447	2.1984	-0.2344	-0.2015	-0.2673	-0.1029	-0.3330	
4.469	2.3956	1.2779	-0.1686	-0.0700	0.1601	-0.7275	
4.476	2.2641	-0.1686	-0.5960	-0.2344	-0.1686	2.0011	
4.503	2.2641	-0.3002	-0.2344	-0.3659	-0.2344	-0.3330	
4.507	2.2312	-0.3330	-0.1358	-0.1358	-0.1029	-0.4974	
4.540	2.1655	0.0615	-0.2673	-0.3659	-0.2344	-0.3988	
4.567	2.1655	-0.1686	-0.3330	-0.2673	-0.0700	-0.4645	
4.573	2.1655	-0.3002	-0.3002	-0.4645	-0.9905	-0.8261	
4.606	2.2970	-0.3002	-0.3659	-0.3659	-0.2015	-0.3330	
4.632	2.2970	-0.2344	-0.1686	-0.2673	-0.0700	-0.4974	
4.669	2.2970	-0.3002	-0.0371	-0.2344	-0.0043	-0.2015	
4.688	2.1984	-0.3002	-0.3330	-0.3988	-0.0043	-0.4974	
4.695	2.1655	-0.2344	-0.4317	-0.2673	-0.1358	0.5875	
4.722	2.1984	-0.3330	-0.3002	-0.3330	-0.1029	-0.3988	
4.725	2.0340	-0.2344	-0.3659	-0.3988	-0.2015	0.2259	
4.755	2.1984	-0.4317	-0.4645	-0.3001	-0.2015	-0.3330	
4.757	2.1326	-0.2344	-2.7000	-0.3330	-0.2673	-0.3988	
4.789	2.3627	0.0286	-0.4317	-0.1686	-0.0371	-0.4974	
4.823	2.2312	-0.1029	-0.2344	-0.3988	-0.1358	-0.3659	
4.836	2.1326	-0.2015	-0.3002	-0.3330	-1.4836	-0.7604	
4.852	2.2312	-0.2015	-0.4317	-0.2673	-0.1358	-0.3330	
4.883	2.0669	-0.2673	-0.2673	-0.3659	-0.7933	-0.2673	
4.923	2.1984	-0.1029	-0.3659	-0.2344	-0.2673	-0.1686	
4.929	2.2312	-0.2673	-0.2015	-0.3001	-0.1686	-0.2015	
4.948	2.3299	-0.1686	-0.1686	-0.3330	-0.0700	-0.3659	
4.973	2.0997	-0.3002	-0.3330	-0.5303	-0.2015	-0.4645	
4.975	2.0340	-0.3659	2.3299	-0.0043	-0.2673	-0.4974	
5.003	2.3299	-0.1686	0.1601	-0.2673	0.0286	-0.3001	
5.009	2.0669	-0.2673	-0.4974	-0.2673	-0.2344	-0.5303	
5.032	2.2641	-0.1686	-0.3002	-0.2673	-0.1029	-0.3659	
5.037	2.4285	-0.1686	-0.2015	-0.2344	-0.1029	-0.3001	
5.067	2.2312	0.0286	-0.2673	-0.3659	-0.1029	-0.5960	
5.069	2.3299	-0.2673	-0.1029	-0.2344	-0.1029	-0.2673	
5.100	2.1984	-0.3002	-0.3330	-0.3001	-1.1878	-0.3659	
5.103	2.1655	-0.2015	-0.5960	-0.4645	-0.0371	-0.3330	
5.126	2.0340	-0.3330	-0.3659	-0.5960	-0.3330	-0.3659	
5.133	2.3627	-0.2015	-0.2344	1.8696	0.4231	-0.3001	
5.176	2.0997	-0.3659	-0.4317	-0.4645	-0.1029	-0.3659	
5.195	2.0997	-0.3330	-0.3002	-0.4974	-0.2015	-0.3001	
5.219	2.3299	-0.1686	-0.1358	-0.3001	-0.3330	-0.4316	
5.226	2.0669	-0.3988	-0.6618	-0.5303	-0.2344	-5.2972	
5.253	2.1326	-0.3002	-0.0700	-0.3988	-0.1686	-0.2673	
5.257	2.1984	-0.2015	-0.1686	-0.3001	-0.1686	-3.6534	
5.289	2.0997	-0.2344	-0.2673	-0.3659	-0.2015	-0.2673	
5.290	2.2641	-0.2673	-0.4317	-0.3659	-0.1358	-0.4316	
5.304	2.2641	-0.1686	-0.3002	-0.3330	-0.1358	-0.2344	
5.323	2.2312	-0.2015	-0.7933	-0.3330	-0.2344	-0.3330	
5.354	2.1326	-0.2015	-0.4317	-0.3659	-0.2015	-0.4316	
5.367	1.8039	-0.1686	-0.2344	-0.3001	0.0286	-0.0043	
5.382	2.2641	-0.0700	-0.3659	-0.3001	-0.2344	-0.3001	
5.418	2.1984	-0.2015	-0.3330	-0.2015	-0.0700	-0.1686	
5.430	2.9545	0.3902	0.0944	0.3245	0.3574	0.0286	
5.444	2.0997	-0.0700	-0.3002	-0.4645	-0.1686	-0.8261	
5.473	1.8696	-0.1029	-0.3002	-0.3659	0.0615	-0.4316	
5.476	2.1984	-0.2344	-0.3330	-0.4316	-0.2673	-0.4316	
5.502	2.1326	-0.2673	-0.2673	-0.0043	0.8834	-0.0043	
5.509	2.0011	-0.2015	-0.4317	-0.4974	2.1326	-0.6289	
5.538	2.1984	-0.2673	-0.3659	-0.2015	-0.2344	-2.1083	
5.540	2.7901	-0.2015	-0.4317	-0.2344	-0.3988	-0.2673	
5.571	2.1326	-0.2015	-0.3002	-0.3659	-0.0700	-0.4974	
5.597	2.2970	-0.3002	-0.3002	-0.3330	-0.1686	-0.2673	
5.602	2.3627	-0.2015	-0.3659	-0.3330	-0.0371	-0.3659	
5.630	2.2641	-0.1029	-0.2015	-0.2344	-0.0371	-0.4316	
5.631	2.2970	-0.2015	-0.3002	-0.2344	-0.3330	-0.0043	
5.676	2.3299	-0.1686	-0.3659	-0.3001	-0.2673	5.6502	
5.688	2.2970	-0.1029	-0.2015	-0.2015	-0.1358	-0.1686	
5.694	2.1984	-0.2344	0.7519	-0.4645	-0.1358	-0.2344	
5.721	2.2312	-0.1686	-0.3330	-0.3659	-0.1358	-0.4316	
5.725	2.0997	-0.3002	-1.1878	-0.4645	-0.2673	-0.5303	
5.754	2.1655	-0.3002	-0.2673	-0.3001	-0.1686	-0.2015	
5.758	2.2312	0.0615	-0.0700	-0.1358	0.1272	-0.0371	
5.773	2.1984	-0.2344	-0.2344	-0.2673	-0.1029	-0.5303	
5.789	2.1984	-0.6289	-0.3659	-0.3659	-0.2015	-0.2673	
5.821	2.1655	-0.1358	-0.2673	0.0286	0.0286	-0.3659	
5.850	2.1984	-0.5632	-0.1029	-0.3330	-0.1358	-0.0043	
5.852	2.1655	-0.1029	-0.4645	-0.3330	-0.0700	-0.9248	
5.879	2.0997	-0.3002	-0.3330	-0.4316	-0.2344	-0.3659	
5.883	2.1655	-0.2344	-0.8590	-0.4316	-0.1029	-0.4316	
5.917	2.2312	-0.1029	-0.2344	-0.0043	-0.0700	-0.2344	
5.930	2.2641	-0.2673	-0.1358	-0.3001	-0.2673	-0.3330	
5.944	2.1655	-0.3330	-0.3330	-0.3988	-0.3001	0.5546	
5.971	2.1984	-0.2015	-0.3330	-0.3659	-0.1358	-0.4645	
5.976	2.2641	-0.2673	-0.3988	-0.2344	-0.2015	-2.1411	
6.004	2.1984	-0.2344	-0.3002	-0.3988	-0.2015	-0.0371	
6.007	2.1655	-0.3330	0.3574	-0.3330	-0.3001	-0.4316	
6.033	2.1655	-0.2673	-0.2015	-0.6946	-0.0700	-0.2673	
6.037	2.4614	-0.1358	-0.2015	-0.2344	-0.1686	-0.2673	
6.066	2.3956	-0.2673	-0.2015	-0.1358	-0.1029	-0.3330	
6.069	2.3627	-0.2673	-0.3002	-0.2673	-0.2015	-0.3001	
6.099	2.1984	-0.6289	-0.3988	-0.2015	-0.1358	-0.2344	
6.101	2.0340	-0.2344	-0.1686	-0.3001	0.0944	-0.2015	
6.127	2.0669	-0.2344	-0.4645	0.6532	-0.0043	-0.5303	
6.132	2.0997	0.3245	-0.3988	-0.3001	-0.1686	-0.9576	
6.164	2.4285	-0.0700	-0.1029	0.1272	0.2259	0.0286	
6.189	2.0669	-0.2344	-0.2015	-0.3988	0.0615	-0.3001	
6.194	2.2641	-0.2344	-0.2015	-0.2015	-0.1358	-0.6289	
6.219	2.3299	-0.2344	-0.2344	-0.3001	-0.2673	-0.2344	
6.226	2.1326	-0.3002	-0.3988	-0.2673	-0.1358	-0.1029	
6.253	2.2312	-0.3002	-0.1029	-0.3001	-0.2015	-0.3001	
6.258	2.4285	-0.2344	-0.3988	-0.4316	-0.3001	-0.5631	
6.289	2.3956	-0.1358	-0.0043	-0.1686	-0.0700	-0.2673	
6.305	2.1984	-0.2673	-0.4317	-0.3330	-0.2344	-0.9248	
6.319	2.1984	-0.2344	-0.2344	0.4560	-0.0371	-0.3330	
6.346	2.2641	-0.2344	-0.3988	-0.3001	-0.8919	-0.6946	
6.350	2.2312	-0.3002	-0.1358	-0.7604	-0.1358	-0.2673	
6.382	2.2312	0.0286	-0.1686	-0.3001	-0.1029	-0.2673	
6.417	2.2970	-0.1029	-0.3002	-0.3330	0.0286	-0.2673	
6.429	2.3299	-0.0371	-0.2344	-0.1686	-0.0043	-0.3001	
6.445	2.4942	0.0615	0.2916	0.1272	0.1930	-0.1358	
6.470	2.2312	-0.1686	-0.2344	-0.2344	-0.1029	-0.3330	
6.475	2.2312	-0.3002	1.4422	-0.7604	-0.2673	-0.5303	
6.508	2.0669	-0.0043	-0.3659	-0.4316	-0.2673	-0.9576	
6.538	2.0669	-0.2344	-0.3659	-0.4316	-0.2015	-0.5303	
6.539	2.3956	-0.0700	-0.1029	0.1272	-0.0700	-0.1686	
6.570	2.2312	-0.2673	-0.4317	-0.3988	-0.1686	-0.3001	
6.599	2.2641	-0.1686	-2.7000	-0.3001	0.0286	-0.3330	
6.602	2.4614	-0.1029	-0.2015	-0.1029	0.1601	0.0944	
6.627	2.1655	-0.7933	-0.5303	-0.3988	-0.3001	0.3902	
6.632	2.2641	-0.2015	-0.3002	-0.0700	-0.0700	-0.1358	
6.664	2.3627	-0.1358	-0.2344	-0.3988	-0.1358	-0.3330	
6.689	2.1655	-0.3659	-0.3330	-0.4316	-0.3001	-0.6289	
6.693	2.0669	-0.3659	-0.4317	-0.2673	-0.0700	-0.3001	
6.720	2.2641	-0.1686	-0.3988	-0.3330	-0.1686	-0.4316	
6.725	2.2312	-0.2673	-0.3330	0.0944	-0.2015	-0.3659	
6.755	2.2970	-0.1029	-0.2015	-0.2015	-0.1029	-0.3659	
6.757	2.1326	-0.3002	-0.3659	-0.5303	-0.2015	-0.5631	
6.787	2.2641	-0.2673	-0.2673	-0.3001	-0.1029	-0.3659	
6.788	2.1655	-0.2015	-0.3002	-0.3988	0.0286	-0.3659	
6.805	2.1655	-0.2344	-0.3988	-0.3330	-0.1686	-0.3988	
6.819	2.0669	-0.2344	-0.1686	-0.3001	0.0615	-0.2344	
6.847	2.1984	-0.0700	-0.3988	-0.2673	-0.0043	-0.3330	
6.850	2.6257	-0.0043	-0.0371	-0.0043	0.1272	0.2587	
6.890	2.0997	-0.2673	-0.4317	-0.2673	-0.2344	-0.3988	
6.917	2.2312	-0.2015	0.0944	-0.3330	-0.0700	-0.2344	
6.930	2.2970	-0.2015	-0.1686	-0.2344	-0.1686	-0.3330	
6.945	2.3627	0.0944	0.0615	-0.2015	0.0944	-0.3001	
6.973	2.1655	-0.3330	-0.2673	-0.3330	0.5217	-0.3001	
6.977	2.4614	-0.0043	-0.2015	-0.1358	0.0615	-3.9164	
7.004	2.3627	-0.0043	-0.2015	-0.2344	-0.0371	-0.2673	
7.008	2.2312	0.4231	-0.3988	-0.2673	-0.2344	-0.6289	
7.032	2.2641	-0.2015	-0.2673	-0.2015	-0.1358	-0.3001	
7.039	2.3627	-0.1358	-0.2673	-0.2344	-0.0371	-0.2344	
7.070	2.1984	-0.2673	-0.3002	-0.3988	-0.2015	-0.3659	
7.096	2.1326	-0.0700	-0.3330	-0.3659	-0.1029	-0.4316	
7.102	2.3956	-0.1029	-0.2015	-0.2344	0.1272	-0.2344	
7.134	2.2641	-0.2015	-0.2344	-0.3659	-0.2015	-0.2673	
7.164	2.5271	0.0286	-0.0700	-0.0700	0.0286	-0.0043	
7.189	2.2641	-0.1686	-0.4317	-0.3330	-0.1686	-0.3988	
7.195	2.1326	-0.2344	-0.3330	-0.3001	-0.2015	-0.2673	
7.221	2.1984	-0.2015	-0.3659	-0.3330	-0.2344	-0.3330	
7.225	2.1655	-0.2673	-0.4645	-0.6618	-0.3001	-0.4645	
7.252	2.1984	-0.1358	-0.3330	-0.3330	-0.2673	-0.3001	
7.257	2.1655	-0.2673	-0.3659	-0.2015	-0.2344	-0.4645	
7.283	2.1984	-0.2344	-0.3002	-0.3001	0.0944	-0.3659	
7.288	1.8039	-0.3002	-0.4317	-0.3659	-0.2344	-0.4974	
7.320	2.1984	-0.0700	0.0286	-0.2015	-0.0043	-0.3988	
7.340	2.2970	-0.3659	-0.2673	-0.4974	-0.3659	-0.6618	
7.351	2.3299	-0.1358	-0.1686	-0.3988	0.0286	-0.2673	
7.377	2.1655	-0.2344	-0.4645	-0.4316	-0.2344	-0.3659	
7.382	2.1326	-0.3002	-0.2673	-0.3988	-0.2015	-0.1358	
7.420	2.3627	-0.2673	-0.2015	-0.3659	-0.2344	-0.3988	
7.430	2.3299	-0.1358	-0.2344	-0.1686	0.0286	-0.3001	
7.444	2.0340	-0.3659	-0.4317	-1.7138	-0.5960	-0.4316	
7.472	2.1984	-0.2673	-0.4645	-0.3659	-0.3001	-0.3330	
7.475	2.1326	-0.2344	-0.3988	1.8367	0.1272	-0.4645	
7.507	2.2312	-0.1358	-0.3002	-0.3659	-0.1029	-0.5960	
7.540	2.1984	-0.0700	-0.3659	-0.1686	-0.0700	-0.2673	
7.788	2.1326	-0.2344	-0.3659	-0.4316	-0.2673	-0.3001	
7.819	2.2970	-0.3002	-0.2344	-0.2344	-0.1686	-0.3659	
7.836	2.3299	-0.1358	-0.3659	-0.2344	-0.1029	0.4889	
7.850	2.4285	-0.2015	-0.1686	-0.2344	-0.1358	-0.6946	
7.885	2.0997	-0.2673	-0.2673	-0.2673	-0.0043	-0.2344	
7.924	2.3299	-0.1686	-0.2344	-0.5631	0.0286	-0.5631	
7.929	2.1984	-0.0700	-0.2015	-0.8919	-0.1358	-0.3001	
7.944	2.1326	-0.3002	-0.3988	-0.2344	-0.0043	-0.4974	
7.973	2.0997	-0.2015	-0.3330	-0.3659	-0.3001	-0.4316	
7.976	2.1326	-0.2344	-0.3988	-0.3659	-0.3330	-0.3659	
8.009	2.0997	-0.2015	-0.2015	-0.3001	-0.1686	0.8834	
8.035	2.2312	-0.0371	-0.0371	-0.0700	0.1601	-0.1358	
8.038	2.0997	-0.3330	-0.4645	-0.5303	-0.3001	-0.3659	
8.066	2.2312	-0.2344	-0.3988	-0.3330	-0.0700	-0.2344	
8.068	2.2312	-0.2015	-0.2344	-0.3330	-0.1358	-0.2344	
8.100	2.1984	-0.2673	-0.3002	-0.3988	-0.0371	-0.3330	
8.101	2.2312	-0.0371	-0.0043	-0.1358	-0.0043	-0.1358	
8.125	2.1655	-0.3659	-0.4317	-0.3330	-0.3001	0.1601	
8.132	2.0011	-0.3002	-0.3659	-1.7795	-0.3659	-0.2673	
8.176	2.2312	-0.1686	-0.4317	-0.3001	0.3574	-0.5631	
8.192	2.2312	-0.2673	0.0615	-0.3001	-0.2015	-0.4974	
8.194	2.0669	-0.2015	-0.3330	-0.3330	0.4231	-0.4645	
8.221	2.2641	-0.2673	-0.3330	-0.3001	-0.1358	-0.3988	
8.227	2.1655	-0.3002	-0.3988	-0.3330	-0.2015	-0.3659	
8.258	2.2312	-0.3330	-0.3330	-0.3330	-0.5631	-0.3001	
8.291	2.1326	-0.3330	-0.3659	-0.4974	-0.4645	-0.5303	
8.305	2.3627	-0.1358	-0.1686	0.0615	0.1601	-0.3659	
8.320	2.1326	-0.5303	-0.2344	-0.3001	-0.0371	-0.3001	
8.351	2.3299	-0.2344	-0.2015	-0.6618	-0.5631	-0.2015	
8.371	2.2312	-0.2344	-0.0371	-0.3659	-0.2015	-0.3659	
8.382	2.1984	-0.0371	-0.3988	-0.3001	-0.0700	-0.1686	
8.426	2.1326	-0.2015	-0.0371	-0.3659	-0.2015	-0.3988	
8.430	2.3299	-0.2673	-0.0371	-0.4316	-0.0700	-0.2015	
8.444	2.2312	-0.2344	-0.3002	-0.4974	-0.1686	-0.2015	
8.471	2.2312	-0.2344	-0.2673	-0.3330	-0.1686	-0.3001	
8.477	2.1326	-0.3330	-0.4317	-0.4316	-0.2673	0.3574	
8.505	2.1984	-0.1358	-0.4645	-0.3988	0.2587	-0.0043	
8.508	2.0997	-0.3002	-0.0371	-0.4316	-0.2673	-0.5631	
8.533	2.1984	-0.5632	-0.3330	-0.3330	-0.1358	0.1601	
8.538	2.1655	-0.2344	-0.3659	-0.1029	-0.2673	-0.3659	
8.569	2.3627	-0.0043	-0.0371	-0.2015	0.0286	-0.2015	
8.597	2.3956	-0.1358	1.4094	-0.1029	0.0286	-0.1358	
8.601	2.1655	-0.2344	0.0286	-0.3330	-0.2015	-0.3330	
8.629	2.2641	-0.2344	-0.2344	-0.2673	-0.0700	-0.3330	
8.632	2.1984	-0.2344	-0.2673	-0.2673	-0.1686	-0.2015	
8.672	2.1655	-0.2344	-0.3002	-0.3988	-0.2673	-0.0043	
8.692	2.0997	0.4889	-0.4317	-0.4645	-0.3659	-1.2864	
8.694	2.1326	-0.3330	-0.3002	-0.4316	-0.2673	-0.4645	
8.723	2.1326	-0.2015	-0.2673	-0.3001	0.0286	-0.4974	
8.725	2.1984	-0.1686	-0.4317	-0.3330	-0.1686	-0.3001	
8.751	2.2641	-0.1686	-0.1686	-0.2673	1.6724	0.7847	
8.757	2.1326	-0.2673	-0.4317	-0.2344	0.7190	0.0286	
8.785	2.2312	-0.1358	-0.2344	-0.3659	-1.7138	-0.5960	
8.788	2.3299	-0.2344	-0.3659	-0.3001	-0.1029	-0.2344	
8.819	2.1655	-0.3002	-0.2673	-0.3988	0.0615	0.1272	
8.835	2.1984	-0.1686	-0.4317	-0.3001	-0.0371	-1.1220	
8.850	2.3299	-0.1686	-2.2069	-0.2673	-0.0043	-0.3330	
8.880	2.2641	-0.2673	-0.1029	-0.3001	-0.1029	-0.4645	
8.882	2.2641	-0.2673	-0.1358	-0.2673	0.8505	-0.2673	
8.932	2.0997	0.0615	-0.4317	-0.3988	-0.1358	-0.9248	
8.945	2.1984	-0.2015	-0.5303	-0.3988	-0.2344	-0.4316	
8.989	2.1326	-0.3330	-0.3002	-0.4316	-0.1358	-0.5960	
8.991	2.2641	-0.4317	-0.3002	-0.2015	-0.2015	0.2259	
9.006	2.7901	-0.2344	-0.3002	-0.3330	-0.1686	-0.4316	
9.039	2.2312	-0.3330	-0.3659	-0.4316	-0.2344	-0.7275	
9.069	1.8696	-0.2344	-0.2673	-0.3001	-0.0371	-0.3330	
9.073	2.1326	-0.2673	-0.2673	-0.4316	-0.4645	-0.5631	
9.100	2.3627	-0.1029	-0.2673	-0.1358	0.8834	-0.1358	
9.132	2.2641	-0.1358	0.5875	-0.2344	-0.0700	-0.2673	
9.171	2.1984	-0.1358	-0.6947	-0.2344	-0.2015	-0.3001	
9.192	2.3627	-0.2015	-0.4317	-0.3659	-0.3001	-0.4974	
9.194	2.0669	-0.4317	-0.3988	-0.5303	-0.4645	-0.5303	
9.222	2.2970	-0.2344	-0.8590	-0.4316	-0.1358	-0.4645	
9.225	2.1984	-0.2344	-1.2864	-0.2015	-0.1358	-0.4974	
9.257	2.0669	-0.3330	-0.2015	-0.3988	-0.3330	-0.2015	
9.288	2.0997	-0.2015	0.0286	-0.4316	-0.1358	-0.4316	
9.290	2.1655	-0.2344	-0.3988	-0.3330	-0.1358	-6.2177	
9.318	2.2312	-0.1358	-0.3659	-0.3988	-0.1358	-0.3330	
9.320	2.1984	-0.2015	-0.2673	-0.2673	-0.1358	-0.3001	
9.335	2.1655	-0.1686	-0.2673	-0.3001	-0.1029	-0.6946	
9.352	2.0669	-0.3002	-0.3659	-0.4316	-0.1686	-0.3659	
9.381	2.5929	-0.0043	-0.6947	-0.1029	0.1601	-0.0371	
9.383	2.1326	-0.2015	-0.1686	-0.2673	0.1272	-0.2344	
9.417	2.6915	-0.1358	-0.2015	-0.2015	-0.2015	-0.3330	
9.444	2.2312	-0.2015	-0.4645	-0.3330	-0.1686	-0.5303	
9.447	1.1464	-0.3659	-0.3659	-0.4316	-0.0043	-0.3659	
9.475	2.0997	-0.1686	0.1272	-0.2673	-0.2673	-0.3659	
9.476	1.7381	-0.2344	-0.3330	-0.3330	-0.0700	-0.3001	
9.507	1.6724	-0.1686	-0.4645	-0.4316	-0.0371	-0.3001	
9.536	2.1984	-0.2015	-1.7795	-0.6946	-0.0700	-0.3330	
9.539	1.7381	-0.0700	-0.3330	-0.3330	0.0286	-0.2015	
9.616	2.2312	-0.2015	-0.3002	-0.2015	-0.1686	-0.4316	
9.635	2.1655	-0.2015	-0.3002	-0.3001	-0.1686	-0.2673	
9.669	2.2312	-0.3330	-0.3988	-0.3659	-0.2344	-0.3659	
9.695	2.1984	-0.1029	-0.2015	-0.3330	-0.0700	-2.6671	
9.727	2.0997	-0.3002	-0.3988	-0.4974	-0.2344	-2.4370	
9.760	2.0011	-0.3002	-0.3002	-0.4316	-0.2673	-0.6618	
9.791	2.0997	-0.3002	-0.3988	-0.0700	-0.3001	-0.3001	
9.804	2.0340	-0.3002	-0.2015	-0.3659	-0.1029	-0.2673	
9.820	2.1655	-0.2344	-0.2015	-0.3001	-0.1358	-1.7795	
9.853	2.0997	-0.2344	-0.2673	-0.3330	-0.1686	-1.8453	
9.866	2.2641	-0.1686	-0.2015	0.0615	-0.0371	-0.1686	
9.882	2.1984	0.1601	-0.1686	-0.3001	0.0615	-1.0891	
9.919	2.3627	-0.3659	-0.3659	-0.1686	-0.0700	-0.2015	
9.929	2.1326	-0.2673	-0.5632	-0.3988	0.0286	-0.3001	
9.943	2.0997	-0.1358	-0.3330	-0.3001	-0.1686	-0.3988	
9.978	2.0669	-0.2673	-0.3002	-0.3659	-0.2015	-0.3659	
10.005	2.0011	-0.3002	-0.3330	-0.5631	-0.2015	-0.2673	
10.008	2.0011	-0.2344	0.0944	-0.3988	-0.0371	-0.4316	
10.037	2.0997	-0.3002	-0.2673	-0.2344	-0.1686	-0.2344	
10.040	2.1326	-0.8590	-0.3659	-0.3001	-0.0700	-0.4645	
10.072	2.0997	-0.2344	-0.4645	-0.3001	-0.2344	-0.4316	
10.098	2.2970	0.2916	0.0286	-0.0371	0.1601	1.6066	
10.104	2.0669	-0.2344	-0.3002	-0.3001	-0.1029	-0.2344	
10.133	2.1655	0.0615	-0.1686	-0.2673	-0.1029	-0.8261	
10.170	2.1326	-0.1029	-0.3002	-0.3001	0.0615	-0.4316	
10.194	2.0997	-0.3002	-0.3988	-0.3330	-0.2015	-0.6946	
10.195	2.1326	-0.2344	-0.3330	-0.9576	-0.4645	-0.3988	
10.227	2.1326	-0.3330	-0.3659	-0.5960	-0.3001	-0.4645	
10.260	2.1326	-0.2673	-0.2344	-0.4974	-0.1029	-0.3988	
10.288	2.1655	-0.1686	-0.4317	-0.1686	-0.2015	-0.4316	
10.289	1.8696	-0.3002	-0.4974	-0.4316	0.4231	0.0615	
10.305	2.0669	0.5217	-0.4317	-0.2015	-0.1686	-1.2535	
10.319	2.1984	-0.1358	-0.3002	-0.3001	0.0286	-0.2015	
10.352	2.1984	-0.1029	-0.2344	-0.1686	0.0286	-0.3001	
10.354	2.0997	-0.3002	-0.3659	-0.3330	-0.3659	-0.3659	
10.385	2.2970	-0.1358	-0.4317	-0.1358	-0.0043	-0.2344	
10.420	2.0669	-0.2344	-0.2673	-0.2673	-0.2015	-0.2673	
10.444	2.0340	-0.3330	-0.4645	-0.4316	-0.1358	-0.4316	
10.447	2.1326	-0.1358	-0.1358	-0.4316	1.5737	-0.3330	
10.480	2.0669	-0.3002	-0.3002	-0.3330	-0.1358	-0.3001	
10.509	2.0669	-0.1358	-0.3988	-0.4645	-0.2673	-0.5303	
10.537	2.0669	-0.2673	-0.3002	-0.3330	-0.1686	-0.3988	
10.539	2.0340	-0.3002	-0.3330	-0.4645	0.2916	-0.3330	
10.570	2.0669	-0.2344	-0.4317	-0.3330	0.3245	-0.1686	
10.603	2.0997	-0.2673	-0.4974	-0.3330	-0.1686	-0.4645	
10.628	2.0340	-0.1686	-0.3330	-0.3001	-0.1358	-3.2918	
10.631	2.1326	-0.1686	-1.2207	-0.3001	-0.0371	-0.1686	
10.668	1.9682	-0.3988	-0.3659	-0.3659	-0.2344	-0.3659	
10.691	2.0997	-0.3002	-0.8262	-0.2673	-0.3001	-0.3330	
10.693	2.0011	-0.2015	-0.3002	-0.3659	-0.3330	-0.4316	
10.727	2.0669	-0.1358	-0.4317	-0.2015	-0.1686	-0.3659	
10.754	2.1655	-0.1029	-0.2015	-0.1686	0.0286	-0.1358	
10.757	1.9682	-0.3002	-0.3002	-0.3001	-0.2673	-0.3659	
10.791	2.1326	-0.3002	-0.5303	-0.4974	-0.3659	-0.4974	
10.819	1.9354	-0.1358	-0.3330	-0.3988	-0.2344	-0.3988	
10.821	2.0997	-0.3988	-0.3330	-0.3988	-1.5494	-0.6946	
10.836	2.0669	-0.2344	-0.4974	-0.3001	-0.1029	-0.4645	
10.851	2.3299	-0.2344	-0.3002	-0.3988	0.2259	0.0286	
10.888	2.0669	-0.1686	-0.2015	-0.3330	-0.0371	-0.4316	
10.921	2.1655	-0.1029	-0.1029	-0.2673	-0.0371	-0.0700	
10.929	2.0340	-0.2015	0.1272	-0.4316	-0.2344	-0.2344	
10.944	1.9682	-0.2344	-0.3330	-0.3988	-0.1686	-0.4316	
10.975	2.7244	-0.3002	-0.4974	-0.3659	-0.5303	-0.5631	
10.977	1.9682	-0.3002	-0.2673	-0.0371	-0.1358	-0.4645	
11.006	1.9025	-0.1686	-0.7933	-0.4316	-0.2015	-0.5303	
11.009	2.0340	-0.1686	-0.2344	0.0286	-0.1029	-0.2344	
11.036	2.0011	-0.3330	-0.3659	-0.4316	-0.2344	-0.3330	
11.038	1.8367	-0.2344	-0.6618	-0.3659	-0.3001	-0.3001	
11.070	1.9682	-0.2344	-0.3659	-0.4974	-1.5823	-1.4508	
11.103	2.1655	-0.1358	-0.6289	-0.3001	-0.1358	-0.4974	
11.130	2.0669	-0.3002	0.3245	-0.4316	-0.1686	-0.4645	
11.132	2.1984	-0.1029	-0.3659	-0.2015	-0.1029	-0.3330	
11.167	2.2641	-0.2344	-0.1029	-0.3001	-0.1029	-0.3330	
11.196	2.0669	-0.3330	0.1930	-0.3330	-0.1686	-0.3330	
11.223	2.0669	-0.2344	-0.0700	-0.3001	-0.1029	-0.2344	
11.226	2.3956	-0.0371	0.3245	0.0944	0.0286	-0.0700	
11.261	1.8367	-0.2344	-0.3659	-0.3330	-0.2344	-0.3988	
11.287	2.0011	-0.2673	-0.3002	-0.3001	-0.2015	-0.3988	
11.289	2.1326	-0.3330	-0.2344	0.7190	-0.1686	-0.4974	
11.304	2.1984	-0.1029	-0.1686	-0.2344	-0.1029	-0.3988	
11.323	2.0011	-0.3659	-0.1686	-0.3001	-0.2673	-0.4645	
11.357	2.1326	-0.0700	-0.2015	-0.0700	0.5875	-0.4316	
11.366	2.2970	-0.1358	-0.1029	0.9162	-0.0700	-0.2015	
11.381	1.8367	-0.3002	-0.3659	-0.3988	-0.2015	-0.3659	
11.417	2.1655	-0.2673	-0.3988	-0.3001	-0.1358	-0.4974	
11.445	1.9682	-0.1358	-0.2344	-0.3001	-0.0371	-2.7329	
11.476	2.7901	-0.2344	-0.2673	-0.4316	-0.4316	-0.4316	
11.478	1.9682	-0.2015	-0.3988	-0.3659	-0.1029	-0.4645	
11.506	1.9682	-0.3330	-0.3330	-0.5631	-0.3001	-0.4645	
11.509	2.0011	-0.2673	-0.2673	-0.7604	-0.2673	-0.3988	
11.544	2.1326	-0.2344	-0.4645	-0.2673	-0.1686	-0.3988	
11.568	2.0340	-0.2344	-0.2673	-0.4974	-0.0371	-0.3659	
11.570	2.0997	-0.2344	-0.3002	-0.3988	-0.1686	-0.3659	
11.601	1.9025	-0.3002	-0.3659	-0.4316	-0.0700	-0.4316	
11.631	2.0340	-0.3330	-0.3002	-0.2673	-0.2015	-0.3001	
11.633	2.2970	-0.1029	-0.1029	-0.1686	-0.0043	-0.3001	
11.669	2.4942	-0.0043	-0.1358	-0.0043	0.1272	-0.2673	
11.691	2.0669	-0.2344	-0.4645	-0.3988	-0.0371	-0.5303	
11.694	1.9682	-0.2015	-0.3659	-0.4316	-0.1358	-0.4316	
11.727	2.0997	-0.3002	-0.3659	-0.3988	-0.1686	-0.3659	
11.753	2.0011	-0.2344	-0.2015	-0.3001	-0.1686	-0.0700	
11.757	2.0997	-0.2344	-0.4974	-0.3988	-0.3330	-0.4316	
11.787	2.1326	-0.1686	-0.1029	-0.2015	-0.0371	-0.3330	
11.789	1.9354	-0.1686	-0.4645	-2.1740	0.0615	-0.3988	
11.822	2.0997	-0.1686	-0.3002	-0.2673	-1.1878	-0.7933	
11.838	2.0011	-0.3002	-0.1686	-0.3988	-0.1358	-0.6946	
11.850	2.1655	-1.3850	-0.1686	-0.2673	-0.1358	0.4231	
11.879	2.0669	-0.1686	-0.3002	-0.3330	-0.1358	-1.0563	
11.882	2.0997	-0.0700	-0.2673	-0.3330	-0.1358	-0.5631	
11.917	2.0340	-0.2344	-0.3002	-0.2673	-0.1358	-0.8590	
11.944	1.9682	-0.2344	-0.3002	-0.4645	0.0944	-0.0043	
11.974	1.6724	-0.3002	-0.3659	-0.4974	-0.2015	-0.3988	
11.977	2.0669	-0.3002	-0.3988	-4.0479	-0.7275	-0.3988	
12.011	2.0997	-0.1029	-0.2344	-0.1686	-0.1029	-0.2015	
12.043	2.0669	-0.2673	-0.4317	-0.3001	-0.2344	0.5217	
12.067	2.3299	-0.1358	-0.2344	-0.3001	-0.0700	-0.3988	
12.070	2.0011	-0.2673	-0.2015	-0.2015	-0.1686	-0.2673	
12.104	2.0340	-0.2344	-0.5303	-0.3330	-0.2673	-0.4316	
12.130	2.1326	-0.2015	-0.3002	-0.2673	-1.6151	-0.5631	
12.132	2.0669	-0.1029	-0.2015	-0.3330	-0.0043	-0.1686	
12.168	2.1326	-0.0043	-0.1686	-0.3001	-0.1029	-0.2344	
12.194	2.1326	-0.2015	-0.2673	-0.3330	-0.1358	-0.2673	
12.230	2.0997	-0.2015	-0.5632	-0.3330	-0.0371	-0.3659	
12.257	2.1326	0.4889	-0.1358	-0.3330	-0.1358	-0.5303	
12.259	2.0011	-0.1686	-0.2673	-0.3988	1.3765	-0.1358	
12.295	1.9354	-0.2673	-0.2673	-0.3988	-0.0700	-0.3988	
12.304	1.9354	-0.2344	-0.4645	-0.6289	-0.2673	-0.4645	
12.323	2.0997	-0.2015	-0.3988	-0.3988	-0.2673	-0.4645	
12.348	2.1326	-0.8262	-0.2015	-0.3330	-0.0700	0.1930	
12.350	2.0340	-0.1686	-0.3002	-0.3330	-0.4974	-0.0043	
12.380	2.1655	-0.2673	-0.3988	-0.3001	-0.1358	-1.8781	
12.383	2.0011	0.2259	-0.2015	-0.2015	0.4231	-0.1029	
12.418	2.0340	-0.1686	-0.2673	-0.3330	-0.1358	-0.4974	
12.445	2.0997	-0.3002	-0.3330	-0.3659	-0.2344	1.0806	
12.476	2.0011	-0.3659	-0.3659	-0.4316	-0.2673	0.0944	
12.505	1.9682	0.6204	-0.4317	-0.4316	-0.2015	-1.0891	
12.507	1.9025	-0.3002	-0.5632	-0.4645	-0.2344	-0.3988	
12.536	2.1655	-0.0371	-0.2673	-0.2015	-0.0043	-0.3330	
12.538	1.9682	-0.3002	-0.7604	-0.4316	-0.2344	-0.5631	
12.569	2.1326	-0.2344	-0.3002	-0.3001	-0.2344	-0.3001	
12.604	2.0011	-0.2673	-1.1549	-0.1686	-0.2015	-0.4645	
12.630	2.0669	-0.2015	-0.2673	-0.2673	0.6532	-0.7933	
12.633	2.0011	-0.3659	-0.2344	-0.3330	-0.1686	-0.0043	
12.668	2.0997	-0.2344	-1.1549	-0.3330	-0.1358	-0.3001	
12.693	1.9025	-0.3002	-0.3988	-0.3330	-0.2673	-0.3659	
12.695	1.9682	-0.1686	-1.2207	-0.4645	-0.0043	-0.3988	
12.725	2.0340	-0.2015	-0.2673	-0.3001	-0.1686	-0.3330	
12.727	2.1655	-0.2673	-0.4317	-0.3001	-0.1029	-0.3988	
12.763	2.0997	-0.2344	-0.3659	-0.4645	-0.9576	-0.4316	
12.791	1.8039	-0.2673	-0.2673	-0.4645	-0.0700	-0.4316	
12.806	2.1984	-0.1686	-0.3659	-0.3001	-0.1358	-0.4974	
12.820	2.0340	-0.2015	-0.3988	-0.4645	-0.0700	-1.7466	
12.849	2.0340	-0.2015	-0.2344	-0.3330	-0.1029	-0.2673	
12.850	2.1326	-0.1358	-0.2344	-0.1029	-0.0043	-0.3659	
12.886	2.0340	-0.2673	-0.4317	-0.3988	-0.2015	-0.3988	
12.919	2.2970	-0.1358	-0.1358	-0.2673	0.0615	-0.2344	
12.941	2.0669	-0.2673	-0.3659	-0.2344	-1.5494	-0.2344	
12.945	2.1326	-0.0700	0.1601	-0.3001	0.0615	-0.1686	
12.980	2.0997	-0.2673	-0.3988	-0.3001	-0.3988	-0.3001	
13.008	2.0011	-0.9577	-0.3330	-0.3330	-0.3001	-0.2015	
13.010	2.1326	-0.2344	-0.4317	-0.2344	-0.1686	-0.4316	
13.037	2.1984	-0.2015	-0.2673	-0.3330	-0.1686	-0.3988	
13.039	2.0669	-0.2015	-0.3988	-0.1686	-0.2015	-0.3988	
13.072	1.9025	-0.3330	-0.4317	-0.4974	-0.2344	-0.4974	
13.074	2.5600	-0.2015	-0.5303	-0.4316	-0.2344	-0.4974	
13.103	1.9354	-0.3002	-0.2673	-0.3988	-0.2015	-0.2673	
13.130	2.0669	-0.2344	1.5737	-0.3330	-0.2015	-0.1686	
13.132	2.0997	-0.3002	-0.2015	-0.4316	-0.2015	-0.4316	
13.171	2.0011	-0.2673	-0.2015	-0.4645	-0.1358	-0.3659	
13.194	2.0669	-0.1358	-0.3002	-0.1029	-0.1029	-0.2344	
13.195	2.0997	-0.3002	-0.3659	-0.3659	-0.2015	-0.2673	
13.231	2.0669	-1.2207	-0.2673	-0.3988	-0.1358	0.6861	
13.259	1.9025	-0.0371	-0.3002	-0.4645	-0.0700	-0.2344	
13.287	2.0997	-0.2344	-0.3002	-0.3001	-0.2015	-0.0043	
13.289	2.0340	-0.1358	-0.3002	-0.2673	-0.2344	2.8230	
13.322	2.0997	-0.2344	-0.3988	-0.4974	-0.1686	-0.4974	
13.340	2.1326	-0.3002	-0.4317	0.2587	-0.2673	-0.3659	
13.350	2.2641	0.1272	-0.2344	0.0286	0.2916	-0.0043	
13.379	2.1326	-0.2673	0.2587	-0.3659	-0.1686	-0.3001	
13.382	2.0340	-0.2344	-0.3002	-0.3001	-0.1029	-0.2015	
13.418	2.1655	-0.2344	-0.2344	-0.3001	-0.1358	-0.2344	
13.445	2.1984	-0.2344	-0.1686	-0.1686	-0.1358	-0.2015	
13.475	2.0669	-0.2344	-0.3988	-0.3330	-0.2673	0.6204	
13.477	2.1655	0.0286	-0.2015	-0.1358	-0.0371	0.1601	
13.513	2.1655	-0.1358	-0.2344	-0.3330	0.8176	-0.2673	
13.540	1.9354	-0.3330	-0.3988	-0.3330	-0.2673	-0.5631	
13.568	2.0997	-0.2673	-0.1686	-0.3330	-0.1686	-0.2344	
13.570	2.1326	-0.1686	-0.3330	-0.3001	-0.0700	-0.3001	
13.607	2.1655	-0.2344	-0.4317	-0.3330	-0.1686	-0.4645	
13.633	2.1326	-0.2673	-0.1358	-0.3001	-0.1358	2.5929	
13.670	1.9025	-0.3988	-0.3330	-0.4316	-0.2673	-1.2206	
13.693	1.9354	-0.3659	-0.3330	-0.3988	-0.3659	-0.3659	
13.695	2.0997	-0.2015	-0.3330	-0.4316	-0.1686	-0.3988	
13.728	2.1984	-0.1358	-0.1686	-0.2015	-0.1029	-0.3988	
13.756	2.0669	0.2259	-0.4317	-0.3001	-0.3988	-0.7275	
13.758	2.1326	-0.3988	-0.3002	-0.3330	-0.2344	-0.4645	
13.789	2.0669	-0.3330	-0.4645	-0.3330	-1.4179	-0.3988	
13.825	2.0011	-0.3988	-0.2673	-0.3001	-0.1686	-0.0700	
13.836	2.1984	-0.2015	-0.2344	-0.3001	-0.1686	-0.4645	
13.851	1.9025	-0.2673	-0.2344	-0.4316	-0.1358	-0.1358	
13.880	2.0669	-0.2673	-0.2673	-0.3659	1.1792	0.1272	
13.883	2.0011	-0.3002	-0.3002	-0.3988	-0.1029	-0.0700	
13.920	2.0011	-0.1686	-0.2015	-0.3001	-0.1358	-0.1686	
13.929	2.0997	-0.1686	-0.3988	-0.2673	-0.2015	-0.3659	
13.944	2.0011	-0.3002	-0.2344	-0.4316	-0.1029	-0.3001	
13.977	2.1984	-0.2015	-0.1686	-0.2344	-0.0371	-0.2673	
14.008	1.9025	-0.3659	-0.3659	-0.4316	-0.1358	-0.5303	
14.009	2.2641	0.0286	-0.2344	-0.0371	0.0944	-0.3330	
14.036	2.0340	-0.0700	-1.0892	-0.3330	-0.1029	-0.4316	
14.038	1.9682	-0.3988	-0.4317	-0.3659	-0.2015	-0.0700	
14.073	1.9025	-1.4179	-0.4317	-0.3988	-0.2344	0.2259	
14.098	2.0669	-0.2015	-0.3659	-0.3001	-0.0371	-0.3988	
14.100	2.0669	-0.3002	-0.2673	-0.3988	-0.2015	-0.3659	
14.131	1.8696	0.0286	-0.1686	-0.1358	0.4560	-0.2673	
14.133	2.0011	-0.3659	0.9491	-0.4974	-0.1029	-0.3659	
14.171	1.8696	-0.1686	-0.3330	-0.2015	-0.2015	-0.1686	
14.193	2.0340	-0.3988	-0.2344	-0.3001	-0.2015	-0.3330	
14.194	2.0669	-0.3002	-0.3002	-0.3001	-0.0700	-0.3988	
14.224	1.9025	-0.2673	-0.3659	-0.0700	-0.2015	-0.4974	
14.226	2.1984	-0.1358	-0.3002	-0.3330	-0.1358	-0.4316	
14.258	2.3627	-0.2344	-0.3330	-0.3659	-0.2344	-0.3001	
14.292	1.9354	-0.3002	-0.3330	-0.4316	-0.4316	-0.4645	
14.305	1.9682	-0.3330	-0.4974	-0.4316	-0.6618	-0.5303	
14.319	2.0340	-0.3659	-0.3002	-0.3659	-0.2673	-0.3001	
14.348	1.9682	-0.1029	1.9354	-0.3001	-0.1358	-0.1358	
14.351	2.0669	-0.2015	0.1601	-0.3659	-0.2015	-0.3659	
14.379	2.0011	-0.3330	-0.2344	-0.3330	0.3902	-0.2344	
14.382	2.0011	-0.1686	1.1464	-0.0371	-0.1358	-0.3001	
14.420	2.0669	-0.3002	-0.4974	-0.3988	-0.2673	0.9820	
14.445	2.0340	-0.1358	-0.4317	-0.1686	-0.0043	-2.4041	
14.478	2.0669	-0.4974	-0.3988	-0.4316	-0.2015	-0.1686	
14.510	1.9682	-0.2015	-0.3659	-0.3988	-0.2673	-0.1686	
14.542	1.9354	-0.3988	-0.5303	-0.4316	-0.4974	-0.4645	
14.573	2.7244	-0.0371	-0.3002	-0.2673	-0.3330	-0.3988	
14.599	3.2504	-0.1358	-0.2344	-0.2673	-0.0371	-0.3659	
14.600	2.1655	-0.2015	-0.1358	-0.2015	-0.0371	-0.3330	
14.633	1.9354	-0.2673	-0.3002	-0.3330	-0.1029	-0.3001	
14.672	2.0011	-0.3002	-0.4645	-0.3659	-0.1029	-2.5685	
14.692	2.1984	-0.2673	-0.3659	-0.2673	-0.5631	-0.3330	
14.698	2.0011	-0.0043	0.0944	0.1601	0.9820	0.2259	
14.725	2.0997	-0.1686	-0.7604	-0.2673	-0.1029	-0.3001	
14.753	2.1326	-0.0371	-0.4317	-0.1686	-0.1029	-0.2673	
14.756	1.9025	-0.2015	-0.4974	-0.3988	-0.0371	-0.7275	
14.787	1.9682	-0.3988	-0.4645	-0.2015	-0.4316	-0.0700	
14.789	1.8696	-0.3330	-0.2673	-1.8781	-0.1686	-0.4316	
14.823	1.9025	-0.3659	-0.2344	-0.4316	-0.3001	-3.7849	
14.854	1.7052	-0.3659	-0.2673	-0.4316	-0.0371	-0.4316	
14.867	2.1326	-0.2015	-0.3002	-0.3659	-0.1358	-0.4316	
14.884	2.0011	-0.2344	-0.3002	-0.3988	-0.1358	-0.5960	
14.921	2.0997	-0.3330	-0.4645	-0.3330	-0.1029	2.8559	
14.944	2.1984	-0.2344	-0.3659	-0.3330	-0.2015	-0.3988	
14.973	1.3107	-0.3002	-0.4317	-0.3001	0.0615	-0.2673	
14.976	2.0011	-0.2344	-0.5632	-0.3001	-0.0700	-0.4974	
15.014	2.4285	-0.2015	-0.3330	-0.3001	-0.2344	-0.2673	
15.040	2.0669	-0.2344	-0.3330	-0.2015	-0.0371	-0.2344	
15.071	2.0340	-0.2673	-0.3330	-0.1686	-0.1358	-0.3001	
15.102	2.1655	-0.0371	-0.1686	-0.2015	0.0286	-3.8507	
15.134	2.0340	-0.2344	-0.2015	-0.3001	-0.1686	-0.1358	
15.168	2.0669	-0.1358	-0.3659	-0.2673	-0.1686	-0.3330	
15.193	2.0340	-0.2344	-0.3002	-0.3001	-0.2015	-0.4974	
15.194	2.4614	-0.0043	-0.3002	-0.1686	-0.0043	-0.1686	
15.224	1.9682	-0.2673	-0.2673	-0.3330	-0.2673	-0.4316	
15.228	1.9682	-0.1686	-0.3002	-0.2344	0.0286	-0.3001	
15.258	2.0669	-0.2015	-2.1412	-0.2673	-0.1686	-0.3001	
15.260	2.0340	-0.1686	-0.3659	-0.3001	-0.2344	-0.3330	
15.293	2.1984	-0.2015	0.0615	-0.2344	-0.2015	-0.3330	
15.322	2.0340	-0.3002	-0.3002	-0.3330	-0.2673	-0.2015	
15.336	2.1326	-0.3659	-0.2673	-0.3988	-0.1686	-0.3330	
15.350	2.0340	-0.2344	-0.3988	-0.3659	-0.2015	-0.3659	
15.387	2.0340	-0.3002	-0.3002	-0.3988	-0.1029	-0.3988	
15.422	2.1326	-0.3330	-0.2673	-0.3988	-0.1029	-0.3988	
15.429	2.0340	-0.2673	-0.1358	-0.5631	-0.0700	-0.3988	
15.448	2.2970	0.1272	0.0944	-0.0043	0.0944	2.0011	
15.474	1.9682	-0.2673	-0.4317	-0.3001	-0.1686	-7.6971	
15.476	1.9354	-0.3330	-0.2673	-0.5303	0.3902	0.3902	
15.512	2.0669	-0.2015	-0.3988	-0.3001	-0.2673	-0.3659	
15.534	2.0340	-0.3659	-0.0371	-0.3988	-0.1358	-0.2673	
15.538	2.0997	-0.2344	-0.3330	-0.1686	-0.2015	-0.4974	
15.568	2.0011	-0.2673	-0.4974	-0.4316	-0.1358	-0.5960	
15.570	2.0997	-0.3002	-0.2344	-0.4316	0.0286	-0.4645	
15.598	2.1655	-0.0700	-0.0371	-0.0700	0.1601	-0.0700	
15.600	2.3627	-0.0043	-0.2673	-0.0700	0.0944	-1.1549	
15.629	1.9682	-0.1686	-0.3330	-0.2673	-0.1686	-0.3001	
15.632	2.1326	-0.2344	-0.3659	-0.3001	-0.0371	-0.4974	
15.672	1.9025	-0.2344	-0.4317	-0.3659	-0.2673	-0.3330	
15.694	2.0669	-0.2673	-0.2344	-0.3988	-0.2344	-0.3001	
15.723	2.0997	0.2587	-0.4317	-0.2673	-0.2673	-0.6946	
15.725	1.8367	-0.3988	-0.3002	-0.3330	-0.2673	-0.3001	
15.758	2.0997	-0.4974	-0.3330	-0.3001	-0.0371	-0.0700	
15.793	2.1655	-0.0700	-0.2344	-0.1358	0.0615	-0.3988	
15.804	2.1326	-0.2344	-0.3659	-0.3988	-0.1358	-0.6618	
15.819	2.1655	-0.1358	-0.3659	-0.2015	-0.0700	-0.3330	
15.848	2.0669	-0.1029	-0.2344	-0.3659	-0.0043	-0.4645	
15.850	2.0669	-0.2015	-0.3659	-0.3659	-0.1029	-0.4316	
15.879	2.0669	-0.5960	-0.2015	-0.3001	-0.1029	0.5875	
15.881	2.2641	-0.1029	-0.2015	-0.1029	-0.0700	-0.1358	
15.917	2.1655	-0.2673	-0.1686	-0.3659	-0.1686	0.8176	
15.947	2.3956	-0.1358	-0.3002	-0.2344	-0.2015	-0.3659	
15.974	2.0997	-0.2015	-0.3659	-0.2344	-0.0371	-0.3988	
15.976	2.2312	-0.2015	-0.3002	-0.3330	-0.1686	-0.4316	
16.009	2.0011	-0.7275	-0.3988	-0.3001	-0.1358	-0.2344	
16.041	1.9354	-0.1686	-0.2673	-0.4645	-0.2673	-0.7933	
16.075	1.7052	-0.2344	-0.3330	-0.3659	-0.1029	-0.4316	
16.103	2.0011	-0.2673	-0.3002	-0.3330	-0.0700	-0.3330	
16.133	2.0340	-0.3659	-0.3988	-0.3659	-0.0043	-0.1358	
16.170	1.3436	-0.2015	-0.3988	-0.3001	0.0615	-0.3001	
16.195	2.0669	-0.2015	-0.2673	-0.3659	-0.1358	-0.4316	
16.196	2.9545	-0.2673	-0.2344	-0.3659	-0.2344	-0.3330	
16.229	2.4942	-0.0043	-0.0700	0.0286	0.1272	-0.0371	
16.254	2.0011	-0.0700	-0.4317	-0.3988	-0.3330	-0.8261	
16.257	2.0669	-0.2015	-0.3330	-0.3988	-0.1686	-0.3659	
16.286	2.1655	-0.1358	-0.1358	-0.2673	0.0286	-0.2344	
16.288	1.9682	-0.2344	-0.4974	-0.2673	-0.2673	-0.4974	
16.321	2.0669	-0.0700	-0.3659	-0.2344	-0.2344	-0.4974	
16.335	2.1655	-0.2015	-0.2344	-0.1358	-0.0700	-0.3001	
16.349	2.3299	0.1930	-0.0371	-0.1358	-0.3001	-0.2344	
16.379	2.2312	-0.1686	0.1272	-0.0043	0.3574	-0.0700	
16.382	2.0669	-0.3988	-0.2344	-0.3988	-1.8453	-0.1029	
16.419	2.0340	-0.2344	-0.3002	-0.2673	-0.3988	-0.3330	
16.431	2.4942	-0.2673	-0.3330	-0.4645	-0.2673	-0.4316	
16.445	2.2312	-0.2015	0.3902	-0.2673	-0.1029	-0.3988	
16.479	2.0340	-0.1686	-0.2344	-0.3988	0.0944	-0.3988	
16.508	1.9682	-0.3988	0.6532	-0.3659	-0.3001	-0.4645	
16.541	1.8696	-0.2015	-0.3659	-0.3330	-0.2015	-0.3659	
16.571	2.0669	-0.2673	-0.3002	-0.3988	-0.1029	-0.3659	
16.598	2.1655	-0.1358	-0.2673	-0.1029	0.0286	-0.1686	
16.600	2.0340	-0.2015	-0.2344	-0.3988	-0.1029	-0.2015	
16.635	2.1326	-0.1686	-0.3002	-0.2673	-0.1686	-0.3001	
16.670	2.0669	-0.1358	-0.3988	-0.3659	-0.0371	-0.5303	
16.696	2.0997	-0.2344	-2.1740	-0.3001	0.0286	-0.3988	
16.734	2.1326	-0.1686	-0.3002	-0.3330	-0.1686	-1.9110	
16.754	2.3627	-0.0371	-0.1686	-0.1686	0.0615	-0.2015	
16.757	2.0340	-0.3002	-0.3988	-0.2344	-0.4316	-0.5303	
16.794	2.0669	0.0944	-0.1358	-0.3330	-0.2015	-0.3988	
16.805	2.0669	-0.2015	-0.7933	-0.2344	-0.2673	-0.3001	
16.823	1.9682	-0.3659	-0.3988	-0.7933	-0.3659	-0.5631	
16.849	2.2641	-0.0371	-0.8919	-0.0371	0.0615	-0.1358	
16.851	1.9682	-0.1358	-0.1686	-0.4316	-0.1358	-0.5303	
16.882	2.2312	-0.1686	-0.1358	-0.2673	-0.1358	-3.2260	
16.921	1.9682	-0.3002	-0.3330	-0.3330	-0.1029	-0.3988	
16.929	2.1984	-0.1358	-0.2015	-0.1029	-0.0371	0.2259	
16.948	2.1984	-0.1686	-0.2015	0.9162	-0.1686	-0.3001	
16.978	2.1655	-0.0700	-0.4317	-0.2344	-0.0043	-0.2673	
17.011	2.0669	-0.1029	-0.2344	-0.3330	-0.1358	-0.5960	
17.038	2.1984	-0.2015	-0.3330	-0.2673	-0.1686	-0.3001	
17.039	2.0669	-0.2673	-0.3330	0.0944	-0.0700	-0.4645	
17.072	2.0997	-0.1358	-0.3002	-1.0234	-0.0371	-0.3330	
17.100	2.0011	-0.2673	-0.2344	-0.3988	-0.1358	-0.0371	
17.102	2.0669	-0.2673	-0.3659	-0.2673	-0.1686	0.1601	
17.130	2.1655	-0.0700	-0.2344	-0.1358	-2.8973	-0.3001	
17.132	1.9682	-0.2344	-0.3988	-0.4316	-0.1686	-4.1465	
17.171	2.0669	-0.1358	-0.3988	-0.2344	-0.2344	-0.4316	
17.193	2.1326	-0.2344	-0.3002	-0.2673	-0.0700	-0.3988	
17.195	2.2641	0.0944	-0.3002	0.0615	0.1601	-0.5631	
17.224	1.2779	-0.2673	-0.3330	-0.4316	0.0286	-0.2344	
17.226	2.1326	-0.2344	-0.1358	-0.2015	-0.1686	-0.3001	
17.260	2.0997	-0.1686	-0.2673	-0.3001	-0.1686	-0.3001	
17.272	2.0997	-0.2344	-0.3002	-0.3330	-0.1686	-1.8124	
17.287	2.0997	-0.2344	-0.3988	-0.0700	-0.2015	-0.2344	
17.316	2.0669	-0.1358	-0.3988	-0.3001	-0.0700	-0.3988	
17.320	2.0997	-0.2673	-0.0371	-0.4316	-0.2015	-0.5303	
17.348	2.0011	-0.1358	-0.3002	-0.4316	-0.1358	-0.3988	
17.350	2.0011	-0.2673	-0.4317	-0.3988	-0.3001	-0.4645	
17.384	2.1326	-0.2344	-0.3330	-0.2673	-0.5631	-0.1358	
17.418	2.0669	-0.1686	-0.3330	-0.3001	-0.0700	-0.3001	
17.429	2.2641	-0.1029	-0.1686	-0.2015	-0.1029	-0.2015	
17.443	2.0669	-0.2673	-0.2344	-0.3330	-0.2015	-0.3330	
17.474	1.9682	-0.3002	-0.3988	-0.3001	-0.2344	-0.5631	
17.476	2.0011	-0.1686	-0.3002	-0.4645	-0.2344	-0.3330	
17.505	2.1984	-0.1029	-0.2344	-0.1029	-0.1358	1.9354	
17.507	1.9354	-0.3330	-0.4645	-0.3988	-0.2673	-0.4316	
17.544	2.1984	-0.1686	-0.2015	-0.2344	-0.1358	-0.3001	
17.567	1.9025	-0.3988	-0.3002	-0.3659	-0.2015	-0.3001	
17.569	1.9682	-0.2344	-0.4645	-0.3988	-1.6480	-0.8261	
17.599	2.1326	-0.1686	-0.3002	-0.2344	-0.0700	-1.6151	
17.601	2.0997	-0.1686	-0.3330	-0.3001	-0.1029	-0.3659	
17.629	2.0997	-0.2015	-0.2673	-0.3001	-0.0371	-0.3988	
17.632	2.1326	-0.1686	-0.2015	-0.3330	-0.1029	-0.3330	
17.673	2.0340	-0.1358	-0.3988	-0.2673	-0.2015	-0.3659	
17.695	2.0340	-0.2344	-0.3002	-0.3659	-0.1686	-0.2015	
17.728	2.0997	-0.1686	-0.3002	-0.3330	-0.3659	-0.4316	
17.755	2.0340	0.0944	-0.3659	-0.3988	-0.2673	-0.8919	
17.756	2.0669	-0.1686	-0.1029	-0.3001	-0.0700	-2.1083	
17.789	2.0669	-0.2673	-0.2344	-0.3659	-0.2015	-0.4316	
17.790	1.8696	-0.2344	-0.3330	-0.5631	-0.3001	-0.4645	
17.805	2.0011	-0.2673	-0.3330	-0.1686	-0.3001	-0.2673	
17.819	2.0340	-0.2344	-0.2673	-0.2344	-0.0700	-0.3988	
17.851	2.3627	-0.0371	-0.1686	-0.0043	-0.4645	0.2587	
17.853	2.0669	-0.1686	-0.2344	-0.2673	-0.2673	-0.4974	
17.881	2.1326	-0.1686	-0.0371	-0.4974	0.0944	-0.3001	
17.884	2.0997	-0.0371	-0.2015	-0.2673	-0.0043	-0.3001	
17.922	1.2779	-0.1686	-0.3002	-0.3001	0.0944	-0.3001	
17.932	2.1984	-0.1358	0.7190	-0.1029	-0.0371	-0.2344	
17.945	2.0997	-0.2015	-0.2673	-0.3659	-0.1686	-0.2015	
17.974	2.0340	-0.3002	-0.3330	-0.3001	-0.2015	-0.3001	
17.975	2.1326	-0.2344	-0.3988	-0.3330	-1.2535	-0.8261	
18.010	2.0669	-0.1686	-0.3002	-0.4316	-0.1358	-0.3988	
18.042	2.0340	-0.2015	-1.1549	-0.5631	-0.1686	-0.3988	
18.067	1.9682	-0.2015	-0.3330	-0.3330	-0.2344	-2.6671	
18.069	2.0669	-0.2015	-0.4317	-0.3988	-0.1686	-0.5960	
18.102	2.0011	-0.2015	-0.2673	-0.3001	-3.2918	-0.3001	
18.134	2.0669	-0.2344	-0.3002	-0.3001	-0.1358	-0.3988	
18.168	2.0011	-0.2673	-0.2344	-0.3001	-0.1029	-0.3988	
18.193	1.9025	-0.6947	-0.3330	-0.3988	-0.2015	-0.2344	
18.194	2.2970	0.0944	-0.1029	-0.1358	0.2587	-0.4316	
18.224	2.0340	-0.1686	-0.4645	-0.3001	-0.4645	-0.4974	
18.226	2.0011	-0.2673	-0.3002	-0.3659	-0.2015	-0.2015	
18.256	2.0997	-0.2673	-0.3330	-0.6289	-0.2015	-0.4316	
18.258	2.0340	-0.2673	-0.3002	-0.3001	-0.0700	0.1601	
18.290	2.3627	-0.2673	-0.4645	-0.4316	-0.3001	-0.5960	
18.305	1.9682	-0.3002	0.1272	-0.3988	-0.2015	-0.4645	
18.319	1.9682	-0.3002	-0.5632	-0.3988	-0.3330	-0.3330	
18.350	2.2312	-0.1358	0.0944	-0.1686	-0.0371	-0.2673	
18.352	1.8696	-0.3002	-0.5632	-0.4316	-0.2344	-0.8919	
18.384	2.0669	-0.3002	-0.3659	-0.3988	-0.2344	-1.6809	
18.415	2.3627	-0.1358	-0.2015	-0.1029	0.1272	-0.3988	
18.442	2.0340	-0.1686	-0.4974	-0.3330	-0.1686	-0.0371	
18.448	2.1326	-0.2344	-0.2673	-0.3659	-0.0700	-0.3001	
18.475	2.1984	-0.2015	-0.3002	-0.3330	-0.2015	-0.9905	
18.476	2.0669	-0.2015	-0.3002	-0.3330	-0.1358	-0.2344	
18.504	2.2970	-0.0043	-0.2344	-0.2673	-0.0700	-0.3659	
18.506	2.0997	-0.1686	-0.2015	-0.3330	-0.0043	1.1464	
18.540	2.1655	-0.2344	-0.0371	-0.1686	-0.0043	3.2832	
18.571	1.8039	-0.2015	-0.2673	-0.3330	0.0286	-0.3988	
18.606	2.0669	-0.4317	-0.3330	-0.4316	0.2587	-0.5631	
18.630	2.0340	-0.2015	-0.3330	-0.3330	-0.0043	-0.3001	
18.632	2.0997	-0.2015	-0.2344	-0.4645	-0.1686	-0.2673	
18.673	2.1655	0.1601	-0.4317	0.1272	0.4231	0.1601	
18.695	2.0340	-0.3330	-0.4317	-0.4645	-0.2015	-0.3001	
18.723	2.0669	-0.2673	-0.2344	-1.8781	-0.3001	-0.3659	
18.725	1.9354	-0.2015	-0.2344	-0.3988	-0.1358	-0.4316	
18.754	2.1326	-0.1686	-0.3330	-0.2344	-0.0043	-0.4316	
18.757	1.8039	-0.3002	-0.3330	-0.3988	-0.2344	-0.4645	
18.792	1.9682	-0.2673	-0.4317	-0.3659	-0.2344	-0.4974	
18.804	2.0997	-0.3988	-0.3659	-0.4316	-0.2673	-0.4645	
18.823	2.0669	-0.3002	-0.5303	-0.4316	-0.2015	-0.6289	
18.858	2.0997	-0.2344	-0.4317	-0.1029	-0.2344	-0.4974	
18.872	2.0011	-0.0700	-0.4645	-0.3330	-0.1358	-1.0563	
18.881	2.0011	-1.3850	-0.1029	-0.3330	-0.0371	0.9162	
18.916	2.0997	-0.2015	-0.2344	-0.3001	0.0944	-0.2344	
18.945	2.0997	-0.2344	-0.3002	-0.3659	-0.1686	-0.3330	
18.979	2.1326	-0.1686	-0.3002	-0.2673	-0.0043	-0.3659	
19.006	2.0011	-0.3002	-0.4645	-0.6946	-0.2015	-0.5303	
19.008	1.8039	-0.3002	-0.3988	-0.3001	-0.1029	-0.4645	
19.045	2.0340	-0.2015	-0.2344	-0.3659	0.0286	-1.4508	
19.066	2.0997	-0.0700	-0.2344	-0.3988	-0.1029	-0.4316	
19.071	2.0997	-0.2673	-0.2344	-0.3001	-0.1358	-0.6618	
19.103	2.1655	-0.2673	-0.1029	-0.3001	-0.0371	0.0286	
19.131	2.1326	-0.2344	-0.2015	-0.1686	-0.1029	-0.2015	
19.133	2.0997	-0.2673	-0.2673	-0.3330	-0.2015	-0.5303	
19.167	2.1984	-0.2015	-0.2673	-0.3988	0.3574	-0.2344	
19.192	2.0669	-0.2344	-0.4974	-0.3330	-0.1358	-0.4645	
19.194	2.0011	-0.3002	-0.3330	-0.4316	-0.2015	-0.5303	
19.226	2.1655	-0.2344	-0.3330	-0.2344	-0.1686	-0.4316	
19.259	2.0669	-0.1029	-0.2673	-0.2673	-0.1029	-0.3001	
19.273	2.0997	-0.2015	-0.6618	-0.2344	-0.0700	-0.4645	
19.288	2.1326	-0.0700	-0.3988	-0.8261	-0.2344	-0.4316	
19.319	2.1326	-0.3659	-0.2673	-0.2015	-0.0043	-0.5960	
19.320	1.9682	-0.2673	-0.3330	-1.4836	-0.0043	-0.3659	
19.351	2.0669	-0.1686	-0.3330	-0.3330	-0.0700	-0.3988	
19.353	1.8696	0.4231	-0.1358	-0.3330	-0.2015	-1.1220	
19.381	2.0669	-0.1029	-0.2015	-0.2673	-0.1029	-0.5303	
19.383	2.0340	-0.2344	-0.2015	-0.3330	-0.0043	-3.0288	
19.416	2.1655	-0.1686	-0.2015	-0.2673	0.1272	-0.1686	
19.444	2.0669	0.0615	-0.3002	-0.1029	-0.0700	-0.1686	
19.446	2.0011	-0.3002	-0.3002	-0.6618	-0.1686	-0.2673	
19.475	2.0997	-0.1686	-0.2673	-0.2344	-0.1029	-0.2015	
19.477	2.3299	0.0286	-0.1686	-0.2344	0.2259	-0.1358	
19.510	2.0011	-0.3002	-0.3659	-0.3988	-0.1686	-0.1686	
19.536	2.3299	-0.1686	-0.3988	-0.1358	-0.1029	-0.5303	
19.538	0.8834	-0.3002	-0.3002	-0.4316	-0.1358	-0.4974	
19.571	2.0340	-0.1358	-0.3659	-0.3330	-0.9576	-0.3001	
19.603	2.0011	-0.2344	-0.4317	-0.3330	1.4751	0.0286	
19.629	2.1655	-0.0043	-0.1358	-0.1029	0.0615	-0.3988	
19.633	2.0997	-0.2673	-0.3002	-0.4316	-0.2344	-0.2344	
19.668	2.0997	-0.2015	-0.3002	-0.2015	-0.3001	-0.3330	
19.693	1.9354	-0.3002	-0.2344	-0.3988	-0.2344	-0.3330	
19.694	2.0669	-0.2015	-0.4974	-0.3330	-0.1686	-0.3330	
19.723	2.0340	-0.2344	-0.3002	-0.3001	-0.1358	3.5791	
19.726	2.0011	-0.2673	-0.3659	-0.3988	-0.1358	-0.4645	
19.756	1.9682	-0.3659	-0.4645	-0.4974	-0.3001	-0.4645	
19.759	1.9682	-0.2344	-0.3659	-0.3330	-0.1686	-0.7604	
19.793	2.1655	-0.1358	-0.2673	-0.2015	-0.1029	-0.3659	
19.804	2.0669	-0.2673	-0.4317	-0.3988	0.1272	-0.1358	
19.818	2.0997	-0.2344	-0.3659	-0.3001	-0.2344	-0.3988	
19.849	2.0340	-0.3330	-0.3988	-0.1686	-0.1029	-0.3001	
19.852	2.0011	-0.3002	-0.3659	-0.3659	0.4231	-0.4974	
19.886	2.1326	-0.3330	-0.2673	-0.5631	-0.1686	-0.5303	
19.917	2.0997	-0.1686	-0.2673	-0.2015	-0.0700	-0.3001	
19.942	2.1326	-0.1686	-0.3988	-0.2344	-0.8590	-0.4316	
19.944	2.0669	0.0286	-0.0371	-0.1029	0.1272	0.0286	
19.975	2.0669	-0.2673	-0.2344	-0.3001	-0.1358	-0.4316	
20.009	2.0997	-0.2344	-0.4645	-0.3001	-0.2015	-0.3988	
20.035	2.1655	-0.2344	-0.0371	-0.3330	-0.2015	-0.3988	
20.038	2.0669	-0.2015	-0.3330	-0.3001	0.1272	-0.3659	
20.072	2.0011	-0.1029	-0.2673	-0.3330	-0.3330	-0.3988	
20.103	2.0669	-0.2673	-0.3330	-0.3659	-0.3001	-0.2015	
20.133	2.1655	-0.0700	-0.2673	-0.3001	-0.2015	-0.2344	
20.171	2.0669	-0.3002	-0.4645	-0.3001	-0.2344	-0.2344	
20.193	2.1326	-0.2015	-0.3002	-1.0563	-0.6946	-0.4645	
20.195	1.9682	-0.2673	-0.5632	-0.3330	-0.2673	-2.0754	
20.223	1.9354	-0.2673	-0.3659	-0.2344	-0.1686	-0.3988	
20.226	2.0011	-0.2015	-0.4317	-0.3330	-0.1686	-0.4316	
20.262	2.9216	-0.2344	-0.2015	-0.2673	0.0286	-0.2673	
20.273	2.0669	-0.2673	-0.4317	-0.1686	-0.1029	-0.4645	
20.288	2.0669	-0.2673	-0.3002	-0.1686	-0.1358	-0.5960	
20.318	2.0669	-0.2673	-0.3002	-0.4316	0.2259	-0.0700	
20.319	2.0340	-0.3002	-0.3659	-0.2344	-0.3001	-0.5303	
20.352	2.2641	-0.5632	-0.1686	-0.2344	-0.0371	0.3245	
20.367	2.0997	-0.3002	-0.1686	-0.3001	-0.0700	-0.3001	
20.381	2.0669	-0.0371	-0.1686	-0.2673	-0.0043	-0.1686	
20.415	2.1655	-0.0371	-0.3002	-0.1029	-0.0700	-0.7933	
20.416	2.0011	-0.1686	-0.3002	0.0286	0.0944	-0.3659	
20.445	2.0669	-0.1029	-0.1358	-0.3001	-0.1029	-0.3001	
20.474	2.1655	-0.3002	-0.3659	-0.3659	-0.2015	-0.4974	
20.476	2.0340	-0.2673	-0.3002	-0.3001	0.0286	-0.1686	
20.508	2.0997	-0.2344	-0.4317	-0.3988	-0.3330	-0.4316	
20.537	2.1326	-0.3002	-0.2673	-0.3659	-0.1358	0.6532	
20.539	2.0669	-0.1029	-0.4645	-0.0700	-0.3001	-0.3988	
20.572	2.0669	-0.3988	-0.3988	-0.3659	0.3902	-0.3988	
20.601	2.0340	-0.2673	-0.3659	-0.2673	-0.2015	-1.6151	
20.603	2.0340	-0.3002	0.1272	-0.5303	-0.1029	-0.5631	
20.634	2.0669	-0.3330	-0.2344	-0.3659	-0.2344	-6.3163	
20.667	2.0011	-0.1029	-0.1358	-0.3988	-0.2015	-0.4316	
20.693	2.0669	-0.2015	-0.2015	-0.3001	-0.2015	-0.3330	
20.699	2.1326	-0.3988	-0.2673	-0.3001	-0.1358	-0.0043	
20.732	2.0669	-0.2344	-0.3002	-0.1029	-0.2015	-0.2015	
20.755	2.0997	-0.1686	-0.4317	-0.1358	-2.0425	-0.4316	
20.756	2.0997	-0.2015	-0.3002	-0.2344	-0.0371	-0.3659	
20.772	2.1655	0.1601	-0.2673	-0.3001	-0.1029	-0.4645	
20.788	2.0669	-0.3002	-0.3659	0.3245	-0.2015	-0.5960	
20.821	1.9354	-0.8919	-0.4317	-0.4316	-0.2673	0.2259	
20.839	2.1984	-0.6289	-0.3002	-0.3330	-0.2344	-0.0043	
20.851	2.0669	-0.3330	-0.0700	-0.3001	-0.2673	-0.4645	
20.880	2.1326	-0.2673	-0.1686	1.2450	-0.1029	-0.3001	
20.882	2.0669	-0.2015	-0.2673	-0.3988	-0.6618	-0.1029	
20.916	2.1326	-0.2015	-0.2673	-0.2673	-0.3988	-0.3330	
20.945	2.3299	-0.2673	-0.2673	-0.3001	0.0286	-0.4974	
20.947	2.0340	-0.5303	-0.2344	-0.4316	-0.1358	-0.1029	
20.972	2.1984	-0.1358	-0.2015	-0.2344	-0.0700	-0.3988	
20.975	1.9025	-0.1686	-0.3330	-0.4316	-0.1358	-0.4316	
21.005	1.9682	-0.2344	-0.3988	-0.3001	-0.2673	-0.4645	
21.007	2.2312	-0.0700	-0.3002	-0.3988	-0.1029	-0.2673	
21.035	2.0997	-0.2673	-0.2344	-0.3988	-0.2673	-0.3001	
21.038	2.7572	0.2916	0.1272	0.3574	0.2916	-0.0371	
21.070	1.9682	-1.1549	-0.3330	-0.3330	-0.2673	0.5217	
21.074	2.0669	-0.3002	-0.3330	-0.3659	-0.2344	-0.3659	
21.102	2.0669	-0.2344	-0.4317	-0.3001	0.8834	0.5875	
21.134	2.0997	-0.0371	-0.6618	-0.5631	0.0615	-0.3001	
21.168	1.9682	-0.2344	-0.2673	-0.3988	-0.2015	-0.2673	
21.193	2.1655	-0.2344	-0.3002	-0.3330	-1.9768	-1.0563	
21.194	2.1655	-0.3002	0.0944	-0.4316	-0.1358	-0.4645	
21.228	2.2312	-0.2344	2.4614	-0.4974	0.0286	-0.2673	
21.255	2.0997	-0.3002	-0.4974	-0.3001	-0.9576	-0.3001	
21.257	2.0669	-0.3002	-0.3002	-0.3001	-0.3001	-0.3659	
21.291	2.0669	-0.1686	-0.3659	-0.1358	-0.1358	-0.3659	
21.320	2.0011	-0.2344	-0.0371	-0.3330	-0.3330	-0.3659	
21.321	2.0011	-0.3002	-2.1740	-0.2673	-0.3001	-0.3659	
21.336	2.1326	-0.2673	0.1601	-0.3330	-0.0043	-0.4974	
21.350	2.2641	-0.1029	-0.2673	-0.2344	-0.2015	-0.3659	
21.380	2.1655	-0.2344	-0.3330	-0.3330	-1.4836	0.2916	
21.382	2.0340	-0.1358	-0.2344	-0.3001	0.7190	-0.4974	
21.422	1.8696	-0.2673	-0.4317	-0.3988	1.5737	0.4889	
21.430	2.9874	-0.1686	-0.1358	-0.2673	-0.2344	-0.3988	
21.445	2.1655	-0.2015	-0.3002	-0.3001	0.2587	-0.9248	
21.479	2.1655	-0.2015	-0.3002	-0.3988	-0.0371	-0.2015	
21.509	2.0997	-0.1029	-0.2344	-0.2673	-0.0043	-0.4316	
21.536	2.2970	-0.2015	-0.3330	-0.3659	-0.3001	-0.5631	
21.539	2.0997	-0.3002	0.5546	-0.3330	-0.3330	-0.3330	
21.571	2.1655	-0.2344	-0.3002	-0.3659	-0.1358	-2.4041	
21.608	2.0997	-0.2015	-0.3002	-0.3330	-0.2344	-0.4645	
21.631	2.1326	-0.2015	-0.3002	-0.2673	-0.1358	-0.3001	
21.633	2.1984	-0.1686	-0.2673	-0.3330	-0.0371	-0.2673	
21.674	2.1655	-0.2015	-0.3659	-0.1358	-0.1029	-0.3988	
21.696	2.9874	-0.1686	-0.1686	-0.3001	-0.1029	-0.4316	
21.725	2.2312	-0.1358	0.2916	-0.1358	-0.0700	-0.3988	
21.726	2.0669	-0.2673	-0.3988	-0.4316	-0.2673	-0.4316	
21.753	1.9682	-0.3330	0.4560	-0.3001	-0.3330	-0.3001	
21.757	2.0997	-0.3330	-0.6618	-0.3988	-0.3001	-0.3001	
21.773	2.2641	0.0615	-0.1029	-0.0371	-0.1686	-0.3001	
21.788	2.0997	-0.9905	-0.2344	-0.3330	-0.1029	-0.0700	
21.818	2.0669	-0.3330	-0.3659	-0.3988	-0.2344	-0.9248	
21.820	2.0997	-0.3002	-1.6152	-0.3001	-0.2344	-0.2673	
21.857	2.0011	-0.2015	-0.2344	-0.3659	-0.1358	-0.3330	
21.871	2.0340	-0.3330	0.0944	-0.3001	-0.3330	-0.3988	
21.884	2.1326	-0.2344	-0.4645	-0.4316	-0.2344	-0.4974	
21.917	2.1326	-0.1358	-0.3330	-0.3330	-0.0371	-0.3659	
21.945	2.0669	-0.2673	-0.3330	-0.3330	-0.2015	-0.3330	
21.977	2.2641	-0.1686	-0.1686	-0.3001	-0.1029	-0.3330	
22.009	2.2312	-0.1029	-0.2673	0.0615	0.6204	-0.2015	
22.036	2.2312	-0.2344	-0.2015	-0.3001	-0.1029	-1.0891	
22.038	1.9025	-0.3002	-0.3002	-0.4645	-0.3001	-0.4974	
22.069	1.9682	-0.2673	-0.3659	0.6532	0.0615	-0.3001	
22.072	2.0669	-0.3002	-0.3659	-0.4316	-0.3001	-0.3659	
22.099	2.1655	-0.1358	-0.3659	0.0944	0.2587	-0.3001	
22.101	1.9682	-0.3002	-0.2673	-0.4316	-0.2344	-0.3988	
22.137	2.0340	-0.2344	-0.4645	-0.3001	-0.2344	-0.2673	
22.171	1.9025	-0.3002	-0.3659	-0.2015	-0.2344	-0.4645	
22.193	2.0997	-0.2344	-0.3988	-0.3988	-0.1029	-0.5631	
22.194	2.0340	-0.1358	-0.2015	-0.3330	-0.1029	-0.3001	
22.229	2.2312	-0.1358	-0.3002	-0.2344	0.0615	-0.3001	
22.255	2.9874	-0.3330	-0.4317	-0.3659	-0.2673	-0.3659	
22.256	2.0340	-0.3659	-0.4645	-0.3001	-0.2673	-0.2673	
22.273	2.7901	-0.0371	-0.3659	-0.3659	-0.3659	-0.3988	
22.288	2.2312	-0.0371	-0.2015	-0.3001	-0.1358	-0.3001	
22.324	2.0340	-0.2673	-0.1686	-0.3001	-0.0371	-0.2015	
22.353	2.0997	-0.2015	-0.3330	-0.7604	-0.2015	-0.4974	
22.369	2.1655	-0.2344	-0.3988	-0.3659	-0.1686	-0.4974	
22.384	2.1326	-0.2673	-0.3002	-0.4974	-0.2015	-0.3001	
22.424	2.0669	-0.2673	-0.3330	-0.3659	-0.1686	-0.4645	
22.430	2.0669	-0.2344	-0.1686	-0.3330	-0.0700	1.4422	
22.445	2.1655	-0.3330	-0.1686	-0.3659	-0.1029	-0.3330	
22.478	2.1326	-0.2344	-0.2015	-0.5960	-0.1358	-0.3659	
22.505	2.1326	-0.2015	-0.5303	-0.3001	-0.1686	-0.4645	
22.507	2.0669	-0.3002	-0.3330	-0.3988	-0.1029	-0.8261	
22.538	1.7381	-0.3659	-0.3330	-0.4645	-0.1358	-0.4316	
22.540	2.0997	-0.3002	-0.3659	-2.7986	-0.6618	-0.3330	
22.571	2.0011	-0.2673	-0.3002	-0.4316	-0.0371	-0.2015	
22.598	2.0997	-0.1358	-0.3659	-0.3001	-0.1029	-0.4974	
22.600	2.0340	-0.2673	-0.3988	-0.3659	-0.1686	-0.4316	
22.635	2.0997	-0.3659	-0.4317	-0.3330	-0.2673	-0.1686	
22.668	2.3956	-0.2015	-0.2344	-0.2673	-0.2344	-0.3330	
22.693	2.0011	-0.2673	-0.3330	-0.4645	-0.2344	-0.7275	
22.695	2.1655	-0.1686	-0.2015	-0.3330	-2.2726	-0.6289	
22.732	2.1984	-0.0043	-0.3659	-0.2673	-0.1029	-0.7933	
22.759	2.0997	-0.1358	-0.2673	-0.3988	-0.0371	-0.2673	
22.786	2.0669	-1.0234	-0.4317	-0.2015	-0.0700	-0.1686	
22.787	2.0340	-0.3330	-0.2673	-0.3330	-0.2015	-0.7275	
22.826	2.0669	-0.4317	-0.6947	-0.3659	-0.1358	-0.4316	
22.837	1.9025	-0.2015	-0.5632	0.3245	-0.2673	-0.4316	
22.852	2.0669	-0.1358	-0.0700	-0.2344	-0.2015	-0.2015	
22.873	2.1984	-0.1358	-0.4645	-0.3988	-0.2015	-0.4974	
22.881	2.2312	-0.2344	-0.3002	-0.1029	-0.1358	-0.3330	
22.917	1.9682	-0.1358	-0.3002	-0.3988	-0.2344	-0.3330	
22.945	2.0669	-0.2344	-0.1686	-0.3330	-0.0700	-0.4316	
22.976	2.0011	-0.2015	-0.2344	-0.3659	-0.1029	-0.4316	
23.005	2.0997	-0.3002	-0.2344	-0.8590	0.0944	-0.1029	
23.006	1.8696	-0.3330	-0.3659	-0.4645	-0.3330	-0.3001	
23.036	1.9354	-0.0371	-0.3659	-0.3988	-0.2344	-0.9248	
23.039	2.0669	-0.2673	-0.5303	-0.3988	-0.3001	-5.9547	
23.075	2.0669	-0.2344	-0.3988	-0.2673	-0.0043	-0.3988	
23.100	2.0997	-0.2673	-0.2344	-0.3330	-0.4645	-0.3659	
23.102	2.0011	-0.3002	-0.3330	-0.4645	-0.0371	-0.3988	
23.129	2.2312	-0.2015	-0.2344	-0.1358	-0.0371	-0.3330	
23.132	2.0669	-0.2015	-0.2673	-0.3659	-0.1358	-0.4316	
23.170	2.0997	-0.2015	-0.4317	-0.3330	-0.1686	-2.5028	
23.194	2.7244	-0.4974	-0.2673	-0.3330	-0.2344	-0.4645	
23.224	2.1984	-0.2015	-0.2344	-0.2344	-0.3659	-0.1029	
23.225	2.2312	-0.0043	-0.2344	-0.2673	-0.0371	-0.2344	
23.254	2.0669	-0.2015	-0.3330	-0.2344	-1.7138	-0.5631	
23.257	2.0340	-0.3330	-0.4974	-0.3001	-0.2015	-0.3001	
23.292	2.1326	-0.2015	-1.3193	-0.5631	-0.1029	-0.3001	
23.304	2.0997	-0.2344	0.3902	-0.3001	-0.1029	-0.3659	
23.319	2.0669	-0.2015	-1.1549	-0.1358	-0.1358	-0.2673	
23.355	2.0997	-0.2015	0.9491	-0.1686	-0.1029	-0.4645	
23.384	2.0997	-0.1029	-0.3330	-0.1358	-0.0043	-0.3330	
23.418	2.2641	-0.2344	-0.2015	-0.2344	-0.1029	-0.3001	
23.443	2.1655	-0.2015	-0.3988	-0.3659	-0.2673	-0.2344	
23.445	2.0011	-0.3002	-0.2673	-0.4316	-0.1686	-0.3659	
23.479	2.1655	-0.2015	-0.2015	-0.3001	-0.1358	-0.2673	
23.508	2.1326	-0.1686	-0.4317	-0.3001	-0.6946	-0.4316	
23.539	2.1984	-0.2673	-0.3988	-0.0043	-0.3001	-0.3988	
23.540	2.0011	-0.3330	-0.4645	-0.4316	-0.3330	-0.4974	
23.572	1.9682	-0.2673	-0.4645	-0.4316	-0.2673	-0.1686	
23.599	2.1655	-0.0700	-0.3002	-0.2673	-0.0371	-0.8919	
23.601	2.1326	-0.3002	-0.3988	-0.2344	-0.2344	-0.5303	
23.629	2.1655	-0.2344	-0.2015	-0.3330	-0.3988	-0.4316	
23.631	2.0669	-0.2015	-0.2344	-0.3001	-0.0371	0.3902	
23.666	2.1326	-0.2015	-0.2673	-0.2015	-0.0700	-0.3330	
23.695	2.2312	-0.1686	-0.2015	0.6532	0.2259	-0.1686	
23.724	2.0669	-0.2344	-0.3988	-0.3988	-0.2673	-1.3850	
23.725	2.0997	-0.2015	-0.4317	-0.3659	-0.1029	-1.0234	
23.758	2.0340	-0.3330	-0.2344	-0.3001	-0.3001	-0.4316	
23.789	2.1655	-0.2673	-0.1358	-0.3001	-0.1686	5.1242	
23.824	2.0340	-0.2015	-0.3988	-0.2673	-0.1029	-0.3001	
23.840	1.9682	-0.4317	-0.4974	-0.5303	-0.3988	1.9682	
23.852	2.0997	-0.2344	-0.3988	-0.3001	-0.2344	-0.1686	
23.886	1.9682	-0.2015	-0.3988	-0.3659	-0.3659	-0.0043	
23.918	2.0669	-0.3659	-0.3988	-0.3659	-0.2673	-0.3659	
23.945	2.1326	-0.1029	-0.2344	-0.3001	-0.1358	2.9216	
23.978	2.3627	0.4231	-0.1358	-0.2673	0.0286	-0.7933	
24.009	2.1655	-0.3002	-0.3002	-0.3001	-0.2344	-0.2015	
24.037	2.1326	-0.2673	-0.3330	-0.3988	-0.1029	0.9491	
24.039	2.0011	-0.2344	-0.6289	-0.3330	-0.2344	4.8612	
24.068	2.0669	-0.1686	-0.1686	-0.3001	-0.0700	-0.2344	
24.070	2.0997	-0.2673	-0.2673	-0.3988	-0.3001	-0.4316	
24.105	1.9354	-0.2344	-0.3002	-0.3330	-0.1358	-0.3001	
24.129	2.2641	-0.2344	-0.3330	-0.3330	-0.0700	-0.2673	
24.131	2.2312	-0.1029	-0.2344	-0.3001	-0.0043	-0.2344	
24.166	2.1655	-0.1029	-0.1686	-0.2015	0.0286	-0.2344	
24.192	2.1326	-0.1358	-0.1029	-0.2015	-0.1029	-0.3988	
24.194	2.0997	-0.1358	0.2259	-0.2673	-0.0371	-0.3659	
24.223	2.0669	0.1930	-0.3330	-0.3659	-0.3330	-0.9248	
24.225	2.0997	-0.2015	-0.2673	-0.2015	-0.1029	-1.1549	
24.258	2.1984	-0.1358	-0.3002	-0.3659	-0.0700	-0.3988	
24.289	2.2312	-0.1358	-0.2673	-0.2673	-0.1358	0.6861	
24.321	1.9025	-0.4317	-0.3988	-0.4316	-0.2344	0.0286	
24.336	2.1984	-0.2673	0.0944	-0.0371	-0.0371	-2.2398	
24.352	2.0669	-0.3002	-0.3330	-0.3001	-0.2015	-0.4645	
24.386	0.4889	-0.5303	-0.3002	-0.3659	0.1930	-0.3659	
24.421	1.9682	-0.4317	-0.3988	-0.4316	-0.3659	-0.2673	
24.429	2.0011	-0.2344	-0.3002	-2.8315	-0.9905	-0.3001	
24.444	2.1984	-0.1029	-0.3330	-0.2673	-0.3001	-0.1686	
24.473	2.0340	-0.3330	-0.4317	-0.4316	-0.3330	0.4231	
24.475	2.1326	-0.3330	-0.3659	-0.4316	-0.1686	-0.3988	
24.506	1.9682	-0.3330	-0.4645	-0.4316	-0.3659	-0.4316	
24.507	1.9682	-0.2673	-0.3988	-0.3659	-0.2015	-0.3659	
24.536	2.0011	-0.1029	-0.3988	-0.2673	-0.2673	-0.5303	
24.539	2.1326	-0.2673	-0.3330	-0.3330	-0.1029	-0.2673	
24.576	2.0669	-0.1686	-0.3659	-0.3659	-0.1686	-0.3659	
24.600	2.0340	-0.2015	-0.2344	-0.3001	-0.0700	-0.2344	
24.602	2.0669	-0.3002	-0.3002	-0.5303	-0.2344	-0.4645	
24.634	2.0340	-0.1686	-0.3002	-0.3659	-0.1686	-0.4316	
24.670	3.1846	-0.0371	-0.4317	-0.3330	-0.4974	-0.4645	
24.693	1.9354	-0.2673	-0.3659	-0.4645	-0.2344	-0.3330	
24.695	2.3627	-0.0700	-0.7275	-0.1686	0.0615	-0.3001	
24.722	2.1655	-0.2344	-0.3659	-0.3330	-3.5877	-1.3193	
24.726	2.0340	-0.2015	-0.4317	-0.1686	-0.1358	-0.3001	
24.755	1.5409	-0.2015	-0.3002	-0.4316	0.0286	-0.2344	
24.757	2.0340	-0.2344	-0.3330	-0.3659	2.6257	2.0669	
24.788	1.9354	-0.2673	-0.9577	-0.4316	-0.2015	-0.5303	
24.790	2.0340	-0.1686	-0.3988	-0.3659	-0.1686	-0.3330	
24.805	2.0340	-0.1686	-0.3659	-0.3988	-0.2344	-0.5631	
24.819	2.1655	-0.2344	0.6204	-0.3001	-0.2673	-0.5303	
24.851	2.2312	-0.2673	-0.3988	-0.2673	-0.2344	-0.3659	
24.879	2.1326	-0.2673	-0.3330	-0.3330	-0.1686	-0.0043	
24.882	2.0669	-0.4317	-0.3659	-0.3988	-0.0700	-0.1029	
24.915	2.1326	-0.2344	-0.2673	-0.3659	-0.1029	-0.4316	
24.942	2.0669	-0.3330	-0.2015	-0.4316	-0.1686	-0.2673	
24.944	2.1326	-0.2015	-0.2015	-0.3988	1.9354	-0.1029	
24.977	2.1326	-0.2344	-0.9905	-0.1686	-0.1029	-0.2673	
25.005	1.9682	-0.3988	-0.4317	-0.4974	-2.5028	-0.9248	
25.007	1.7052	-0.1686	-0.3330	-0.4645	-0.1029	-0.4645	
25.040	2.0997	-0.6618	-0.6289	-0.3659	-0.2344	-0.2673	
25.072	1.9682	-0.2673	-2.6672	-0.5631	-0.2344	-0.5303	
25.074	2.0340	-0.2344	-0.3659	-0.3988	-0.3001	-0.3659	
25.101	2.1984	-0.2673	-0.2673	-0.3988	-0.1686	-0.3988	
25.135	2.0340	-0.1686	-0.2015	-0.3330	-0.1358	-0.6946	
25.171	2.0997	-0.3330	-0.3330	-0.1358	-0.1358	-0.0371	
25.195	2.1326	-0.3988	-0.3002	-0.3988	-0.1686	-0.4316	
25.224	2.0011	-0.3002	-0.2015	-0.3001	-0.2344	-0.3988	
25.226	1.9354	-0.3330	-0.3988	-0.4645	-0.2015	-0.5303	
25.253	1.9354	0.2259	-0.5303	-0.3988	-0.2673	-1.1220	
25.256	2.0340	-0.2673	-0.3659	-0.4316	-0.1686	-0.6618	
25.273	2.0340	-0.2673	-0.3002	-0.3330	-0.2344	-0.3659	
25.289	1.9354	-0.2673	-0.3659	-0.4316	-0.2673	-0.4974	
25.326	2.1984	-0.3002	-0.3002	-0.3659	-0.2015	-0.4316	
25.337	2.0011	-0.2344	-0.3002	-0.3001	-0.2015	-0.2344	
25.352	2.1655	-0.1686	-0.2673	-0.2673	-0.1029	-0.4316	
25.380	2.1655	-0.1358	-0.2673	-0.6946	-0.0371	-0.4316	
25.382	2.1655	-0.2673	-0.2344	-0.3988	-0.1686	-0.2673	
25.422	2.2312	-0.0700	-0.3002	-0.1358	0.0286	-0.3659	
25.431	2.1655	-0.2015	-0.4974	-0.3001	0.0286	-0.3659	
25.444	2.0669	-0.2015	-0.5303	-0.1029	-0.0043	-0.4316	
25.473	1.9682	-0.3002	-0.4317	-0.4316	-0.3659	-0.4974	
25.476	2.2970	-0.0043	-0.2673	-0.0700	-0.0371	-0.2015	
25.507	2.0669	-0.2673	-0.2673	-0.3659	-0.2344	-0.3330	
25.541	2.0669	-0.3002	-0.3659	-0.3330	-0.2015	-0.4645	
25.569	2.3956	-0.0700	-0.0043	-0.1358	0.1601	-0.3001	
25.570	2.0997	-0.1029	-2.0754	-0.3659	-0.1358	-0.3330	
25.602	2.8559	-0.1686	-0.3988	-0.2344	-0.3330	-0.5631	
25.637	2.0669	-0.3330	-0.4645	-0.3001	-0.2344	-0.3988	
25.668	2.0997	-0.1029	-0.2673	0.0286	0.0286	-0.1029	
25.698	2.1655	-0.2015	-0.3330	-0.5631	-0.2015	-0.3988	
25.723	2.0340	-0.1029	-0.3330	-0.3001	-0.1358	0.1272	
25.725	1.9682	-0.3988	-0.2015	-0.3330	-0.1358	-0.3988	
25.757	2.1326	-0.1686	-0.3002	-0.3001	-0.1358	-0.3988	
25.759	2.1326	-0.2673	-0.2015	-0.2344	-0.2015	-0.2673	
25.793	2.0340	-0.1686	-0.3330	-0.3988	-0.1686	-0.2344	
25.819	2.0011	-0.2015	-0.4974	-0.3330	-0.2015	-0.4645	
25.821	1.9682	-0.4974	-0.2673	-0.3330	-0.2344	0.0944	
25.837	2.8559	-0.2015	-0.3659	-0.3001	-0.4974	-0.5303	
25.852	2.1655	-0.3002	-0.2673	-0.4316	-0.0371	-0.3988	
25.873	2.1984	-0.1686	-0.5632	-0.2673	-0.2015	-0.3001	
25.882	2.1984	-0.1686	-0.2673	-0.3330	-0.0700	-1.8124	
25.921	2.1984	-0.3002	-0.3002	-0.2673	-0.2673	-0.3988	
25.929	2.0669	-0.2344	-0.2015	-0.5631	-0.0043	-0.1358	
25.944	2.0340	-0.2673	-0.3659	-0.3330	-0.3988	-0.3001	
25.973	2.0997	-0.1029	-0.1029	-0.3001	-0.1358	0.9491	
25.975	2.0669	-0.3002	-0.3330	-0.3988	-0.3001	-0.3330	
26.007	2.1655	-0.1029	-0.2673	-0.3988	-0.2344	-0.3659	
26.036	2.0997	-0.1686	-0.0371	-0.2344	-0.2344	2.7572	
26.040	2.0997	-0.2015	-0.3002	-0.3659	-0.2015	-0.2673	
26.074	2.0669	-0.3330	-0.2673	-0.3001	-0.2015	-0.2673	
26.106	2.0340	-0.3002	-0.3659	-1.2206	-0.4974	-0.5303	
26.132	2.2641	-0.0700	-0.3002	-0.2015	-0.0371	-0.0700	
26.171	2.1655	-0.3002	-0.3988	-0.3659	-0.3001	-8.8806	
26.191	2.0997	-0.1686	-0.3988	-0.3988	-0.1029	-0.3001	
26.194	2.1326	-0.0700	-0.2344	0.3245	-0.0043	-0.0043	
26.223	2.1326	-0.2015	-0.3330	-0.3988	-0.1686	-0.3659	
26.226	2.0011	-0.3002	-0.4645	-0.4316	-0.2673	-0.4974	
26.255	2.3299	0.0615	-0.0371	0.0286	0.6204	0.2259	
26.257	1.9682	-0.3330	-0.3659	-0.4645	-0.2673	-0.3988	
26.291	2.0997	-0.2015	-0.2673	-0.4316	-0.2344	-0.4316	
26.305	2.1326	-0.2015	-0.3330	-0.2344	-0.1358	-1.7795	
26.319	1.7052	-0.2344	-0.3659	-0.3001	-0.1686	-0.3659	
26.348	2.2970	-0.0700	-0.2673	-0.0700	-0.0700	-0.2344	
26.350	2.0011	-0.3002	-0.3659	-0.3988	-0.2344	-0.4974	
26.382	2.0997	-0.1358	-0.3002	-0.3659	-0.1029	-0.4316	
26.384	1.7710	-0.3002	-0.3988	-0.3988	-0.1686	-0.5631	
26.421	2.0997	-0.2673	-0.3659	-0.2673	-0.1358	-0.3659	
26.429	2.1984	-0.1686	-0.2673	0.0615	-0.0371	-0.2673	
26.444	1.9682	-0.1358	-0.3659	-0.5960	-0.2673	-0.3001	
