% Time	SBX	SBY	SBZ	FRX	FRY	FRZ	FLX	FLY	FLZ	WRX	WRY	WRZ	WLX	WLY	WLZ	HDX	HDY	HDZ	HRX	HRY	HRZ	HRLX	HLY	HLZ	SpdCom	ax	ay	az	gx	gy	gz	mx	my	mz	Angle
0.066	-0.3028	-0.7336	3.1978	-0.2665	-1.1784	2.8694	-0.3955	-1.2152	2.9723	-0.5612	-0.6399	2.8598	-0.6615	-0.4671	3.2023	-0.3849	-0.1369	2.9230	-0.2367	-0.7260	3.1503	-0.3635	-0.7282	3.1889	0.000	
0.166	-0.3026	-0.7132	3.1909	-0.2622	-1.1798	2.8745	-0.3831	-1.2108	2.9727	-0.5608	-0.6314	2.8580	-0.6476	-0.4330	3.1720	-0.3848	-0.1222	2.9075	-0.2371	-0.7063	3.1377	-0.3621	-0.7030	3.1846	0.000	
0.233	-0.3005	-0.7095	3.1882	-0.2490	-1.1773	2.8694	-0.3782	-1.2109	2.9726	-0.5403	-0.6137	2.8593	-0.6519	-0.4160	3.1180	-0.3808	-0.1249	2.8926	-0.2356	-0.7038	3.1387	-0.3597	-0.7001	3.1784	0.000	
0.333	-0.2974	-0.6880	3.1700	-0.2395	-1.1705	2.8609	-0.3681	-1.2117	2.9756	-0.5526	-0.6147	2.8579	-0.6413	-0.3980	3.0342	-0.3791	-0.1221	2.8580	-0.2302	-0.6809	3.1109	-0.3591	-0.6826	3.1712	0.000	
0.400	-0.2954	-0.6829	3.1633	-0.2294	-1.1542	2.8428	-0.3616	-1.2133	2.9826	-0.4993	-0.6079	2.8521	-0.6029	-0.3658	3.0156	-0.3735	-0.1222	2.8342	-0.2277	-0.6773	3.1043	-0.3576	-0.6760	3.1652	0.000	
0.500	-0.2916	-0.6768	3.1573	-0.2139	-1.1125	2.7764	-0.3621	-1.2283	2.9779	-0.4751	-0.5644	2.8379	-0.5352	-0.2767	2.8465	-0.3712	-0.1228	2.8320	-0.2260	-0.6726	3.0988	-0.3513	-0.6687	3.1586	0.000	
0.566	-0.2786	-0.6585	3.1279	-0.2085	-1.1070	2.7682	-0.3634	-1.2269	2.9718	-0.4570	-0.5567	2.8339	-0.4890	-0.2741	2.8275	-0.3644	-0.1095	2.8203	-0.2095	-0.6513	3.0678	-0.3425	-0.6538	3.1306	0.000	
0.666	-0.2685	-0.6445	3.0650	-0.2043	-1.1038	2.7605	-0.3517	-1.2303	2.9333	-0.3382	-0.5418	2.8207	-0.4425	-0.2308	2.7620	-0.2905	-0.1081	2.8459	-0.1930	-0.6292	3.0189	-0.3400	-0.6492	3.0526	0.000	
0.733	-0.2546	-0.6462	3.0360	-0.2040	-1.1017	2.7511	-0.3443	-1.1848	2.8806	-0.1641	-0.5041	2.8149	-0.4196	-0.2008	2.7200	-0.2744	-0.1371	2.8832	-0.1781	-0.6422	2.9942	-0.3271	-0.6387	3.0163	0.000	
0.833	-0.2409	-0.6175	2.9917	-0.2010	-1.0920	2.7375	-0.3200	-1.0604	2.7746	-0.1294	-0.4291	2.7387	-0.4446	-0.1337	2.6263	-0.2327	-0.1082	2.8674	-0.1653	-0.6120	2.9612	-0.3116	-0.6112	2.9648	0.000	
0.900	-0.2211	-0.5927	2.9494	-0.2088	-1.1267	2.6952	-0.3112	-0.9630	2.7055	-0.1647	-0.3580	2.6749	-0.4545	-0.1230	2.5908	-0.1864	-0.1166	2.8515	-0.1368	-0.5669	2.9185	-0.3003	-0.6061	2.9248	0.000	
1.000	0.0000	0.0000	0.0000	0.0000	0.0000	0.0000	0.0000	0.0000	0.0000	0.0000	0.0000	0.0000	0.0000	0.0000	0.0000	0.0000	0.0000	0.0000	0.0000	0.0000	0.0000	0.0000	0.0000	0.0000	0.000	
1.033	0.0000	0.0000	0.0000	0.0000	0.0000	0.0000	0.0000	0.0000	0.0000	0.0000	0.0000	0.0000	0.0000	0.0000	0.0000	0.0000	0.0000	0.0000	0.0000	0.0000	0.0000	0.0000	0.0000	0.0000	0.000	
1.100	0.0000	0.0000	0.0000	0.0000	0.0000	0.0000	0.0000	0.0000	0.0000	0.0000	0.0000	0.0000	0.0000	0.0000	0.0000	0.0000	0.0000	0.0000	0.0000	0.0000	0.0000	0.0000	0.0000	0.0000	0.000	
1.133	0.0000	0.0000	0.0000	0.0000	0.0000	0.0000	0.0000	0.0000	0.0000	0.0000	0.0000	0.0000	0.0000	0.0000	0.0000	0.0000	0.0000	0.0000	0.0000	0.0000	0.0000	0.0000	0.0000	0.0000	0.000	
1.200	0.0000	0.0000	0.0000	0.0000	0.0000	0.0000	0.0000	0.0000	0.0000	0.0000	0.0000	0.0000	0.0000	0.0000	0.0000	0.0000	0.0000	0.0000	0.0000	0.0000	0.0000	0.0000	0.0000	0.0000	0.000	
1.233	0.0000	0.0000	0.0000	0.0000	0.0000	0.0000	0.0000	0.0000	0.0000	0.0000	0.0000	0.0000	0.0000	0.0000	0.0000	0.0000	0.0000	0.0000	0.0000	0.0000	0.0000	0.0000	0.0000	0.0000	0.000	
1.300	0.0000	0.0000	0.0000	0.0000	0.0000	0.0000	0.0000	0.0000	0.0000	0.0000	0.0000	0.0000	0.0000	0.0000	0.0000	0.0000	0.0000	0.0000	0.0000	0.0000	0.0000	0.0000	0.0000	0.0000	0.000	
1.333	0.0000	0.0000	0.0000	0.0000	0.0000	0.0000	0.0000	0.0000	0.0000	0.0000	0.0000	0.0000	0.0000	0.0000	0.0000	0.0000	0.0000	0.0000	0.0000	0.0000	0.0000	0.0000	0.0000	0.0000	0.000	
1.400	0.0000	0.0000	0.0000	0.0000	0.0000	0.0000	0.0000	0.0000	0.0000	0.0000	0.0000	0.0000	0.0000	0.0000	0.0000	0.0000	0.0000	0.0000	0.0000	0.0000	0.0000	0.0000	0.0000	0.0000	0.000	
1.433	0.0000	0.0000	0.0000	0.0000	0.0000	0.0000	0.0000	0.0000	0.0000	0.0000	0.0000	0.0000	0.0000	0.0000	0.0000	0.0000	0.0000	0.0000	0.0000	0.0000	0.0000	0.0000	0.0000	0.0000	0.000	
1.500	0.0000	0.0000	0.0000	0.0000	0.0000	0.0000	0.0000	0.0000	0.0000	0.0000	0.0000	0.0000	0.0000	0.0000	0.0000	0.0000	0.0000	0.0000	0.0000	0.0000	0.0000	0.0000	0.0000	0.0000	0.000	
1.533	0.0000	0.0000	0.0000	0.0000	0.0000	0.0000	0.0000	0.0000	0.0000	0.0000	0.0000	0.0000	0.0000	0.0000	0.0000	0.0000	0.0000	0.0000	0.0000	0.0000	0.0000	0.0000	0.0000	0.0000	0.000	
1.600	0.0000	0.0000	0.0000	0.0000	0.0000	0.0000	0.0000	0.0000	0.0000	0.0000	0.0000	0.0000	0.0000	0.0000	0.0000	0.0000	0.0000	0.0000	0.0000	0.0000	0.0000	0.0000	0.0000	0.0000	0.000	
1.633	0.0000	0.0000	0.0000	0.0000	0.0000	0.0000	0.0000	0.0000	0.0000	0.0000	0.0000	0.0000	0.0000	0.0000	0.0000	0.0000	0.0000	0.0000	0.0000	0.0000	0.0000	0.0000	0.0000	0.0000	0.000	
1.700	0.0000	0.0000	0.0000	0.0000	0.0000	0.0000	0.0000	0.0000	0.0000	0.0000	0.0000	0.0000	0.0000	0.0000	0.0000	0.0000	0.0000	0.0000	0.0000	0.0000	0.0000	0.0000	0.0000	0.0000	0.000	
1.733	0.0000	0.0000	0.0000	0.0000	0.0000	0.0000	0.0000	0.0000	0.0000	0.0000	0.0000	0.0000	0.0000	0.0000	0.0000	0.0000	0.0000	0.0000	0.0000	0.0000	0.0000	0.0000	0.0000	0.0000	0.000	
1.800	0.0000	0.0000	0.0000	0.0000	0.0000	0.0000	0.0000	0.0000	0.0000	0.0000	0.0000	0.0000	0.0000	0.0000	0.0000	0.0000	0.0000	0.0000	0.0000	0.0000	0.0000	0.0000	0.0000	0.0000	0.000	
1.833	0.0000	0.0000	0.0000	0.0000	0.0000	0.0000	0.0000	0.0000	0.0000	0.0000	0.0000	0.0000	0.0000	0.0000	0.0000	0.0000	0.0000	0.0000	0.0000	0.0000	0.0000	0.0000	0.0000	0.0000	0.000	
1.900	0.0000	0.0000	0.0000	0.0000	0.0000	0.0000	0.0000	0.0000	0.0000	0.0000	0.0000	0.0000	0.0000	0.0000	0.0000	0.0000	0.0000	0.0000	0.0000	0.0000	0.0000	0.0000	0.0000	0.0000	0.000	
1.933	0.0000	0.0000	0.0000	0.0000	0.0000	0.0000	0.0000	0.0000	0.0000	0.0000	0.0000	0.0000	0.0000	0.0000	0.0000	0.0000	0.0000	0.0000	0.0000	0.0000	0.0000	0.0000	0.0000	0.0000	0.000	
2.000	0.0000	0.0000	0.0000	0.0000	0.0000	0.0000	0.0000	0.0000	0.0000	0.0000	0.0000	0.0000	0.0000	0.0000	0.0000	0.0000	0.0000	0.0000	0.0000	0.0000	0.0000	0.0000	0.0000	0.0000	0.000	
2.033	0.0000	0.0000	0.0000	0.0000	0.0000	0.0000	0.0000	0.0000	0.0000	0.0000	0.0000	0.0000	0.0000	0.0000	0.0000	0.0000	0.0000	0.0000	0.0000	0.0000	0.0000	0.0000	0.0000	0.0000	0.000	
2.100	0.0000	0.0000	0.0000	0.0000	0.0000	0.0000	0.0000	0.0000	0.0000	0.0000	0.0000	0.0000	0.0000	0.0000	0.0000	0.0000	0.0000	0.0000	0.0000	0.0000	0.0000	0.0000	0.0000	0.0000	0.000	
2.133	0.0000	0.0000	0.0000	0.0000	0.0000	0.0000	0.0000	0.0000	0.0000	0.0000	0.0000	0.0000	0.0000	0.0000	0.0000	0.0000	0.0000	0.0000	0.0000	0.0000	0.0000	0.0000	0.0000	0.0000	0.000	
2.200	0.0000	0.0000	0.0000	0.0000	0.0000	0.0000	0.0000	0.0000	0.0000	0.0000	0.0000	0.0000	0.0000	0.0000	0.0000	0.0000	0.0000	0.0000	0.0000	0.0000	0.0000	0.0000	0.0000	0.0000	0.000	
2.233	0.0000	0.0000	0.0000	0.0000	0.0000	0.0000	0.0000	0.0000	0.0000	0.0000	0.0000	0.0000	0.0000	0.0000	0.0000	0.0000	0.0000	0.0000	0.0000	0.0000	0.0000	0.0000	0.0000	0.0000	0.000	
2.300	0.0000	0.0000	0.0000	0.0000	0.0000	0.0000	0.0000	0.0000	0.0000	0.0000	0.0000	0.0000	0.0000	0.0000	0.0000	0.0000	0.0000	0.0000	0.0000	0.0000	0.0000	0.0000	0.0000	0.0000	0.000	
2.333	0.0000	0.0000	0.0000	0.0000	0.0000	0.0000	0.0000	0.0000	0.0000	0.0000	0.0000	0.0000	0.0000	0.0000	0.0000	0.0000	0.0000	0.0000	0.0000	0.0000	0.0000	0.0000	0.0000	0.0000	0.000	
2.400	0.0000	0.0000	0.0000	0.0000	0.0000	0.0000	0.0000	0.0000	0.0000	0.0000	0.0000	0.0000	0.0000	0.0000	0.0000	0.0000	0.0000	0.0000	0.0000	0.0000	0.0000	0.0000	0.0000	0.0000	0.000	
2.433	0.0000	0.0000	0.0000	0.0000	0.0000	0.0000	0.0000	0.0000	0.0000	0.0000	0.0000	0.0000	0.0000	0.0000	0.0000	0.0000	0.0000	0.0000	0.0000	0.0000	0.0000	0.0000	0.0000	0.0000	0.000	
2.500	0.0000	0.0000	0.0000	0.0000	0.0000	0.0000	0.0000	0.0000	0.0000	0.0000	0.0000	0.0000	0.0000	0.0000	0.0000	0.0000	0.0000	0.0000	0.0000	0.0000	0.0000	0.0000	0.0000	0.0000	0.000	
2.533	0.0000	0.0000	0.0000	0.0000	0.0000	0.0000	0.0000	0.0000	0.0000	0.0000	0.0000	0.0000	0.0000	0.0000	0.0000	0.0000	0.0000	0.0000	0.0000	0.0000	0.0000	0.0000	0.0000	0.0000	0.000	
2.600	0.0000	0.0000	0.0000	0.0000	0.0000	0.0000	0.0000	0.0000	0.0000	0.0000	0.0000	0.0000	0.0000	0.0000	0.0000	0.0000	0.0000	0.0000	0.0000	0.0000	0.0000	0.0000	0.0000	0.0000	0.000	
2.633	0.0000	0.0000	0.0000	0.0000	0.0000	0.0000	0.0000	0.0000	0.0000	0.0000	0.0000	0.0000	0.0000	0.0000	0.0000	0.0000	0.0000	0.0000	0.0000	0.0000	0.0000	0.0000	0.0000	0.0000	0.000	
2.700	0.0000	0.0000	0.0000	0.0000	0.0000	0.0000	0.0000	0.0000	0.0000	0.0000	0.0000	0.0000	0.0000	0.0000	0.0000	0.0000	0.0000	0.0000	0.0000	0.0000	0.0000	0.0000	0.0000	0.0000	0.000	
2.733	0.0000	0.0000	0.0000	0.0000	0.0000	0.0000	0.0000	0.0000	0.0000	0.0000	0.0000	0.0000	0.0000	0.0000	0.0000	0.0000	0.0000	0.0000	0.0000	0.0000	0.0000	0.0000	0.0000	0.0000	0.000	
2.800	0.0000	0.0000	0.0000	0.0000	0.0000	0.0000	0.0000	0.0000	0.0000	0.0000	0.0000	0.0000	0.0000	0.0000	0.0000	0.0000	0.0000	0.0000	0.0000	0.0000	0.0000	0.0000	0.0000	0.0000	0.000	
2.833	-0.0723	-0.0817	2.1692	0.1453	-0.8691	2.0101	-0.4050	-0.8497	1.8951	0.2212	0.1608	1.9375	-0.4403	-0.0340	2.0770	-0.0480	0.6744	2.2039	-0.0005	-0.0827	2.1328	-0.1416	-0.0779	2.1326	0.000	
2.900	-0.0761	-0.0821	2.1581	0.1452	-0.8702	2.0086	-0.4261	-0.8448	1.7712	0.2112	0.1258	1.8389	-0.2941	-0.0306	2.1095	-0.0486	0.6749	2.1978	-0.0042	-0.0828	2.1220	-0.1454	-0.0787	2.1214	0.000	
2.966	-0.0930	-0.0832	2.1242	0.1440	-0.8733	2.0065	-0.4275	-0.8465	1.7653	0.1467	0.1061	1.9320	-0.3219	-0.0210	2.0549	-0.0603	0.6754	2.1848	-0.0201	-0.0851	2.0887	-0.1627	-0.0786	2.0866	0.000	
3.033	-0.1195	-0.0850	2.0902	0.1425	-0.8764	2.0032	-0.4321	-0.8473	1.7643	0.1010	0.1238	1.9077	-0.3317	-0.0233	1.9883	-0.0828	0.6763	2.1752	-0.0446	-0.0848	2.0595	-0.1900	-0.0822	2.0477	0.000	
3.100	-0.1504	-0.0870	2.0577	0.1428	-0.8758	2.0012	-0.4379	-0.8503	1.7631	0.0632	0.0900	1.8869	-0.3977	0.0687	1.8260	-0.1181	0.6771	2.1628	-0.0758	-0.0873	2.0269	-0.2196	-0.0836	2.0149	0.000	
3.166	-0.1779	-0.0920	2.0346	0.1411	-0.8775	1.9919	-0.4487	-0.8438	1.7726	0.0228	0.0480	1.8597	-0.3883	-0.0015	1.8806	-0.1639	0.6867	2.1542	-0.1019	-0.0915	2.0058	-0.2472	-0.0891	1.9867	0.000	
3.233	-0.1957	-0.0991	2.0183	0.1747	-0.9018	1.9229	-0.4469	-0.8429	1.7745	-0.0179	-0.0179	1.8126	-0.4063	0.0101	1.8272	-0.1944	0.6950	2.1456	-0.1176	-0.0975	1.9916	-0.2663	-0.0971	1.9675	0.000	
3.300	-0.2086	-0.0969	2.0063	0.1743	-0.8745	1.8967	-0.4469	-0.8432	1.7746	-0.0280	-0.0144	1.8627	-0.4160	0.0081	1.8100	-0.2169	0.7008	2.1375	-0.1293	-0.0952	1.9809	-0.2798	-0.0948	1.9536	0.000	
3.366	-0.2122	-0.0949	2.0004	0.1775	-0.8667	1.8603	-0.4466	-0.8445	1.7749	-0.0080	-0.0380	1.8563	-0.4337	0.0075	1.7810	-0.2296	0.7027	2.1301	-0.1325	-0.0928	1.9753	-0.2835	-0.0933	1.9473	0.000	
3.433	-0.2071	-0.0935	1.9923	0.1783	-0.8626	1.8395	-0.4470	-0.8453	1.7763	0.0013	-0.0244	1.8717	-0.4389	-0.0004	1.7670	-0.2373	0.7018	2.1233	-0.1272	-0.0903	1.9670	-0.2789	-0.0930	1.9391	0.000	
3.500	-0.1913	-0.0941	1.9842	0.1779	-0.8621	1.8392	-0.4478	-0.8441	1.7791	0.0127	-0.0322	1.8696	-0.4399	-0.0078	1.7685	-0.2391	0.7008	2.1205	-0.1109	-0.0925	1.9565	-0.2641	-0.0921	1.9332	0.000	
3.566	-0.1703	-0.0963	1.9768	0.1769	-0.8614	1.8395	-0.4426	-0.8342	1.7825	0.0318	-0.0333	1.8722	-0.4217	-0.0671	1.7800	-0.2353	0.6987	2.1173	-0.0891	-0.0946	1.9464	-0.2445	-0.0942	1.9283	0.000	
3.633	-0.1523	-0.0979	1.9728	0.1768	-0.8612	1.8405	-0.4329	-0.8185	1.7835	0.0543	-0.0345	1.8774	-0.3798	-0.1005	1.8016	-0.2215	0.6955	2.1134	-0.0723	-0.0954	1.9409	-0.2262	-0.0965	1.9258	0.000	
3.700	-0.1400	-0.0998	1.9703	0.1770	-0.8618	1.8408	-0.4322	-0.8177	1.7843	0.0753	-0.0356	1.8850	-0.3568	-0.0768	1.8407	-0.2042	0.6956	2.1112	-0.0599	-0.0968	1.9380	-0.2144	-0.0988	1.9236	0.000	
3.766	-0.1328	-0.1003	1.9686	0.1768	-0.8614	1.8407	-0.4315	-0.8174	1.7847	0.0886	-0.0357	1.8925	-0.3446	-0.0954	1.8453	-0.1906	0.6952	2.1109	-0.0530	-0.0972	1.9363	-0.2072	-0.0993	1.9219	0.000	
3.833	-0.1301	-0.1009	1.9681	0.1752	-0.8611	1.8417	-0.4311	-0.8174	1.7851	0.0974	-0.0389	1.8944	-0.3442	-0.0997	1.8404	-0.1799	0.6953	2.1117	-0.0506	-0.0978	1.9356	-0.2044	-0.1000	1.9214	0.000	
3.900	-0.1296	-0.1013	1.9678	0.1751	-0.8609	1.8417	-0.4305	-0.8169	1.7855	0.0992	-0.0428	1.8936	-0.3580	-0.0795	1.8365	-0.1716	0.6944	2.1126	-0.0501	-0.0980	1.9356	-0.2038	-0.1006	1.9209	0.000	
3.966	-0.1298	-0.1018	1.9680	0.1746	-0.8606	1.8431	-0.4325	-0.8241	1.7852	0.0990	-0.0448	1.8925	-0.3646	-0.0876	1.8270	-0.1680	0.6947	2.1132	-0.0504	-0.0988	1.9358	-0.2040	-0.1008	1.9210	0.000	
4.033	-0.1327	-0.1031	1.9685	0.1752	-0.8607	1.8430	-0.4324	-0.8262	1.7848	0.0948	-0.0466	1.8882	-0.3745	-0.1082	1.8100	-0.1671	0.6946	2.1133	-0.0536	-0.1004	1.9362	-0.2065	-0.1018	1.9216	0.000	
4.100	-0.1375	-0.1046	1.9691	0.1748	-0.8604	1.8430	-0.4312	-0.8223	1.7862	0.0746	-0.0805	1.8625	-0.3783	-0.1028	1.8083	-0.1685	0.6945	2.1130	-0.0581	-0.1023	1.9364	-0.2115	-0.1027	1.9225	0.000	
4.166	-0.1427	-0.1050	1.9693	0.1734	-0.8577	1.8444	-0.4301	-0.8189	1.7868	0.0607	-0.1041	1.8496	-0.3775	-0.0996	1.8103	-0.1746	0.6953	2.1116	-0.0632	-0.1027	1.9362	-0.2165	-0.1032	1.9231	0.000	
4.233	-0.1505	-0.1047	1.9681	0.1731	-0.8570	1.8443	-0.4311	-0.8209	1.7858	0.0580	-0.1136	1.8450	-0.3728	-0.1127	1.8062	-0.1894	0.6959	2.1069	-0.0712	-0.1017	1.9329	-0.2245	-0.1033	1.9238	0.000	
4.300	-0.1631	-0.1025	1.9630	0.1731	-0.8569	1.8443	-0.4334	-0.8283	1.7817	0.0528	-0.1215	1.8408	-0.3688	-0.1116	1.8060	-0.2052	0.6973	2.0999	-0.0833	-0.0994	1.9273	-0.2364	-0.1015	1.9194	0.000	
4.366	-0.1752	-0.1010	1.9601	0.1729	-0.8555	1.8395	-0.4376	-0.8340	1.7782	0.0446	-0.1300	1.8330	-0.3695	-0.0743	1.8096	-0.2179	0.7005	2.0913	-0.0957	-0.0975	1.9258	-0.2479	-0.1002	1.9149	0.000	
4.433	-0.1866	-0.0986	1.9563	0.1735	-0.8533	1.8292	-0.4378	-0.8375	1.7761	0.0382	-0.1245	1.8258	-0.3817	-0.0421	1.8129	-0.2258	0.7030	2.0791	-0.1067	-0.0948	1.9254	-0.2597	-0.0982	1.9073	0.000	
4.500	-0.1924	-0.0962	1.9539	0.1736	-0.8419	1.7837	-0.4403	-0.8419	1.7749	0.0372	-0.1173	1.8150	-0.3939	-0.0321	1.8002	-0.2282	0.7050	2.0641	-0.1123	-0.0929	1.9256	-0.2653	-0.0954	1.9020	0.000	
4.566	-0.1918	-0.0950	1.9472	0.1798	-0.8211	1.7183	-0.4405	-0.8427	1.7745	0.0355	-0.1092	1.8020	-0.3942	-0.0382	1.7814	-0.2184	0.7072	2.0447	-0.1119	-0.0924	1.9226	-0.2643	-0.0934	1.8916	0.000	
4.633	-0.1805	-0.0966	1.9296	0.1781	-0.7964	1.6917	-0.4422	-0.8431	1.7758	0.0597	-0.0437	1.8264	-0.3842	-0.0569	1.7452	-0.1954	0.7068	2.0232	-0.1006	-0.0943	1.9053	-0.2533	-0.0949	1.8745	0.000	
4.700	-0.1478	-0.0993	1.9057	0.1799	-0.7932	1.6857	-0.4375	-0.8337	1.7790	0.0723	-0.0476	1.8145	-0.3659	-0.0538	1.7209	-0.1598	0.7045	2.0000	-0.0704	-0.0974	1.8837	-0.2191	-0.0970	1.8484	0.000	
4.766	-0.1111	-0.0951	1.8873	0.1824	-0.7924	1.6813	-0.4358	-0.8337	1.7777	0.2367	0.0388	1.7710	-0.3471	-0.0577	1.7099	-0.1215	0.7103	1.9833	-0.0340	-0.0936	1.8640	-0.1836	-0.0926	1.8314	0.000	
4.833	-0.0803	-0.0867	1.8694	0.1841	-0.7927	1.6794	-0.4337	-0.8320	1.7665	0.1269	-0.0349	1.7719	-0.3134	-0.0584	1.6908	-0.0875	0.7171	1.9695	-0.0031	-0.0860	1.8428	-0.1541	-0.0836	1.8165	0.000	
4.900	-0.0635	-0.0762	1.8524	0.1848	-0.7925	1.6786	-0.4294	-0.8157	1.7288	0.2530	0.0753	1.6862	-0.2571	-0.0961	1.6601	-0.0600	0.7267	1.9542	0.0143	-0.0764	1.8211	-0.1384	-0.0729	1.8036	0.000	
4.966	-0.0535	-0.0679	1.8368	0.1857	-0.7926	1.6778	-0.4157	-0.7904	1.6815	0.1791	-0.0076	1.7516	-0.2483	-0.0270	1.6645	-0.0444	0.7338	1.9412	0.0248	-0.0692	1.8026	-0.1295	-0.0638	1.7913	0.000	
5.033	-0.0507	-0.0631	1.8200	0.1862	-0.7927	1.6768	-0.4036	-0.7587	1.6142	0.1796	-0.0098	1.7378	-0.2302	-0.0213	1.6542	-0.0360	0.7379	1.9249	0.0272	-0.0643	1.7831	-0.1265	-0.0592	1.7774	0.000	
5.100	-0.0591	-0.0616	1.8004	0.1858	-0.7912	1.6760	-0.3987	-0.7417	1.5535	0.1704	-0.0101	1.7095	-0.4145	0.0824	1.6128	-0.0399	0.7390	1.9058	0.0184	-0.0629	1.7622	-0.1341	-0.0576	1.7593	0.000	
5.166	-0.0763	-0.0632	1.7792	0.1857	-0.7896	1.6745	-0.3971	-0.7175	1.5219	0.1432	-0.0095	1.6847	-0.2431	-0.0830	1.5961	-0.0575	0.7383	1.8837	0.0014	-0.0644	1.7409	-0.1506	-0.0591	1.7382	0.000	
5.233	-0.1040	-0.0642	1.7525	0.1840	-0.7856	1.6727	-0.3986	-0.7229	1.5162	0.1265	-0.0257	1.6510	-0.2967	-0.0150	1.5965	-0.0901	0.7353	1.8568	-0.0257	-0.0655	1.7163	-0.1776	-0.0600	1.7093	0.000	
5.300	-0.1343	-0.0580	1.7292	0.1812	-0.7810	1.6650	-0.4017	-0.7288	1.5094	0.2494	0.0619	1.6431	-0.3127	-0.0220	1.5731	-0.1296	0.7399	1.8345	-0.0552	-0.0585	1.6953	-0.2073	-0.0548	1.6839	0.000	
5.366	-0.1539	-0.0507	1.7131	0.1788	-0.7784	1.6554	-0.4029	-0.7294	1.5066	0.2170	0.0685	1.6540	-0.3397	-0.0053	1.5661	-0.1594	0.7464	1.8196	-0.0740	-0.0505	1.6812	-0.2267	-0.0486	1.6659	0.000	
5.433	-0.1631	-0.0467	1.7052	0.1740	-0.7624	1.6281	-0.4023	-0.7232	1.5061	0.2032	0.0775	1.6570	-0.3587	-0.0190	1.5459	-0.1860	0.7521	1.8067	-0.0833	-0.0445	1.6744	-0.2354	-0.0466	1.6568	0.000	
5.500	-0.1693	-0.0434	1.6970	0.1720	-0.7503	1.5915	-0.4030	-0.7239	1.5058	0.1993	0.0818	1.6541	-0.3798	-0.0150	1.5351	-0.2037	0.7547	1.7968	-0.0899	-0.0394	1.6651	-0.2409	-0.0452	1.6496	0.000	
5.566	-0.1709	-0.0432	1.6899	0.1705	-0.7492	1.5829	-0.4032	-0.7239	1.5057	0.0264	-0.0584	1.5542	-0.3900	-0.0122	1.5291	-0.2123	0.7547	1.7900	-0.0913	-0.0385	1.6549	-0.2425	-0.0456	1.6454	0.000	
5.633	-0.1675	-0.0441	1.6822	0.1699	-0.7494	1.5824	-0.4032	-0.7237	1.5056	0.0517	-0.0264	1.5764	-0.3940	-0.0218	1.5204	-0.2150	0.7537	1.7864	-0.0879	-0.0389	1.6455	-0.2392	-0.0470	1.6395	0.000	
5.700	-0.1584	-0.0471	1.6733	0.1694	-0.7494	1.5822	-0.4026	-0.7214	1.5050	0.0560	-0.0263	1.5754	-0.3941	-0.0384	1.5092	-0.2125	0.7516	1.7824	-0.0791	-0.0418	1.6357	-0.2304	-0.0500	1.6317	0.000	
5.766	-0.1468	-0.0495	1.6687	0.1694	-0.7495	1.5823	-0.4041	-0.7315	1.5042	0.0752	-0.0623	1.5583	-0.3751	-0.0401	1.5114	-0.2048	0.7505	1.7795	-0.0678	-0.0442	1.6316	-0.2187	-0.0524	1.6267	0.000	
5.833	-0.1352	-0.0498	1.6655	0.1697	-0.7505	1.5829	-0.4030	-0.7331	1.5045	0.2491	0.0664	1.6176	-0.3494	-0.0397	1.5115	-0.1919	0.7496	1.7788	-0.0565	-0.0441	1.6292	-0.2075	-0.0531	1.6227	0.000	
5.900	-0.1251	-0.0507	1.6653	0.1681	-0.7471	1.5853	-0.4014	-0.7326	1.5050	0.0878	-0.0629	1.5608	-0.3331	-0.0424	1.5108	-0.1805	0.7491	1.7789	-0.0461	-0.0453	1.6307	-0.1979	-0.0538	1.6206	0.000	
5.966	-0.1197	-0.0524	1.6657	0.1677	-0.7468	1.5864	-0.4002	-0.7313	1.5061	0.0893	-0.0635	1.5626	-0.3199	-0.0415	1.5081	-0.1708	0.7491	1.7792	-0.0406	-0.0476	1.6326	-0.1928	-0.0547	1.6198	0.000	
6.033	-0.1168	-0.0531	1.6654	0.1681	-0.7481	1.5876	-0.3997	-0.7320	1.5063	0.0900	-0.0644	1.5628	-0.3133	-0.0394	1.5039	-0.1636	0.7490	1.7794	-0.0378	-0.0483	1.6328	-0.1899	-0.0555	1.6189	0.000	
6.100	-0.1159	-0.0536	1.6652	0.1673	-0.7479	1.5884	-0.3992	-0.7321	1.5068	0.0897	-0.0653	1.5628	-0.3097	-0.0366	1.4981	-0.1591	0.7494	1.7789	-0.0369	-0.0489	1.6327	-0.1891	-0.0559	1.6186	0.000	
6.166	-0.1154	-0.0540	1.6646	0.1658	-0.7431	1.5889	-0.3985	-0.7297	1.5072	0.0905	-0.0670	1.5616	-0.3105	-0.0352	1.4959	-0.1556	0.7495	1.7786	-0.0364	-0.0494	1.6321	-0.1888	-0.0561	1.6179	0.000	
6.233	-0.1152	-0.0539	1.6639	0.1658	-0.7451	1.5896	-0.3995	-0.7289	1.5081	0.0903	-0.0683	1.5604	-0.3158	-0.0356	1.4943	-0.1534	0.7497	1.7779	-0.0363	-0.0496	1.6318	-0.1884	-0.0556	1.6166	0.000	
6.300	-0.1154	-0.0541	1.6625	0.1655	-0.7454	1.5897	-0.3997	-0.7298	1.5079	0.0894	-0.0690	1.5582	-0.3200	-0.0345	1.4931	-0.1513	0.7500	1.7774	-0.0366	-0.0501	1.6310	-0.1886	-0.0552	1.6144	0.000	
6.366	-0.1158	-0.0540	1.6605	0.1641	-0.7403	1.5898	-0.4000	-0.7306	1.5077	0.2249	0.1103	1.5784	-0.3241	-0.0349	1.4931	-0.1494	0.7503	1.7762	-0.0371	-0.0506	1.6292	-0.1889	-0.0545	1.6122	0.000	
6.433	-0.1163	-0.0533	1.6578	0.1646	-0.7421	1.5897	-0.4004	-0.7302	1.5078	0.2229	0.1105	1.5737	-0.3306	-0.0373	1.4960	-0.1477	0.7506	1.7748	-0.0376	-0.0503	1.6263	-0.1894	-0.0537	1.6098	0.000	
6.500	-0.1165	-0.0532	1.6560	0.1648	-0.7428	1.5895	-0.4009	-0.7299	1.5078	0.0877	-0.0689	1.5500	-0.3339	-0.0390	1.4972	-0.1464	0.7508	1.7723	-0.0378	-0.0503	1.6242	-0.1896	-0.0534	1.6084	0.000	
6.566	-0.1168	-0.0532	1.6546	0.1636	-0.7385	1.5894	-0.4004	-0.7294	1.5078	0.0878	-0.0697	1.5485	-0.3352	-0.0393	1.4977	-0.1459	0.7512	1.7711	-0.0380	-0.0505	1.6225	-0.1899	-0.0533	1.6073	0.000	
6.633	-0.1165	-0.0534	1.6531	0.1649	-0.7425	1.5892	-0.4009	-0.7295	1.5079	0.2168	0.1140	1.5774	-0.3353	-0.0400	1.4977	-0.1453	0.7514	1.7694	-0.0378	-0.0508	1.6211	-0.1897	-0.0534	1.6057	0.000	
6.700	-0.1165	-0.0535	1.6517	0.1642	-0.7394	1.5890	-0.4002	-0.7285	1.5079	0.0910	-0.0706	1.5435	-0.3348	-0.0396	1.4970	-0.1452	0.7515	1.7675	-0.0378	-0.0508	1.6194	-0.1896	-0.0537	1.6046	0.000	
6.766	-0.1162	-0.0534	1.6509	0.1641	-0.7396	1.5888	-0.4004	-0.7270	1.5082	0.0921	-0.0719	1.5426	-0.3314	-0.0410	1.4958	-0.1452	0.7513	1.7663	-0.0376	-0.0507	1.6185	-0.1893	-0.0535	1.6039	0.000	
6.833	-0.1160	-0.0537	1.6504	0.1650	-0.7427	1.5888	-0.4006	-0.7285	1.5079	0.0927	-0.0721	1.5424	-0.3303	-0.0406	1.4945	-0.1455	0.7512	1.7650	-0.0373	-0.0508	1.6177	-0.1891	-0.0540	1.6036	0.000	
6.900	-0.1154	-0.0536	1.6499	0.1646	-0.7401	1.5884	-0.4010	-0.7277	1.5082	0.0932	-0.0723	1.5423	-0.3275	-0.0416	1.4939	-0.1459	0.7513	1.7641	-0.0367	-0.0506	1.6172	-0.1885	-0.0540	1.6032	0.000	
6.966	-0.1152	-0.0536	1.6497	0.1646	-0.7401	1.5884	-0.4010	-0.7290	1.5079	0.2453	0.0976	1.5518	-0.3270	-0.0410	1.4930	-0.1459	0.7510	1.7635	-0.0366	-0.0506	1.6170	-0.1883	-0.0541	1.6030	0.000	
7.033	-0.1151	-0.0537	1.6497	0.1652	-0.7421	1.5884	-0.4010	-0.7301	1.5079	0.2153	0.1170	1.5799	-0.3268	-0.0402	1.4931	-0.1461	0.7509	1.7630	-0.0365	-0.0506	1.6169	-0.1882	-0.0542	1.6030	0.000	
7.100	-0.1150	-0.0537	1.6496	0.1657	-0.7439	1.5883	-0.4009	-0.7293	1.5081	0.1034	0.0007	1.5690	-0.3259	-0.0411	1.4940	-0.1464	0.7508	1.7628	-0.0364	-0.0506	1.6170	-0.1880	-0.0542	1.6029	0.000	
7.166	-0.1150	-0.0537	1.6497	0.1646	-0.7403	1.5883	-0.4003	-0.7283	1.5080	0.0886	-0.0713	1.5439	-0.3268	-0.0404	1.4941	-0.1465	0.7507	1.7628	-0.0364	-0.0507	1.6170	-0.1880	-0.0542	1.6029	0.000	
7.233	-0.1151	-0.0538	1.6500	0.1656	-0.7439	1.5883	-0.4005	-0.7302	1.5079	0.0885	-0.0705	1.5443	-0.3275	-0.0405	1.4948	-0.1468	0.7507	1.7630	-0.0365	-0.0507	1.6174	-0.1881	-0.0543	1.6032	0.000	
7.300	-0.1153	-0.0538	1.6503	0.1657	-0.7446	1.5884	-0.4004	-0.7308	1.5078	0.0888	-0.0701	1.5446	-0.3283	-0.0406	1.4957	-0.1469	0.7505	1.7631	-0.0368	-0.0508	1.6178	-0.1883	-0.0542	1.6035	0.000	
7.366	-0.1154	-0.0539	1.6507	0.1651	-0.7424	1.5885	-0.4001	-0.7302	1.5078	0.2455	0.0987	1.5570	-0.3288	-0.0410	1.4964	-0.1470	0.7500	1.7640	-0.0369	-0.0510	1.6184	-0.1884	-0.0543	1.6038	0.000	
7.433	-0.1157	-0.0541	1.6514	0.1656	-0.7439	1.5885	-0.4002	-0.7316	1.5077	0.2667	0.0580	1.5938	-0.3293	-0.0406	1.4978	-0.1476	0.7496	1.7653	-0.0371	-0.0511	1.6191	-0.1887	-0.0545	1.6046	0.000	
7.500	-0.1156	-0.0541	1.6522	0.1657	-0.7446	1.5884	-0.4009	-0.7296	1.5082	0.0894	-0.0712	1.5490	-0.3284	-0.0431	1.5019	-0.1480	0.7492	1.7674	-0.0370	-0.0511	1.6201	-0.1886	-0.0544	1.6052	0.000	
7.566	-0.1154	-0.0540	1.6535	0.1648	-0.7415	1.5889	-0.4016	-0.7303	1.5085	0.2181	0.1168	1.5843	-0.3283	-0.0433	1.5042	-0.1493	0.7488	1.7707	-0.0367	-0.0510	1.6212	-0.1884	-0.0546	1.6065	0.000	
7.633	-0.1155	-0.0542	1.6549	0.1654	-0.7442	1.5890	-0.4018	-0.7305	1.5088	0.0890	-0.0716	1.5507	-0.3295	-0.0447	1.5061	-0.1496	0.7484	1.7727	-0.0368	-0.0511	1.6226	-0.1887	-0.0547	1.6080	0.000	
7.700	-0.1158	-0.0545	1.6560	0.1657	-0.7454	1.5890	-0.4013	-0.7316	1.5089	0.0884	-0.0716	1.5518	-0.3297	-0.0440	1.5069	-0.1505	0.7477	1.7751	-0.0371	-0.0514	1.6235	-0.1890	-0.0550	1.6094	0.000	
7.766	-0.1165	-0.0549	1.6579	0.1649	-0.7433	1.5897	-0.4009	-0.7307	1.5090	0.0875	-0.0714	1.5534	-0.3306	-0.0430	1.5089	-0.1514	0.7473	1.7784	-0.0376	-0.0518	1.6248	-0.1898	-0.0553	1.6119	0.000	
7.833	-0.1168	-0.0551	1.6597	0.1660	-0.7472	1.5899	-0.4013	-0.7305	1.5093	0.0875	-0.0715	1.5539	-0.3314	-0.0429	1.5129	-0.1519	0.7475	1.7814	-0.0380	-0.0520	1.6265	-0.1900	-0.0556	1.6137	0.000	
7.900	-0.1173	-0.0553	1.6611	0.1661	-0.7472	1.5900	-0.4013	-0.7317	1.5091	0.0871	-0.0715	1.5555	-0.3318	-0.0435	1.5142	-0.1530	0.7471	1.7843	-0.0385	-0.0522	1.6278	-0.1905	-0.0557	1.6152	0.000	
7.966	-0.1175	-0.0556	1.6623	0.1661	-0.7470	1.5903	-0.4010	-0.7309	1.5092	0.0868	-0.0710	1.5561	-0.3326	-0.0437	1.5148	-0.1536	0.7467	1.7868	-0.0388	-0.0524	1.6289	-0.1906	-0.0563	1.6165	0.000	
8.033	-0.1176	-0.0560	1.6639	0.1660	-0.7472	1.5905	-0.4009	-0.7320	1.5091	0.0863	-0.0712	1.5572	-0.3328	-0.0437	1.5161	-0.1536	0.7463	1.7892	-0.0389	-0.0527	1.6301	-0.1907	-0.0567	1.6186	0.000	
8.100	-0.1176	-0.0563	1.6653	0.1660	-0.7474	1.5909	-0.3947	-0.7083	1.5127	0.0864	-0.0710	1.5584	-0.3326	-0.0446	1.5195	-0.1537	0.7460	1.7937	-0.0387	-0.0530	1.6315	-0.1908	-0.0571	1.6199	0.000	
8.166	-0.1173	-0.0567	1.6665	0.1660	-0.7479	1.5911	-0.3992	-0.7268	1.5104	0.0863	-0.0713	1.5591	-0.3330	-0.0444	1.5207	-0.1538	0.7456	1.7960	-0.0384	-0.0532	1.6328	-0.1906	-0.0575	1.6211	0.000	
8.233	-0.1175	-0.0571	1.6677	0.1664	-0.7491	1.5912	-0.3993	-0.7284	1.5104	0.0867	-0.0717	1.5594	-0.3329	-0.0451	1.5221	-0.1536	0.7454	1.7983	-0.0387	-0.0536	1.6339	-0.1908	-0.0579	1.6224	0.000	
8.300	-0.1171	-0.0574	1.6688	0.1672	-0.7488	1.5910	-0.3989	-0.7255	1.5107	0.0873	-0.0721	1.5600	-0.3320	-0.0475	1.5248	-0.1532	0.7454	1.7996	-0.0382	-0.0541	1.6352	-0.1905	-0.0579	1.6233	0.000	
8.366	-0.1172	-0.0577	1.6698	0.1670	-0.7494	1.5916	-0.4002	-0.7305	1.5100	0.0887	-0.0723	1.5597	-0.3319	-0.0469	1.5258	-0.1528	0.7456	1.8014	-0.0383	-0.0547	1.6362	-0.1905	-0.0581	1.6243	0.000	
8.433	-0.1174	-0.0581	1.6709	0.1653	-0.7447	1.5923	-0.4007	-0.7324	1.5097	0.0916	-0.0727	1.5590	-0.3323	-0.0468	1.5262	-0.1527	0.7461	1.8037	-0.0385	-0.0553	1.6374	-0.1907	-0.0582	1.6254	0.000	
8.500	-0.1177	-0.0586	1.6728	0.1664	-0.7481	1.5928	-0.4004	-0.7319	1.5099	0.0950	-0.0727	1.5589	-0.3331	-0.0450	1.5282	-0.1528	0.7462	1.8055	-0.0388	-0.0558	1.6387	-0.1909	-0.0585	1.6279	0.000	
8.566	-0.1174	-0.0586	1.6735	0.1657	-0.7455	1.5930	-0.4014	-0.7314	1.5105	0.1038	-0.0731	1.5589	-0.3337	-0.0458	1.5316	-0.1530	0.7464	1.8061	-0.0385	-0.0559	1.6393	-0.1906	-0.0586	1.6287	0.000	
8.633	-0.1175	-0.0588	1.6741	0.1646	-0.7418	1.5931	-0.4014	-0.7326	1.5104	0.1058	-0.0745	1.5585	-0.3345	-0.0457	1.5320	-0.1536	0.7467	1.8071	-0.0387	-0.0560	1.6397	-0.1908	-0.0587	1.6295	0.000	
8.700	-0.1174	-0.0587	1.6748	0.1647	-0.7418	1.5934	-0.4013	-0.7338	1.5105	0.1065	-0.0740	1.5586	-0.3353	-0.0459	1.5328	-0.1548	0.7468	1.8083	-0.0387	-0.0559	1.6402	-0.1906	-0.0589	1.6305	0.000	
8.766	-0.1175	-0.0589	1.6750	0.1642	-0.7394	1.5937	-0.4014	-0.7348	1.5103	0.1067	-0.0738	1.5584	-0.3351	-0.0458	1.5330	-0.1561	0.7467	1.8093	-0.0388	-0.0560	1.6401	-0.1906	-0.0592	1.6313	0.000	
8.833	-0.1174	-0.0590	1.6754	0.1639	-0.7385	1.5937	-0.4008	-0.7335	1.5105	0.1069	-0.0726	1.5583	-0.3351	-0.0461	1.5336	-0.1579	0.7466	1.8097	-0.0387	-0.0559	1.6402	-0.1904	-0.0595	1.6324	0.000	
8.900	-0.1173	-0.0591	1.6757	0.1674	-0.7516	1.5930	-0.4008	-0.7345	1.5105	0.1061	-0.0786	1.5528	-0.3347	-0.0468	1.5334	-0.1599	0.7465	1.8104	-0.0387	-0.0559	1.6401	-0.1900	-0.0599	1.6332	0.000	
8.966	-0.1171	-0.0593	1.6760	0.1667	-0.7485	1.5932	-0.4000	-0.7325	1.5109	0.1095	-0.0736	1.5519	-0.3346	-0.0468	1.5335	-0.1625	0.7467	1.8111	-0.0386	-0.0558	1.6400	-0.1897	-0.0606	1.6342	0.000	
9.033	-0.1163	-0.0594	1.6762	0.1663	-0.7463	1.5934	-0.3955	-0.7140	1.5139	0.1109	-0.0752	1.5478	-0.3278	-0.0520	1.5394	-0.1642	0.7466	1.8117	-0.0380	-0.0555	1.6396	-0.1886	-0.0610	1.6350	0.000	
9.100	-0.1159	-0.0597	1.6764	0.1665	-0.7466	1.5934	-0.3993	-0.7283	1.5120	0.1115	-0.0715	1.5486	-0.3192	-0.0973	1.5261	-0.1667	0.7460	1.8133	-0.0377	-0.0556	1.6392	-0.1879	-0.0618	1.6359	0.000	
9.166	-0.1148	-0.0604	1.6765	0.1675	-0.7494	1.5929	-0.3993	-0.7276	1.5124	0.1126	-0.0595	1.5508	-0.3196	-0.0974	1.5265	-0.1710	0.7451	1.8145	-0.0368	-0.0558	1.6382	-0.1865	-0.0630	1.6369	0.000	
9.233	-0.1144	-0.0606	1.6765	0.1687	-0.7528	1.5930	-0.3998	-0.7306	1.5122	0.1137	-0.0604	1.5489	-0.3198	-0.0975	1.5274	-0.1760	0.7446	1.8160	-0.0363	-0.0556	1.6369	-0.1859	-0.0638	1.6380	0.000	
9.300	-0.1138	-0.0616	1.6764	0.1710	-0.7619	1.5929	-0.3990	-0.7290	1.5125	0.1157	-0.0595	1.5463	-0.3201	-0.0984	1.5293	-0.1827	0.7430	1.8172	-0.0357	-0.0561	1.6350	-0.1849	-0.0658	1.6397	0.000	
9.366	-0.1118	-0.0634	1.6769	0.1721	-0.7650	1.5928	-0.3968	-0.7229	1.5135	0.1184	-0.0584	1.5418	-0.3199	-0.0845	1.5429	-0.1921	0.7409	1.8193	-0.0346	-0.0566	1.6335	-0.1818	-0.0693	1.6429	0.000	
9.433	-0.1095	-0.0637	1.6776	0.1734	-0.7651	1.5929	-0.3947	-0.7194	1.5134	0.1216	-0.0605	1.5357	-0.3200	-0.0671	1.5630	-0.2039	0.7377	1.8204	-0.0330	-0.0558	1.6320	-0.1784	-0.0704	1.6462	0.000	
9.500	-0.1072	-0.0634	1.6786	0.1754	-0.7676	1.5923	-0.3959	-0.7221	1.5140	0.1228	-0.0511	1.5300	-0.3199	-0.0824	1.5629	-0.2182	0.7340	1.8214	-0.0314	-0.0541	1.6308	-0.1754	-0.0712	1.6499	0.000	
9.566	-0.1050	-0.0633	1.6800	0.1767	-0.7698	1.5921	-0.3958	-0.7241	1.5143	0.1263	-0.0586	1.5208	-0.3233	-0.0779	1.5721	-0.2299	0.7299	1.8224	-0.0298	-0.0524	1.6296	-0.1724	-0.0728	1.6545	0.000	
9.633	-0.1031	-0.0647	1.6814	0.1779	-0.7720	1.5918	-0.3954	-0.7268	1.5137	0.1351	-0.0886	1.4947	-0.3214	-0.0684	1.5840	-0.2471	0.7226	1.8229	-0.0288	-0.0515	1.6268	-0.1688	-0.0783	1.6626	0.000	
9.700	-0.1016	-0.0660	1.6836	0.1787	-0.7738	1.5919	-0.3948	-0.7298	1.5137	0.1285	-0.0326	1.5050	-0.3231	-0.1086	1.5848	-0.2648	0.7148	1.8241	-0.0282	-0.0508	1.6248	-0.1672	-0.0820	1.6709	0.000	
9.766	-0.1002	-0.0675	1.6860	0.1778	-0.7678	1.5928	-0.3947	-0.7312	1.5136	0.1271	-0.0332	1.5032	-0.3251	-0.1000	1.5928	-0.2791	0.7064	1.8243	-0.0281	-0.0497	1.6221	-0.1654	-0.0858	1.6783	0.000	
9.833	-0.0989	-0.0690	1.6882	0.1772	-0.7629	1.5930	-0.3966	-0.7377	1.5127	0.1236	-0.0338	1.4998	-0.3270	-0.0820	1.6096	-0.2954	0.6984	1.8240	-0.0274	-0.0496	1.6211	-0.1639	-0.0882	1.6827	0.000	
9.900	-0.0968	-0.0700	1.6901	0.1776	-0.7632	1.5932	-0.3967	-0.7384	1.5124	0.1200	-0.0331	1.4948	-0.3309	-0.1096	1.6117	-0.3104	0.6892	1.8220	-0.0262	-0.0485	1.6198	-0.1610	-0.0906	1.6869	0.000	
9.966	-0.0948	-0.0714	1.6925	0.1777	-0.7619	1.5941	-0.3969	-0.7394	1.5124	0.1142	-0.0826	1.4857	-0.3317	-0.1175	1.6233	-0.3199	0.6827	1.8219	-0.0255	-0.0485	1.6197	-0.1586	-0.0930	1.6905	0.000	
10.033	-0.0934	-0.0739	1.6951	0.1781	-0.7620	1.5945	-0.3984	-0.7442	1.5117	0.1122	-0.0828	1.4864	-0.3304	-0.1234	1.6277	-0.3305	0.6756	1.8208	-0.0249	-0.0495	1.6203	-0.1570	-0.0957	1.6935	0.000	
10.100	-0.0923	-0.0749	1.6960	0.1789	-0.7649	1.5949	-0.3995	-0.7473	1.5110	0.2051	0.1198	1.5314	-0.3321	-0.1233	1.6299	-0.3383	0.6704	1.8202	-0.0242	-0.0498	1.6208	-0.1557	-0.0971	1.6940	0.000	
10.166	-0.0922	-0.0765	1.6973	0.1795	-0.7677	1.5946	-0.4012	-0.7527	1.5097	0.1009	-0.0484	1.4886	-0.3392	-0.1259	1.6382	-0.3453	0.6669	1.8187	-0.0241	-0.0520	1.6236	-0.1557	-0.0981	1.6941	0.000	
10.233	-0.0960	-0.0813	1.7032	0.1802	-0.7714	1.5952	-0.4017	-0.7533	1.5096	0.1003	-0.0478	1.4891	-0.3467	-0.1254	1.6401	-0.3512	0.6638	1.8183	-0.0291	-0.0585	1.6315	-0.1583	-0.1009	1.6973	0.000	
10.300	-0.0964	-0.0845	1.7044	0.1808	-0.7707	1.5955	-0.4015	-0.7522	1.5094	0.0994	-0.0488	1.4899	-0.3482	-0.1250	1.6400	-0.3548	0.6610	1.8186	-0.0283	-0.0628	1.6338	-0.1594	-0.1031	1.6970	0.000	
10.366	-0.0966	-0.0848	1.7052	0.1809	-0.7716	1.5958	-0.4004	-0.7500	1.5098	0.0984	-0.0504	1.4920	-0.3476	-0.1246	1.6397	-0.3586	0.6584	1.8181	-0.0289	-0.0633	1.6352	-0.1593	-0.1032	1.6974	0.000	
10.433	-0.0933	-0.0836	1.7044	0.1821	-0.7728	1.5951	-0.4000	-0.7498	1.5099	0.0970	-0.0688	1.5007	-0.3482	-0.1234	1.6379	-0.3640	0.6544	1.8179	-0.0257	-0.0603	1.6351	-0.1555	-0.1036	1.6952	0.000	
10.500	-0.0912	-0.0881	1.7052	0.1823	-0.7732	1.5948	-0.4000	-0.7499	1.5097	0.0964	-0.0767	1.5040	-0.3530	-0.1373	1.6281	-0.3668	0.6525	1.8178	-0.0240	-0.0652	1.6366	-0.1526	-0.1087	1.6951	0.000	
10.566	-0.0898	-0.0890	1.7045	0.1828	-0.7742	1.5943	-0.4001	-0.7512	1.5094	0.0947	-0.0673	1.5035	-0.3539	-0.1378	1.6275	-0.3698	0.6506	1.8181	-0.0228	-0.0642	1.6356	-0.1510	-0.1116	1.6944	0.000	
10.633	-0.0877	-0.0903	1.7039	0.1829	-0.7741	1.5941	-0.3986	-0.7461	1.5105	0.0937	-0.0674	1.5029	-0.3530	-0.1393	1.6287	-0.3712	0.6500	1.8178	-0.0205	-0.0641	1.6348	-0.1495	-0.1136	1.6939	0.000	
10.700	-0.0869	-0.0906	1.7036	0.1824	-0.7700	1.5950	-0.3983	-0.7451	1.5106	0.0924	-0.0627	1.5002	-0.3538	-0.1396	1.6301	-0.3714	0.6507	1.8177	-0.0199	-0.0630	1.6332	-0.1489	-0.1141	1.6942	0.000	
10.766	-0.0880	-0.0908	1.7034	0.1828	-0.7723	1.5946	-0.4039	-0.7595	1.5079	0.0879	-0.0451	1.4978	-0.3535	-0.1396	1.6329	-0.3668	0.6563	1.8170	-0.0217	-0.0632	1.6307	-0.1503	-0.1144	1.6956	0.000	
10.833	-0.0929	-0.0914	1.7039	0.1810	-0.7581	1.5956	-0.4039	-0.7585	1.5083	0.0770	-0.0789	1.4938	-0.3500	-0.1359	1.6352	-0.3564	0.6662	1.8171	-0.0262	-0.0641	1.6275	-0.1563	-0.1145	1.7000	0.000	
10.900	-0.0974	-0.0865	1.7011	0.1801	-0.7573	1.5948	-0.4030	-0.7574	1.5088	0.0744	-0.0815	1.4941	-0.3553	-0.1192	1.6367	-0.3349	0.6839	1.8160	-0.0304	-0.0587	1.6228	-0.1606	-0.1099	1.6996	0.000	
10.966	-0.1095	-0.0848	1.7011	0.1792	-0.7555	1.5946	-0.4005	-0.7524	1.5106	0.0664	-0.0203	1.5041	-0.3563	-0.1144	1.6301	-0.3094	0.7024	1.8145	-0.0410	-0.0613	1.6238	-0.1738	-0.1038	1.6992	0.000	
11.033	-0.1131	-0.0813	1.6988	0.1777	-0.7552	1.5948	-0.3981	-0.7463	1.5120	0.0659	-0.0205	1.5049	-0.3571	-0.1148	1.6273	-0.2834	0.7158	1.8128	-0.0432	-0.0597	1.6242	-0.1788	-0.0979	1.6921	0.000	
11.100	-0.1213	-0.0752	1.6940	0.1771	-0.7529	1.5947	-0.3951	-0.7367	1.5141	0.0687	-0.0406	1.4989	-0.3569	-0.0815	1.6253	-0.2520	0.7287	1.8112	-0.0469	-0.0586	1.6252	-0.1914	-0.0852	1.6791	0.000	
11.166	-0.1275	-0.0716	1.6912	0.1730	-0.7478	1.5957	-0.3954	-0.7355	1.5138	0.0670	-0.0197	1.5149	-0.3585	-0.1052	1.5996	-0.2210	0.7391	1.8112	-0.0519	-0.0593	1.6285	-0.1994	-0.0769	1.6698	0.000	
11.233	-0.1304	-0.0697	1.6884	0.1696	-0.7412	1.5965	-0.3970	-0.7350	1.5141	0.0620	-0.0953	1.5148	-0.3636	-0.0570	1.5903	-0.1918	0.7451	1.8105	-0.0535	-0.0598	1.6298	-0.2030	-0.0724	1.6617	0.000	
11.300	-0.1321	-0.0684	1.6860	0.1689	-0.7421	1.5963	-0.3989	-0.7399	1.5133	0.0632	-0.0982	1.5255	-0.3670	-0.0475	1.5762	-0.1582	0.7481	1.8094	-0.0543	-0.0608	1.6312	-0.2059	-0.0683	1.6543	0.000	
11.366	-0.1335	-0.0675	1.6839	0.1664	-0.7399	1.5968	-0.4002	-0.7437	1.5130	0.2049	0.1033	1.5699	-0.3670	-0.0445	1.5568	-0.1290	0.7480	1.8110	-0.0551	-0.0628	1.6340	-0.2080	-0.0651	1.6471	0.000	
11.433	-0.1336	-0.0665	1.6818	0.1659	-0.7421	1.5969	-0.4013	-0.7451	1.5123	0.0736	-0.0816	1.5416	-0.3666	-0.0393	1.5402	-0.0967	0.7448	1.8123	-0.0546	-0.0643	1.6361	-0.2078	-0.0620	1.6403	0.000	
11.500	-0.1327	-0.0658	1.6802	0.1680	-0.7494	1.5964	-0.4016	-0.7444	1.5125	0.0747	-0.0908	1.5485	-0.3661	-0.0220	1.5259	-0.0664	0.7409	1.8145	-0.0530	-0.0654	1.6390	-0.2063	-0.0597	1.6344	0.000	
11.566	-0.1325	-0.0660	1.6792	0.1693	-0.7542	1.5961	-0.4024	-0.7433	1.5125	0.0734	-0.0985	1.5529	-0.3609	-0.0311	1.5119	-0.0370	0.7348	1.8182	-0.0530	-0.0689	1.6426	-0.2055	-0.0583	1.6302	0.000	
11.633	-0.1326	-0.0664	1.6783	0.1708	-0.7594	1.5958	-0.4006	-0.7356	1.5136	0.0759	-0.1032	1.5568	-0.3412	-0.0831	1.4868	-0.0102	0.7272	1.8211	-0.0540	-0.0718	1.6463	-0.2052	-0.0578	1.6256	0.000	
11.700	-0.1326	-0.0672	1.6781	0.1701	-0.7597	1.5947	-0.4014	-0.7351	1.5133	0.0766	-0.0936	1.5733	-0.3320	-0.0843	1.4890	0.0149	0.7188	1.8254	-0.0547	-0.0751	1.6501	-0.2046	-0.0580	1.6237	0.000	
11.766	-0.1343	-0.0686	1.6779	0.1692	-0.7598	1.5951	-0.4038	-0.7390	1.5132	0.0731	-0.1072	1.5802	-0.2680	-0.1239	1.5457	0.0412	0.7073	1.8289	-0.0578	-0.0789	1.6534	-0.2059	-0.0578	1.6223	0.000	
11.833	-0.1405	-0.0700	1.6778	0.1674	-0.7569	1.5951	-0.4041	-0.7351	1.5142	0.0794	-0.0943	1.5834	-0.2891	-0.1143	1.4819	0.0649	0.6947	1.8319	-0.0652	-0.0835	1.6572	-0.2113	-0.0555	1.6192	0.000	
11.900	-0.1464	-0.0714	1.6778	0.1670	-0.7575	1.5944	-0.4060	-0.7339	1.5144	0.0789	-0.0978	1.5843	-0.2784	-0.1151	1.5441	0.0874	0.6808	1.8335	-0.0702	-0.0860	1.6573	-0.2166	-0.0548	1.6192	0.000	
11.966	-0.1518	-0.0734	1.6792	0.1671	-0.7588	1.5938	-0.4071	-0.7329	1.5145	0.0788	-0.1028	1.5847	-0.2832	-0.1114	1.5449	0.1074	0.6673	1.8361	-0.0760	-0.0899	1.6596	-0.2211	-0.0546	1.6198	0.000	
12.033	-0.1551	-0.0750	1.6807	0.1665	-0.7598	1.5927	-0.4079	-0.7300	1.5149	0.0736	-0.1048	1.5915	-0.2845	-0.1020	1.5442	0.1238	0.6533	1.8369	-0.0793	-0.0926	1.6621	-0.2241	-0.0549	1.6205	0.000	
12.100	-0.1557	-0.0762	1.6830	0.1664	-0.7599	1.5924	-0.4090	-0.7304	1.5152	0.0747	-0.1067	1.6007	-0.2913	-0.0262	1.4959	0.1373	0.6423	1.8384	-0.0795	-0.0950	1.6660	-0.2247	-0.0550	1.6216	0.000	
12.166	-0.1551	-0.0788	1.6860	0.1653	-0.7599	1.5919	-0.4109	-0.7299	1.5168	0.0771	-0.1061	1.6053	-0.2887	-0.0258	1.4962	0.1494	0.6325	1.8400	-0.0786	-0.0974	1.6696	-0.2245	-0.0572	1.6237	0.000	
12.233	-0.1545	-0.0804	1.6884	0.1651	-0.7600	1.5916	-0.4116	-0.7295	1.5168	0.0808	-0.1069	1.6098	-0.2771	-0.0765	1.4894	0.1607	0.6241	1.8409	-0.0784	-0.0991	1.6721	-0.2235	-0.0583	1.6260	0.000	
12.300	-0.1540	-0.0830	1.6908	0.1646	-0.7602	1.5914	-0.4128	-0.7291	1.5163	0.0865	-0.1076	1.6147	-0.2710	-0.0333	1.5029	0.1665	0.6191	1.8418	-0.0779	-0.1006	1.6740	-0.2229	-0.0620	1.6287	0.000	
12.366	-0.1525	-0.0848	1.6931	0.1641	-0.7614	1.5910	-0.4125	-0.7296	1.5166	0.0886	-0.1810	1.5933	-0.2675	-0.0342	1.5050	0.1696	0.6165	1.8424	-0.0766	-0.1020	1.6761	-0.2213	-0.0639	1.6312	0.000	
12.433	-0.1531	-0.0857	1.6945	0.1639	-0.7616	1.5909	-0.4136	-0.7290	1.5166	0.1101	-0.1587	1.6147	-0.2625	-0.0329	1.5078	0.1706	0.6154	1.8426	-0.0774	-0.1033	1.6779	-0.2218	-0.0644	1.6323	0.000	
12.500	-0.1527	-0.0862	1.6959	0.1651	-0.7652	1.5906	-0.4136	-0.7288	1.5168	0.1060	-0.1178	1.6302	-0.2578	-0.0315	1.5109	0.1705	0.6153	1.8433	-0.0769	-0.1039	1.6796	-0.2215	-0.0647	1.6332	0.000	
12.566	-0.1515	-0.0862	1.6974	0.1657	-0.7673	1.5904	-0.4138	-0.7274	1.5165	0.1060	-0.1153	1.6325	-0.2551	-0.0321	1.5113	0.1653	0.6203	1.8450	-0.0757	-0.1043	1.6816	-0.2203	-0.0641	1.6344	0.000	
12.633	-0.1502	-0.0855	1.6993	0.1662	-0.7689	1.5907	-0.4134	-0.7266	1.5171	0.1081	-0.1770	1.6094	-0.2547	-0.0325	1.5093	0.1541	0.6317	1.8484	-0.0747	-0.1043	1.6839	-0.2185	-0.0626	1.6359	0.000	
12.700	-0.1471	-0.0845	1.7013	0.1663	-0.7684	1.5911	-0.4111	-0.7261	1.5167	0.1072	-0.1044	1.6424	-0.2578	0.0037	1.5074	0.1377	0.6483	1.8481	-0.0721	-0.1039	1.6871	-0.2152	-0.0611	1.6370	0.000	
12.733	-0.1453	-0.0841	1.7025	0.1642	-0.7622	1.5919	-0.4109	-0.7264	1.5166	0.3026	0.0486	1.6176	-0.2470	-0.0188	1.4979	0.1280	0.6581	1.8460	-0.0703	-0.1033	1.6892	-0.2132	-0.0609	1.6373	0.000	
12.800	-0.1400	-0.0826	1.7053	0.1647	-0.7629	1.5925	-0.4102	-0.7260	1.5163	0.2959	0.0465	1.6221	-0.2416	-0.0115	1.5010	0.1190	0.6666	1.8440	-0.0650	-0.1011	1.6957	-0.2079	-0.0599	1.6370	0.000	
12.833	-0.1366	-0.0807	1.7064	0.1649	-0.7635	1.5931	-0.4093	-0.7262	1.5157	0.1078	-0.0940	1.6485	-0.2380	-0.0159	1.5003	0.1047	0.6750	1.8426	-0.0613	-0.0985	1.7017	-0.2032	-0.0576	1.6339	0.000	
12.900	-0.1311	-0.0793	1.7080	0.1654	-0.7640	1.5958	-0.4072	-0.7174	1.5167	0.1088	-0.0917	1.6528	-0.2163	-0.0010	1.4953	0.1018	0.6781	1.8427	-0.0556	-0.0979	1.7110	-0.1966	-0.0558	1.6286	0.000	
12.933	-0.1283	-0.0799	1.7092	0.1652	-0.7633	1.5963	-0.4068	-0.7169	1.5162	0.1086	-0.0918	1.6545	-0.2108	-0.0080	1.4943	0.0999	0.6808	1.8424	-0.0532	-0.0989	1.7149	-0.1940	-0.0564	1.6273	0.000	
13.000	-0.1243	-0.0810	1.7115	0.1652	-0.7620	1.5969	-0.4056	-0.7171	1.5145	0.1168	-0.0847	1.6722	-0.1816	-0.0306	1.4820	0.0960	0.6866	1.8434	-0.0502	-0.1009	1.7239	-0.1893	-0.0576	1.6240	0.000	
13.033	-0.1229	-0.0823	1.7120	0.1653	-0.7616	1.5972	-0.4045	-0.7182	1.5131	0.1174	-0.0820	1.6765	-0.1601	-0.0055	1.4651	0.0941	0.6887	1.8433	-0.0498	-0.1023	1.7257	-0.1871	-0.0591	1.6223	0.000	
13.100	-0.1187	-0.0879	1.7150	0.1653	-0.7614	1.5976	-0.4013	-0.7208	1.5107	0.1248	-0.1192	1.6808	-0.1521	-0.0062	1.4562	0.0903	0.6924	1.8434	-0.0481	-0.1088	1.7341	-0.1816	-0.0650	1.6196	0.000	
13.133	-0.1174	-0.0896	1.7156	0.1657	-0.7624	1.5975	-0.3997	-0.7208	1.5083	0.1230	-0.0807	1.7158	-0.1401	-0.0052	1.4469	0.0899	0.6930	1.8426	-0.0475	-0.1103	1.7367	-0.1797	-0.0671	1.6177	0.000	
13.200	-0.1239	-0.0915	1.7128	0.1682	-0.7632	1.5977	-0.3984	-0.7238	1.5061	0.1187	-0.0991	1.7188	-0.1023	-0.0051	1.4325	0.0867	0.6984	1.8414	-0.0595	-0.1131	1.7331	-0.1832	-0.0675	1.6139	0.000	
13.233	-0.1162	-0.0989	1.7143	0.1682	-0.7633	1.5977	-0.3981	-0.7269	1.5055	0.1198	-0.1036	1.7213	-0.0898	-0.0068	1.4292	0.0881	0.6973	1.8433	-0.0549	-0.1153	1.7306	-0.1704	-0.0832	1.6229	0.000	
13.300	-0.0996	-0.1138	1.7218	0.1687	-0.7645	1.5973	-0.3968	-0.7291	1.5042	0.2456	0.0526	1.6622	-0.0690	-0.0025	1.4204	0.0895	0.6960	1.8453	-0.0395	-0.1223	1.7278	-0.1524	-0.1077	1.6451	0.000	
13.333	-0.0961	-0.1160	1.7218	0.1690	-0.7650	1.5966	-0.3959	-0.7281	1.5042	0.1140	-0.1135	1.7482	-0.0571	0.0023	1.4144	0.0891	0.6949	1.8458	-0.0364	-0.1233	1.7273	-0.1502	-0.1086	1.6438	0.000	
13.400	-0.0944	-0.1158	1.7130	0.1707	-0.7666	1.5940	-0.3938	-0.7203	1.5043	0.0978	-0.0718	1.7694	-0.0281	-0.0012	1.4059	0.0838	0.6963	1.8464	-0.0365	-0.1237	1.7134	-0.1476	-0.1045	1.6335	0.000	
13.433	-0.0949	-0.1154	1.7098	0.1702	-0.7648	1.5937	-0.3937	-0.7201	1.5042	0.1125	-0.1003	1.7499	-0.0176	0.0003	1.4037	0.0760	0.6968	1.8468	-0.0380	-0.1236	1.7115	-0.1467	-0.1029	1.6278	0.000	
13.500	-0.1002	-0.1124	1.6980	0.1688	-0.7631	1.5880	-0.3967	-0.7208	1.5027	0.1132	-0.1111	1.7444	-0.0094	0.0061	1.4048	0.0470	0.6936	1.8502	-0.0442	-0.1218	1.7049	-0.1511	-0.0977	1.6107	0.000	
13.533	-0.1073	-0.1105	1.6928	0.1681	-0.7613	1.5870	-0.3992	-0.7222	1.5017	0.0989	-0.0808	1.7538	-0.0082	0.0083	1.4074	0.0272	0.6921	1.8493	-0.0514	-0.1205	1.7020	-0.1581	-0.0951	1.6033	0.000	
13.600	-0.1381	-0.1028	1.6834	0.1551	-0.7568	1.5742	-0.3996	-0.7246	1.4999	0.1616	0.0825	1.7208	-0.0142	0.0168	1.4152	-0.0173	0.6970	1.8482	-0.0819	-0.1129	1.6915	-0.1879	-0.0878	1.5958	0.000	
13.633	-0.1597	-0.1025	1.6791	0.1481	-0.7581	1.5664	-0.4007	-0.7303	1.4988	0.0454	-0.0651	1.7730	-0.0258	0.0186	1.4259	-0.0813	0.7409	1.8314	-0.1034	-0.1126	1.6825	-0.2096	-0.0876	1.5963	0.000	
13.700	-0.1839	-0.1043	1.6798	0.1321	-0.7558	1.5430	-0.4045	-0.7378	1.4974	0.0035	-0.0620	1.7888	-0.0577	0.0020	1.4554	-0.0821	0.7148	1.8368	-0.1305	-0.1121	1.6792	-0.2299	-0.0916	1.6014	0.000	
13.733	-0.2028	-0.1110	1.6803	0.1256	-0.7520	1.5343	-0.4043	-0.7389	1.4973	0.1312	0.0736	1.7850	-0.0667	0.0040	1.4588	-0.0994	0.7154	1.8431	-0.1479	-0.1180	1.6794	-0.2482	-0.0985	1.6024	0.000	
13.800	-0.2256	-0.1181	1.6851	0.0819	-0.7594	1.5369	-0.4059	-0.7495	1.4955	-0.0887	-0.1333	1.6319	-0.1053	-0.0656	1.5035	-0.1291	0.7189	1.8501	-0.1741	-0.1233	1.6796	-0.2678	-0.1078	1.6127	0.000	
13.833	-0.2318	-0.1208	1.6861	0.0322	-0.7684	1.5568	-0.4069	-0.7535	1.4956	-0.1361	-0.1058	1.5943	-0.1329	0.0038	1.4894	-0.1441	0.7229	1.8506	-0.1816	-0.1252	1.6792	-0.2722	-0.1110	1.6147	0.000	
13.900	-0.2383	-0.1262	1.6933	-0.0410	-0.7964	1.5985	-0.4409	-0.8727	1.5076	-0.2262	-0.0617	1.5674	-0.1233	-0.0251	1.5421	-0.1665	0.7277	1.8599	-0.1905	-0.1298	1.6862	-0.2759	-0.1169	1.6222	0.000	
13.933	-0.2412	-0.1300	1.6994	-0.0845	-0.8312	1.6228	-0.4407	-0.8775	1.5063	-0.2292	-0.0587	1.5684	-0.1243	-0.0247	1.5431	-0.1756	0.7293	1.8658	-0.1947	-0.1323	1.6904	-0.2767	-0.1222	1.6310	0.000	
14.000	-0.2475	-0.1293	1.7195	-0.1581	-0.8383	1.6815	-0.4398	-0.8762	1.5054	-0.2289	-0.0199	1.5811	-0.1294	-0.0189	1.5518	-0.1914	0.7310	1.8804	-0.2044	-0.1309	1.7133	-0.2796	-0.1221	1.6476	0.000	
14.033	-0.2511	-0.1301	1.7292	-0.2010	-0.8387	1.7191	-0.4395	-0.8773	1.5040	-0.2131	-0.0542	1.6002	-0.1423	0.0131	1.5567	-0.1967	0.7313	1.8922	-0.2092	-0.1309	1.7275	-0.2820	-0.1232	1.6536	0.000	
14.100	-0.2595	-0.1275	1.7548	-0.2328	-0.8677	1.7798	-0.4379	-0.8702	1.4957	-0.2299	0.0306	1.6151	-0.1294	0.0312	1.5806	-0.2065	0.7326	1.9174	-0.2182	-0.1270	1.7482	-0.2887	-0.1225	1.6854	0.000	
14.133	-0.2664	-0.1281	1.7663	-0.2354	-0.8718	1.7976	-0.4381	-0.8682	1.4973	-0.2180	-0.0189	1.6247	-0.1120	0.0330	1.6081	-0.2079	0.7306	1.9262	-0.2264	-0.1258	1.7533	-0.2939	-0.1257	1.7051	0.000	
14.200	-0.2704	-0.1800	1.8033	-0.2465	-0.8971	1.8385	-0.4099	-0.7488	1.5013	-0.1887	0.0201	1.6609	-0.0710	0.0414	1.6877	-0.2084	0.7293	1.9578	-0.2335	-0.1734	1.7702	-0.2955	-0.1750	1.7579	0.000	
14.233	-0.2731	-0.1772	1.8068	-0.2483	-0.8866	1.8582	-0.4100	-0.7490	1.5018	-0.1610	-0.0457	1.6883	-0.0487	0.0477	1.7154	-0.2349	0.7491	1.9883	-0.2358	-0.1720	1.7727	-0.2984	-0.1721	1.7624	0.000	
14.300	-0.2685	-0.1488	1.8180	-0.2527	-0.9013	1.8739	-0.4101	-0.7479	1.5031	-0.1374	0.1642	1.9790	0.0067	0.0389	1.8005	-0.2542	0.7686	2.0166	-0.2334	-0.1429	1.7881	-0.2901	-0.1468	1.7770	0.000	
14.333	-0.2651	-0.1632	1.8555	-0.2540	-0.9168	1.8803	-0.4094	-0.7468	1.5048	-0.1184	0.1429	1.9678	0.0047	0.0527	1.8471	-0.2647	0.7745	2.0101	-0.2170	-0.1556	1.8147	-0.3047	-0.1640	1.8202	0.000	
14.400	-0.2738	-0.1476	1.8729	-0.2593	-0.9176	1.8844	-0.4065	-0.7437	1.5090	-0.0598	0.1302	2.1082	0.0143	0.0913	1.8951	-0.2850	0.7582	2.0539	-0.2221	-0.1497	1.8496	-0.3214	-0.1358	1.8235	0.000	
14.433	-0.2703	-0.1179	1.8209	-0.2523	-0.8470	1.8507	-0.4043	-0.7425	1.5108	-0.0532	0.1276	2.1205	0.0552	0.0892	1.9622	-0.2812	0.7513	2.0612	-0.1918	-0.1036	1.7639	-0.3305	-0.1307	1.8095	0.000	
14.500	-0.3011	-0.1227	1.9366	-0.2664	-0.8809	1.8583	-0.3890	-0.7380	1.5196	-0.0384	0.1300	2.1863	0.0381	0.0869	1.9860	-0.2668	0.7413	2.1427	-0.2278	-0.1162	1.8941	-0.3622	-0.1242	1.9008	0.000	
14.533	-0.2830	-0.1211	1.9621	-0.2607	-0.8487	1.8638	-0.3782	-0.7371	1.5237	0.0078	0.0789	2.2174	0.0405	0.0946	2.0064	-0.2596	0.7309	2.1849	-0.2077	-0.1127	1.9215	-0.3468	-0.1246	1.9244	0.000	
14.600	-0.2781	-0.1220	1.9977	-0.2504	-0.8513	1.8733	-0.3635	-0.7392	1.5277	0.0190	0.1176	2.3157	-0.0077	-0.0129	2.1538	-0.2518	0.7149	2.2117	-0.2016	-0.1118	1.9569	-0.3440	-0.1269	1.9615	0.000	
14.633	-0.2676	-0.1447	2.0191	-0.2598	-0.8423	1.8362	-0.3369	-0.7266	1.5433	0.0177	0.1125	2.3525	-0.0025	-0.0157	2.1823	-0.2495	0.7110	2.2357	-0.1967	-0.1295	1.9628	-0.3260	-0.1543	2.0042	0.000	
14.700	-0.2556	-0.1552	2.0672	-0.2328	-0.8932	1.8930	-0.2887	-0.7254	1.6045	0.0198	0.1119	2.3926	-0.0010	-0.0398	2.2611	-0.2385	0.7010	2.2616	-0.1817	-0.1482	2.0192	-0.3185	-0.1572	2.0390	0.000	
14.733	-0.2562	-0.1546	2.0890	-0.1967	-0.9391	1.9419	-0.2566	-0.7492	1.6511	0.0336	0.1001	2.4314	-0.1483	-0.1131	2.0831	-0.2180	0.7034	2.2891	-0.1829	-0.1487	2.0350	-0.3191	-0.1547	2.0645	0.000	
14.800	-0.1879	-0.1434	2.0946	-0.2439	-0.8841	1.9689	-0.1982	-0.8125	1.7417	0.0463	0.0638	2.5529	-0.1359	-0.0836	2.1110	-0.2230	0.6919	2.3170	-0.1178	-0.1232	2.0471	-0.2507	-0.1580	2.0634	0.000	
14.833	-0.1837	-0.1565	2.1320	-0.2229	-0.9137	1.9992	-0.2579	-0.9188	1.8606	0.0457	0.0643	2.5515	-0.1306	-0.1593	1.9856	-0.2186	0.6863	2.3348	-0.1159	-0.1472	2.0900	-0.2449	-0.1620	2.0967	0.000	
14.900	-0.1850	-0.1626	2.1601	-0.0878	-0.9137	1.9373	-0.2555	-0.9084	1.8834	0.0469	0.0454	2.5651	-0.1339	-0.1507	2.0061	-0.2160	0.6756	2.3674	-0.1173	-0.1532	2.1211	-0.2457	-0.1666	2.1210	0.000	
14.933	-0.1835	-0.1694	2.1740	-0.0936	-0.9259	1.9924	-0.2511	-0.9028	1.8884	0.0223	0.0457	2.5891	-0.1312	-0.1512	2.0129	-0.2151	0.6749	2.3835	-0.1152	-0.1638	2.1333	-0.2449	-0.1693	2.1368	0.000	
15.000	-0.1669	-0.1779	2.2075	-0.0709	-0.9571	2.1194	-0.2477	-0.9036	1.8940	0.0447	0.0418	2.6134	-0.1193	-0.1612	2.0364	-0.2169	0.6606	2.4039	-0.0985	-0.1763	2.1683	-0.2296	-0.1734	2.1677	0.000	
15.033	-0.1600	-0.1810	2.2252	-0.0548	-0.9587	2.1793	-0.2473	-0.9017	1.8947	0.0568	0.0391	2.6233	-0.1169	-0.1581	2.0529	-0.2166	0.6543	2.4144	-0.0916	-0.1792	2.1853	-0.2228	-0.1765	2.1863	0.000	
15.100	-0.1453	-0.1978	2.2630	-0.0521	-0.9670	2.1904	-0.2465	-0.8971	1.8970	0.0864	0.0352	2.6374	-0.4226	0.0848	1.9242	-0.2205	0.6385	2.4388	-0.0770	-0.1931	2.2190	-0.2086	-0.1957	2.2280	0.000	
15.133	-0.1406	-0.2044	2.2815	-0.0684	-0.9728	2.2022	-0.2462	-0.8929	1.9011	0.1027	0.0311	2.6454	-0.4635	0.0330	1.9427	-0.2165	0.6321	2.4555	-0.0710	-0.1999	2.2416	-0.2052	-0.2018	2.2429	0.000	
15.200	-0.1285	-0.2154	2.3299	-0.0675	-0.9737	2.1973	-0.2396	-0.8904	1.9404	0.1282	0.0268	2.6725	-0.4051	0.0925	1.9368	-0.2156	0.6194	2.4718	-0.0592	-0.2088	2.2908	-0.1935	-0.2147	2.2903	0.000	
15.233	-0.1205	-0.2211	2.3488	-0.0641	-0.9513	2.2014	-0.2381	-0.8939	1.9613	0.1436	0.0255	2.6609	-0.4021	0.0921	1.9442	-0.2129	0.6136	2.4803	-0.0511	-0.2132	2.3111	-0.1858	-0.2215	2.3077	0.000	
15.300	-0.1139	-0.2308	2.3896	-0.0599	-0.9549	2.2032	-0.2237	-0.9321	2.0657	0.1577	0.0261	2.6886	-0.3951	0.0269	2.1034	-0.2142	0.6093	2.5122	-0.0449	-0.2222	2.3532	-0.1791	-0.2317	2.3472	0.000	
15.333	-0.1131	-0.2370	2.4157	-0.0603	-0.9576	2.2023	-0.2290	-0.9737	2.1437	0.1606	0.0244	2.6959	-0.3946	-0.1519	2.5295	-0.2185	0.6054	2.5225	-0.0444	-0.2275	2.3794	-0.1781	-0.2388	2.3732	0.000	
15.400	-0.1132	-0.2417	2.4461	-0.0572	-0.9638	2.1997	-0.2370	-0.9802	2.2256	0.0905	0.2457	2.7199	-0.3847	-0.1592	2.5384	-0.2225	0.6035	2.5463	-0.0440	-0.2310	2.4091	-0.1787	-0.2446	2.4044	0.000	
15.433	-0.1202	-0.2467	2.4654	-0.0551	-0.9706	2.1972	-0.2076	-1.0020	2.2887	0.0887	0.2416	2.7206	-0.3644	-0.1563	2.5505	-0.2306	0.5987	2.5622	-0.0507	-0.2365	2.4336	-0.1856	-0.2490	2.4191	0.000	
15.500	-0.1192	-0.2552	2.4951	-0.0549	-0.9444	2.2071	-0.1931	-1.0325	2.3456	0.1585	0.4150	2.5741	-0.3802	-0.1432	2.5784	-0.2348	0.5880	2.5839	-0.0485	-0.2433	2.4584	-0.1862	-0.2588	2.4530	0.000	
15.533	-0.1248	-0.2609	2.5088	-0.0546	-0.9442	2.2085	-0.1861	-1.0179	2.3455	0.1514	0.4232	2.5618	-0.3818	-0.1430	2.5801	-0.2407	0.5847	2.5985	-0.0533	-0.2477	2.4712	-0.1924	-0.2660	2.4677	0.000	
15.600	-0.1321	-0.2725	2.5329	-0.0552	-0.9454	2.2090	-0.2024	-1.0359	2.4576	0.1507	0.4218	2.5646	-0.3879	-0.1505	2.5999	-0.2374	0.5761	2.6137	-0.0601	-0.2587	2.4945	-0.2001	-0.2778	2.4926	0.000	
15.633	-0.1359	-0.2852	2.5502	-0.0568	-0.9432	2.2130	-0.1971	-1.0546	2.3986	0.1492	0.4202	2.5641	-0.3926	-0.1672	2.6116	-0.2692	0.5520	2.6445	-0.0630	-0.2684	2.5099	-0.2048	-0.2935	2.5119	0.000	
15.700	-0.1448	-0.2983	2.5731	-0.0572	-0.9360	2.2185	-0.2136	-1.0541	2.3922	0.1494	0.3615	2.5482	-0.4035	-0.2132	2.6484	-0.2683	0.5253	2.6598	-0.0722	-0.2841	2.5331	-0.2130	-0.3036	2.5344	0.000	
15.733	-0.1487	-0.3129	2.5905	-0.0580	-0.9357	2.2196	-0.2215	-1.0190	2.4270	0.1479	0.3553	2.5399	-0.4043	-0.2095	2.6532	-0.2747	0.5109	2.6696	-0.0750	-0.2990	2.5505	-0.2178	-0.3173	2.5518	0.000	
15.800	-0.1617	-0.3489	2.6210	-0.0613	-0.9328	2.2255	-0.3041	-1.1084	2.6809	0.1078	0.3966	2.5338	-0.4197	-0.2477	2.6910	-0.3154	0.4683	2.7063	-0.0853	-0.3347	2.5820	-0.2335	-0.3528	2.5817	0.000	
15.833	-0.1673	-0.3690	2.6379	-0.0638	-0.9314	2.2308	-0.3154	-1.1247	2.6900	0.0932	0.3887	2.5284	-0.4443	-0.2901	2.7201	-0.3147	0.4407	2.7186	-0.0894	-0.3549	2.5993	-0.2402	-0.3721	2.5980	0.000	
15.900	-0.1925	-0.4135	2.6717	-0.0652	-0.9296	2.2390	-0.3486	-1.1312	2.6830	0.0393	0.2833	2.5245	-0.4744	-0.3573	2.7548	-0.3412	0.3878	2.7556	-0.1141	-0.3976	2.6291	-0.2652	-0.4181	2.6368	0.000	
15.933	-0.2024	-0.4505	2.6908	-0.0642	-0.9377	2.2405	-0.3532	-1.1399	2.6780	0.0379	0.2975	2.5027	-0.4838	-0.4220	2.7984	-0.3399	0.3451	2.7809	-0.1274	-0.4399	2.6516	-0.2719	-0.4479	2.6521	0.000	
16.000	-0.2346	-0.5228	2.7212	-0.0543	-0.9891	2.2737	-0.3576	-1.1788	2.6397	0.0006	0.2971	2.5111	-0.5511	-0.4417	2.8139	-0.3878	0.2721	2.8286	-0.1571	-0.5089	2.6843	-0.3064	-0.5238	2.6815	0.000	
16.033	-0.2465	-0.5389	2.7341	-0.0424	-0.9822	2.2989	-0.3513	-1.1868	2.6312	-0.0140	0.2949	2.5221	-0.5592	-0.4634	2.7371	-0.3913	0.2425	2.8462	-0.1681	-0.5201	2.6955	-0.3174	-0.5425	2.6948	0.000	
16.100	-0.2756	-0.5588	2.7611	-0.0222	-1.0007	2.3950	-0.3507	-1.1941	2.6492	-0.0818	0.2916	2.5118	-0.5949	-0.4646	2.7877	-0.4357	0.2160	2.8946	-0.2020	-0.5412	2.7295	-0.3420	-0.5614	2.7165	0.000	
16.133	-0.2886	-0.5600	2.7767	-0.0285	-0.9920	2.4244	-0.3651	-1.1991	2.6491	-0.1006	0.3613	2.5351	-0.5786	-0.4951	2.7552	-0.4706	0.2155	2.9326	-0.2147	-0.5475	2.7488	-0.3548	-0.5579	2.7285	0.000	
16.200	-0.3084	-0.5564	2.8139	-0.0181	-1.0481	2.4847	-0.3620	-1.1945	2.6507	-0.1337	0.3415	2.5321	-0.5778	-0.5199	2.6969	-0.4476	0.1885	2.9466	-0.2352	-0.5526	2.7814	-0.3730	-0.5442	2.7700	0.000	
16.233	-0.3307	-0.5651	2.8276	-0.0501	-1.1074	2.5017	-0.3586	-1.1911	2.6412	-0.1614	0.3486	2.5642	-0.5461	-0.5361	2.7016	-0.4829	0.1844	2.9843	-0.2609	-0.5681	2.8028	-0.3922	-0.5481	2.7773	0.000	
16.300	-0.3534	-0.5848	2.8339	-0.0551	-1.0468	2.3791	-0.3623	-1.2241	2.6135	-0.2194	0.2945	2.5727	-0.3715	-0.4388	2.6587	-0.4937	0.1821	2.9988	-0.2808	-0.5904	2.8193	-0.4169	-0.5652	2.7743	0.000	
16.333	-0.3567	-0.5796	2.8388	-0.1166	-1.0556	2.3967	-0.3862	-1.1995	2.6012	-0.2552	0.3305	2.5819	-0.3713	-0.4385	2.6590	-0.5146	0.1814	3.0119	-0.2835	-0.5816	2.8229	-0.4206	-0.5621	2.7795	0.000	
16.400	-0.3374	-0.5815	2.8844	-0.1257	-1.0532	2.3990	-0.3818	-1.1929	2.5840	-0.2850	0.2879	2.5967	-0.3692	-0.4332	2.6623	-0.5702	0.1308	3.0602	-0.2680	-0.5698	2.8601	-0.3986	-0.5786	2.8305	0.000	
16.466	-0.3497	-0.5845	2.8894	-0.2487	-0.9795	2.3292	-0.3473	-1.2029	2.6168	-0.3362	0.3481	2.6129	-0.3684	-0.4303	2.6673	-0.6731	0.1489	3.1612	-0.2893	-0.5684	2.8795	-0.4078	-0.5794	2.8240	0.000	
16.500	0.0000	0.0000	0.0000	0.0000	0.0000	0.0000	0.0000	0.0000	0.0000	0.0000	0.0000	0.0000	0.0000	0.0000	0.0000	0.0000	0.0000	0.0000	0.0000	0.0000	0.0000	0.0000	0.0000	0.0000	0.000	
16.533	-0.3711	-0.5488	2.9151	-0.2475	-0.9735	2.3374	-0.3471	-1.2162	2.6161	-0.2773	0.2804	2.6513	-0.3660	-0.4297	2.6748	-0.4649	0.0390	3.0903	-0.3170	-0.5424	2.9074	-0.4189	-0.5415	2.8405	0.000	
16.600	-0.3814	-0.5421	2.9042	-0.2473	-0.9628	2.3544	-0.3514	-1.2269	2.6298	-0.3834	0.2093	2.6533	-0.3317	-0.3550	2.6946	-0.5026	0.0484	3.0753	-0.3226	-0.5400	2.9122	-0.4282	-0.5278	2.8152	0.000	
16.633	-0.3765	-0.5391	2.9202	-0.2339	-0.9779	2.3789	-0.3566	-1.1854	2.6456	-0.3709	0.2000	2.6679	-0.3394	-0.3567	2.6993	-0.5123	0.0475	3.0980	-0.3209	-0.5329	2.9098	-0.4177	-0.5379	2.8801	0.000	
16.700	-0.3639	-0.5490	2.9310	-0.2478	-0.9675	2.3964	-0.3457	-1.1929	2.6689	-0.3921	0.1620	2.6587	-0.3454	-0.3503	2.7173	-0.5384	0.0512	3.1238	-0.3068	-0.5434	2.9282	-0.4020	-0.5492	2.8625	0.000	
16.733	0.0000	0.0000	0.0000	0.0000	0.0000	0.0000	0.0000	0.0000	0.0000	0.0000	0.0000	0.0000	0.0000	0.0000	0.0000	0.0000	0.0000	0.0000	0.0000	0.0000	0.0000	0.0000	0.0000	0.0000	0.000	
16.800	-0.3767	-0.5592	2.9815	-0.3871	-1.0549	2.3837	-0.3282	-1.2017	2.7106	-0.3850	0.1669	2.7304	-0.3582	-0.4353	2.7404	-0.5661	0.0697	3.2168	-0.3300	-0.5393	2.9351	-0.4130	-0.5646	2.9516	0.000	
16.833	-0.3771	-0.5590	2.9821	-0.3219	-1.0525	2.3784	-0.3403	-1.2184	2.7407	-0.3494	0.1560	2.7267	-0.3499	-0.3674	2.7674	-0.5633	0.0613	3.2094	-0.3305	-0.5394	2.9352	-0.4133	-0.5641	2.9533	0.000	
16.900	-0.3670	-0.6628	2.9919	-0.4624	-1.1676	2.5608	-0.4055	-1.3002	2.8584	-0.2653	0.0983	2.7054	-0.3561	-0.3659	2.8024	-0.5052	-0.1462	3.1056	-0.3153	-0.6526	2.9476	-0.4093	-0.6561	2.9594	0.000	
16.933	-0.3606	-0.6837	3.0038	-0.3156	-1.2847	2.8667	-0.4439	-1.3158	2.8920	-0.4309	-0.1462	2.8014	-0.5261	-0.4953	2.8178	-0.5252	-0.2992	3.0933	-0.2962	-0.6747	2.9628	-0.4134	-0.6784	2.9701	0.000	
17.000	-0.3651	-0.6983	3.0413	-0.2860	-1.2709	2.8680	-0.2868	-1.1853	2.7958	-0.4242	-0.1557	2.7970	-0.5106	-0.4901	2.8086	-0.5213	-0.3061	3.0984	-0.2982	-0.6917	2.9915	-0.4229	-0.6873	3.0143	0.000	
17.066	-0.3911	-0.8100	3.1210	-0.3759	-1.2859	2.8418	-0.2864	-1.0073	2.8840	-0.3789	-0.2245	2.6988	-0.4480	-0.5049	2.8291	-0.5020	-0.3264	3.1178	-0.2983	-0.8082	3.0522	-0.4743	-0.7920	3.1137	0.000	
17.100	0.0000	0.0000	0.0000	0.0000	0.0000	0.0000	0.0000	0.0000	0.0000	0.0000	0.0000	0.0000	0.0000	0.0000	0.0000	0.0000	0.0000	0.0000	0.0000	0.0000	0.0000	0.0000	0.0000	0.0000	0.000	
17.166	0.0000	0.0000	0.0000	0.0000	0.0000	0.0000	0.0000	0.0000	0.0000	0.0000	0.0000	0.0000	0.0000	0.0000	0.0000	0.0000	0.0000	0.0000	0.0000	0.0000	0.0000	0.0000	0.0000	0.0000	0.000	
17.200	0.0000	0.0000	0.0000	0.0000	0.0000	0.0000	0.0000	0.0000	0.0000	0.0000	0.0000	0.0000	0.0000	0.0000	0.0000	0.0000	0.0000	0.0000	0.0000	0.0000	0.0000	0.0000	0.0000	0.0000	0.000	
17.266	0.0000	0.0000	0.0000	0.0000	0.0000	0.0000	0.0000	0.0000	0.0000	0.0000	0.0000	0.0000	0.0000	0.0000	0.0000	0.0000	0.0000	0.0000	0.0000	0.0000	0.0000	0.0000	0.0000	0.0000	0.000	
17.333	0.0000	0.0000	0.0000	0.0000	0.0000	0.0000	0.0000	0.0000	0.0000	0.0000	0.0000	0.0000	0.0000	0.0000	0.0000	0.0000	0.0000	0.0000	0.0000	0.0000	0.0000	0.0000	0.0000	0.0000	0.000	
17.366	-0.3558	-0.9863	3.2518	-0.4408	-1.2685	2.9050	-0.6949	-1.2485	2.9589	-0.4747	-0.4048	2.7123	-0.4343	-0.6338	2.8622	-0.5175	-0.3596	3.0776	-0.2924	-0.9649	3.2057	-0.4110	-0.9848	3.2225	0.000	
17.433	-0.3626	-1.0059	3.2605	-0.4399	-1.2701	2.9051	-0.5579	-1.2562	2.8825	-0.4862	-0.4718	2.7174	-0.4283	-0.6761	2.8779	-0.5242	-0.4068	3.0888	-0.3010	-0.9837	3.2219	-0.4165	-1.0056	3.2244	0.000	
17.466	-0.3695	-1.0231	3.2635	-0.4384	-1.2717	2.9052	-0.5499	-1.2562	2.8815	-0.6161	-0.6615	2.8336	-0.3619	-0.4099	2.9195	-0.5176	-0.4075	3.0925	-0.3088	-0.9989	3.2290	-0.4222	-1.0246	3.2231	0.000	
17.500	-0.3760	-1.0405	3.2663	-0.4691	-1.2957	2.8609	-0.5303	-1.2480	2.8651	-0.6187	-0.6694	2.8239	-0.3640	-0.4135	2.9254	-0.5174	-0.4070	3.0938	-0.3132	-1.0154	3.2337	-0.4303	-1.0419	3.2238	0.000	
17.566	-0.3949	-1.0199	3.2528	-0.3473	-1.2368	2.9031	-0.5641	-1.2567	2.8448	-0.6233	-0.6753	2.8200	-0.4453	-0.5165	2.9288	-0.6066	-0.3636	3.1203	-0.3132	-0.9936	3.2160	-0.4692	-1.0277	3.2131	0.000	
17.600	-0.3968	-1.0293	3.2576	-0.3460	-1.2390	2.9063	-0.5574	-1.2646	2.8487	-0.6214	-0.6735	2.8191	-0.5046	-0.4211	3.0856	-0.6101	-0.3664	3.1350	-0.3150	-1.0112	3.2160	-0.4707	-1.0303	3.2237	0.000	
17.666	-0.3993	-1.0403	3.2695	-0.4947	-1.2830	2.8416	-0.4312	-1.2151	2.8367	-0.6165	-0.6722	2.8169	-0.5823	-0.3936	3.1192	-0.5826	-0.3662	3.1612	-0.3141	-1.0258	3.2115	-0.4773	-1.0350	3.2656	0.000	
17.733	-0.3699	-1.0625	3.2960	-0.4658	-1.3501	2.9289	-0.3823	-1.2056	2.8900	-0.6081	-0.6812	2.8186	-0.5611	-0.3890	3.1508	-0.5736	-0.3667	3.2493	-0.2822	-1.0452	3.2436	-0.4472	-1.0542	3.2759	0.000	
17.766	-0.3643	-1.0627	3.3002	-0.4631	-1.2845	2.9119	-0.3797	-1.2064	2.8944	-0.6052	-0.6814	2.8196	-0.4759	-0.4281	3.2165	-0.5676	-0.3672	3.2921	-0.2778	-1.0450	3.2421	-0.4395	-1.0559	3.2902	0.000	
17.833	-0.3684	-1.0560	3.3050	-0.4768	-1.2850	2.9201	-0.3764	-1.2069	2.8948	-0.5605	-0.6907	2.8450	-0.5769	-0.4495	3.4899	-0.5795	-0.3408	3.3530	-0.2807	-1.0406	3.2442	-0.4463	-1.0475	3.2942	0.000	
17.866	-0.3726	-1.0492	3.3095	-0.4757	-1.2853	2.9199	-0.3746	-1.2053	2.8953	-0.5526	-0.6899	2.8519	-0.5772	-0.4481	3.4962	-0.5584	-0.3451	3.3905	-0.2835	-1.0355	3.2413	-0.4553	-1.0354	3.3114	0.000	
17.933	-0.3756	-1.0430	3.3118	-0.4757	-1.2852	2.9208	-0.3746	-1.2004	2.8948	-0.5448	-0.6834	2.8613	-0.5712	-0.4438	3.5622	-0.5502	-0.3396	3.4098	-0.2856	-1.0291	3.2406	-0.4579	-1.0319	3.3111	0.000	
17.966	-0.3774	-1.0414	3.3099	-0.4756	-1.2856	2.9212	-0.3740	-1.1994	2.8944	-0.5419	-0.6741	2.8685	-0.4287	-0.4476	3.4041	-0.5448	-0.3340	3.4381	-0.2859	-1.0260	3.2329	-0.4612	-1.0309	3.3110	0.000	
18.033	-0.3819	-1.0376	3.3028	-0.3490	-1.2442	2.8960	-0.3727	-1.1886	2.8845	-0.5578	-0.6634	2.8774	-0.4244	-0.4545	3.4715	-0.5409	-0.3447	3.4736	-0.2866	-1.0225	3.2277	-0.4697	-1.0282	3.3022	0.000	
18.066	-0.3963	-1.0371	3.3267	-0.3268	-1.2309	2.8919	-0.3671	-1.1842	2.8959	-0.5480	-0.6590	2.8885	-0.4242	-0.4532	3.4654	-0.5415	-0.3445	3.4982	-0.3002	-1.0248	3.2465	-0.4836	-1.0252	3.3326	0.000	
18.133	-0.3681	-1.0440	3.4824	-0.3212	-1.2248	2.8901	-0.3298	-1.1949	3.0135	-0.5545	-0.6549	2.8872	-0.4241	-0.4519	3.5030	-0.5436	-0.3436	3.5114	-0.2923	-1.0358	3.3155	-0.4329	-1.0232	3.5634	0.000	
18.166	-0.3604	-1.0676	3.4084	-0.3248	-1.2267	2.8923	-0.3571	-1.1848	2.9088	-0.5700	-0.6470	2.8866	-0.3383	-0.5280	3.4871	-0.5415	-0.3407	3.5237	-0.2820	-1.0420	3.3050	-0.4388	-1.0647	3.4447	0.000	
18.233	-0.3677	-1.0472	3.4017	-0.3291	-1.2288	2.8940	-0.3596	-1.1812	2.8913	-0.5626	-0.6419	2.9005	-0.3387	-0.5234	3.5149	-0.5413	-0.3342	3.5396	-0.2926	-1.0296	3.2657	-0.4415	-1.0462	3.4320	0.000	
18.266	-0.3670	-1.0491	3.3998	-0.3298	-1.2284	2.8940	-0.3591	-1.1816	2.8906	-0.5586	-0.6401	2.9066	-0.3367	-0.5238	3.5179	-0.5363	-0.3321	3.5425	-0.2874	-1.0305	3.2717	-0.4416	-1.0479	3.4317	0.000	
18.333	-0.3801	-1.0670	3.4326	-0.3264	-1.2324	2.9024	-0.3632	-1.1851	2.8813	-0.5595	-0.6393	2.9073	-0.3366	-0.5234	3.5194	-0.5363	-0.3322	3.5518	-0.2801	-1.0545	3.3810	-0.4665	-1.0571	3.4204	0.000	
18.366	-0.3860	-1.0713	3.4055	-0.3340	-1.2295	2.8888	-0.3781	-1.1904	2.8614	-0.5015	-0.6211	2.9792	-0.3367	-0.5237	3.5199	-0.5348	-0.3319	3.5549	-0.2827	-1.0577	3.3552	-0.4838	-1.0628	3.3721	0.000	
18.433	-0.3690	-0.9530	3.3669	-0.3536	-1.1884	2.8753	-0.4375	-1.1223	2.8792	-0.5558	-0.6476	2.8943	-0.3371	-0.5231	3.5164	-0.5204	-0.3488	3.5326	-0.2933	-0.9434	3.3285	-0.4378	-0.9441	3.3411	0.000	
18.466	-0.3694	-0.9511	3.3653	-0.4389	-1.1773	2.8579	-0.4302	-1.1230	2.8754	-0.5560	-0.6476	2.8940	-0.3375	-0.5228	3.5162	-0.5217	-0.3485	3.5316	-0.2942	-0.9418	3.3272	-0.4376	-0.9420	3.3395	0.000	
18.533	-0.3441	-0.9243	3.3342	-0.4388	-1.1779	2.8568	-0.4878	-1.2082	2.8570	-0.5554	-0.6477	2.8927	-0.3376	-0.5233	3.5132	-0.5249	-0.3494	3.5235	-0.2739	-0.9155	3.2543	-0.4170	-0.9188	3.3727	0.000	
18.566	-0.3460	-0.9249	3.3359	-0.4397	-1.1778	2.8563	-0.4902	-1.2105	2.8570	-0.5294	-0.6476	2.9020	-0.3380	-0.5237	3.5121	-0.5260	-0.3500	3.5172	-0.2750	-0.9156	3.2522	-0.4170	-0.9189	3.3728	0.000	
18.600	-0.3469	-0.9251	3.3366	-0.4403	-1.1780	2.8563	-0.4912	-1.2120	2.8570	-0.5292	-0.6476	2.9020	-0.3385	-0.5241	3.5109	-0.5256	-0.3500	3.5130	-0.2762	-0.9158	3.2492	-0.4170	-0.9189	3.3734	0.000	
18.666	-0.3479	-0.9253	3.3371	-0.4431	-1.1792	2.8561	-0.4948	-1.2152	2.8570	-0.5468	-0.6483	2.8844	-0.3346	-0.5225	3.4965	-0.5239	-0.3478	3.4993	-0.2770	-0.9162	3.2486	-0.4168	-0.9186	3.3727	0.000	
18.733	-0.3488	-0.9250	3.3379	-0.4443	-1.1807	2.8573	-0.5411	-1.1680	2.8884	-0.5215	-0.6527	2.8978	-0.3336	-0.5225	3.4925	-0.5238	-0.3470	3.4851	-0.2819	-0.9088	3.2519	-0.4132	-0.9228	3.3694	0.000	
18.766	-0.3472	-0.9204	3.3206	-0.4450	-1.1811	2.8587	-0.5411	-1.1680	2.8884	-0.5214	-0.6533	2.8974	-0.3334	-0.5230	3.4891	-0.5226	-0.3441	3.4763	-0.2812	-0.8987	3.2374	-0.4063	-0.9252	3.3346	0.000	
18.833	-0.3465	-0.9151	3.3366	-0.4606	-1.1846	2.8672	-0.5474	-1.1764	2.8831	-0.5389	-0.6589	2.8778	-0.3337	-0.5207	3.4713	-0.5276	-0.3399	3.4645	-0.2816	-0.8947	3.2521	-0.4045	-0.9178	3.3602	0.000	
18.866	-0.3396	-0.8722	3.2924	-0.4585	-1.1854	2.8670	-0.5505	-1.1754	2.8843	-0.5377	-0.6582	2.8786	-0.3331	-0.5211	3.4719	-0.5215	-0.3398	3.4589	-0.2687	-0.8477	3.2111	-0.4041	-0.8804	3.3117	0.000	
18.933	-0.3829	-0.8816	3.3570	-0.4587	-1.1787	2.8644	-0.4661	-1.1274	2.8743	-0.5444	-0.6596	2.8699	-0.3274	-0.5197	3.4534	-0.5198	-0.3327	3.4480	-0.3125	-0.8777	3.2573	-0.4428	-0.8707	3.3852	0.000	
18.966	-0.3412	-0.8759	3.3153	-0.4564	-1.1852	2.8649	-0.4661	-1.1275	2.8738	-0.5425	-0.6604	2.8697	-0.3251	-0.5206	3.4496	-0.5165	-0.3314	3.4457	-0.2728	-0.8583	3.2283	-0.4031	-0.8774	3.3413	0.000	
19.033	-0.3569	-0.8788	3.3264	-0.4538	-1.1887	2.8665	-0.4693	-1.1480	2.8673	-0.5362	-0.6623	2.8717	-0.3229	-0.5203	3.4460	-0.5133	-0.3320	3.4416	-0.2894	-0.8722	3.2447	-0.4188	-0.8702	3.3491	0.000	
19.066	-0.3631	-0.8862	3.3297	-0.4538	-1.1891	2.8662	-0.4692	-1.1508	2.8664	-0.5345	-0.6637	2.8710	-0.3224	-0.5203	3.4445	-0.5134	-0.3282	3.4371	-0.2968	-0.8784	3.2458	-0.4231	-0.8785	3.3543	0.000	
19.133	-0.3641	-0.8866	3.3297	-0.4567	-1.1883	2.8638	-0.4704	-1.1394	2.8715	-0.5304	-0.6653	2.8723	-0.3210	-0.5192	3.4397	-0.5095	-0.3213	3.4286	-0.2992	-0.8784	3.2510	-0.4235	-0.8788	3.3513	0.000	
19.166	-0.3677	-0.8902	3.3260	-0.4568	-1.1888	2.8635	-0.4709	-1.1446	2.8688	-0.5301	-0.6663	2.8730	-0.3205	-0.5192	3.4392	-0.5092	-0.3217	3.4281	-0.3013	-0.8811	3.2483	-0.4288	-0.8835	3.3451	0.000	
19.233	-0.3668	-0.8899	3.3191	-0.4597	-1.1864	2.8644	-0.4718	-1.1502	2.8678	-0.5284	-0.6671	2.8738	-0.3201	-0.5193	3.4383	-0.5069	-0.3195	3.4249	-0.2993	-0.8786	3.2292	-0.4277	-0.8852	3.3471	0.000	
19.266	-0.3639	-0.8914	3.3167	-0.4596	-1.1853	2.8648	-0.4722	-1.1509	2.8674	-0.5270	-0.6671	2.8748	-0.3173	-0.5192	3.4339	-0.5039	-0.3206	3.4200	-0.2967	-0.8798	3.2286	-0.4246	-0.8869	3.3434	0.000	
19.333	-0.3941	-0.8920	3.3179	-0.4523	-1.1906	2.8649	-0.4844	-1.1553	2.8717	-0.5258	-0.6683	2.8752	-0.3168	-0.5182	3.4327	-0.5034	-0.3208	3.4188	-0.3290	-0.8868	3.2343	-0.4525	-0.8818	3.3425	0.000	
19.366	-0.3948	-0.8926	3.3175	-0.4542	-1.1890	2.8663	-0.4874	-1.1548	2.8725	-0.5254	-0.6684	2.8755	-0.3168	-0.5185	3.4326	-0.5031	-0.3207	3.4177	-0.3296	-0.8875	3.2328	-0.4537	-0.8826	3.3433	0.000	
19.433	-0.3963	-0.8920	3.3176	-0.4569	-1.1878	2.8672	-0.4795	-1.1605	2.8717	-0.5253	-0.6690	2.8749	-0.3153	-0.5174	3.4293	-0.4970	-0.3187	3.4140	-0.3298	-0.8873	3.2328	-0.4576	-0.8810	3.3445	0.000	
19.466	-0.3967	-0.8914	3.3177	-0.4558	-1.1894	2.8667	-0.4889	-1.1626	2.8731	-0.5280	-0.6693	2.8728	-0.3142	-0.5170	3.4268	-0.4976	-0.3186	3.4124	-0.3304	-0.8869	3.2323	-0.4578	-0.8801	3.3456	0.000	
19.533	-0.3988	-0.8857	3.3166	-0.4569	-1.1890	2.8679	-0.4868	-1.1635	2.8717	-0.5294	-0.6692	2.8739	-0.3127	-0.5153	3.4227	-0.4956	-0.3167	3.4082	-0.3334	-0.8813	3.2358	-0.4584	-0.8726	3.3391	0.000	
19.566	-0.3990	-0.8870	3.3153	-0.4583	-1.1876	2.8677	-0.5761	-1.1452	2.8590	-0.5293	-0.6695	2.8737	-0.3130	-0.5156	3.4237	-0.4947	-0.3160	3.4060	-0.3337	-0.8830	3.2347	-0.4584	-0.8742	3.3373	0.000	
19.633	-0.3990	-0.8871	3.3147	-0.4604	-1.1865	2.8699	-0.5765	-1.1455	2.8584	-0.5298	-0.6705	2.8727	-0.3108	-0.5150	3.4213	-0.4918	-0.3141	3.4001	-0.3335	-0.8840	3.2305	-0.4583	-0.8749	3.3396	0.000	
19.666	-0.3989	-0.8867	3.3145	-0.4604	-1.1865	2.8699	-0.5851	-1.1436	2.8583	-0.5299	-0.6706	2.8726	-0.3110	-0.5152	3.4221	-0.4905	-0.3130	3.3986	-0.3336	-0.8839	3.2304	-0.4576	-0.8739	3.3393	0.000	
19.733	-0.3992	-0.8876	3.3131	-0.4616	-1.1868	2.8703	-0.5552	-1.1475	2.8565	-0.5307	-0.6710	2.8716	-0.3112	-0.5153	3.4225	-0.4889	-0.3112	3.3940	-0.3332	-0.8847	3.2290	-0.4587	-0.8750	3.3368	0.000	
19.766	-0.3992	-0.8874	3.3128	-0.4616	-1.1867	2.8702	-0.5707	-1.1488	2.8549	-0.5287	-0.6709	2.8732	-0.3091	-0.5144	3.4181	-0.4889	-0.3108	3.3934	-0.3333	-0.8847	3.2289	-0.4585	-0.8744	3.3365	0.000	
19.833	-0.3988	-0.8860	3.3052	-0.4615	-1.1868	2.8701	-0.5605	-1.1511	2.8554	-0.5302	-0.6706	2.8730	-0.3080	-0.5136	3.4130	-0.4892	-0.3122	3.3896	-0.3307	-0.8821	3.2190	-0.4597	-0.8741	3.3321	0.000	
19.866	-0.3986	-0.8861	3.3048	-0.4616	-1.1870	2.8703	-0.5630	-1.1503	2.8559	-0.5313	-0.6707	2.8721	-0.3099	-0.5147	3.4165	-0.4864	-0.3091	3.3885	-0.3306	-0.8817	3.2194	-0.4588	-0.8756	3.3296	0.000	
19.933	-0.3974	-0.8868	3.3034	-0.4638	-1.1873	2.8708	-0.5648	-1.1504	2.8541	-0.5309	-0.6709	2.8722	-0.3105	-0.5152	3.4180	-0.4819	-0.3034	3.3806	-0.3297	-0.8813	3.2204	-0.4567	-0.8783	3.3244	0.000	
19.966	-0.3986	-0.8866	3.3039	-0.4642	-1.1874	2.8715	-0.5609	-1.1511	2.8540	-0.5305	-0.6719	2.8720	-0.3106	-0.5153	3.4184	-0.4777	-0.3020	3.3796	-0.3313	-0.8808	3.2217	-0.4583	-0.8782	3.3254	0.000	
20.033	0.0000	0.0000	0.0000	0.0000	0.0000	0.0000	0.0000	0.0000	0.0000	0.0000	0.0000	0.0000	0.0000	0.0000	0.0000	0.0000	0.0000	0.0000	0.0000	0.0000	0.0000	0.0000	0.0000	0.0000	0.000	
20.066	0.0000	0.0000	0.0000	0.0000	0.0000	0.0000	0.0000	0.0000	0.0000	0.0000	0.0000	0.0000	0.0000	0.0000	0.0000	0.0000	0.0000	0.0000	0.0000	0.0000	0.0000	0.0000	0.0000	0.0000	0.000	
20.133	0.0000	0.0000	0.0000	0.0000	0.0000	0.0000	0.0000	0.0000	0.0000	0.0000	0.0000	0.0000	0.0000	0.0000	0.0000	0.0000	0.0000	0.0000	0.0000	0.0000	0.0000	0.0000	0.0000	0.0000	0.000	
20.166	0.0000	0.0000	0.0000	0.0000	0.0000	0.0000	0.0000	0.0000	0.0000	0.0000	0.0000	0.0000	0.0000	0.0000	0.0000	0.0000	0.0000	0.0000	0.0000	0.0000	0.0000	0.0000	0.0000	0.0000	0.000	
20.233	0.0000	0.0000	0.0000	0.0000	0.0000	0.0000	0.0000	0.0000	0.0000	0.0000	0.0000	0.0000	0.0000	0.0000	0.0000	0.0000	0.0000	0.0000	0.0000	0.0000	0.0000	0.0000	0.0000	0.0000	0.000	
20.266	0.0000	0.0000	0.0000	0.0000	0.0000	0.0000	0.0000	0.0000	0.0000	0.0000	0.0000	0.0000	0.0000	0.0000	0.0000	0.0000	0.0000	0.0000	0.0000	0.0000	0.0000	0.0000	0.0000	0.0000	0.000	
20.333	0.0000	0.0000	0.0000	0.0000	0.0000	0.0000	0.0000	0.0000	0.0000	0.0000	0.0000	0.0000	0.0000	0.0000	0.0000	0.0000	0.0000	0.0000	0.0000	0.0000	0.0000	0.0000	0.0000	0.0000	0.000	
20.366	-0.3996	-0.8988	3.3012	-0.4634	-1.1864	2.8729	-0.5437	-1.1675	2.8802	-0.5241	-0.6730	2.8785	-0.2995	-0.5263	3.3862	-0.4715	-0.3145	3.3555	-0.3311	-0.8965	3.2230	-0.4609	-0.8865	3.3220	0.000	
20.433	-0.3968	-0.9003	3.3000	-0.4631	-1.1859	2.8730	-0.5437	-1.1679	2.8804	-0.5226	-0.6727	2.8800	-0.2977	-0.5328	3.3748	-0.4698	-0.3179	3.3537	-0.3261	-0.8978	3.2169	-0.4579	-0.8890	3.3234	0.000	
20.466	-0.3966	-0.9007	3.2999	-0.4625	-1.1855	2.8726	-0.5438	-1.1685	2.8808	-0.5212	-0.6733	2.8796	-0.2971	-0.5340	3.3719	-0.4696	-0.3192	3.3516	-0.3262	-0.8989	3.2192	-0.4578	-0.8894	3.3222	0.000	
20.533	-0.3945	-0.9023	3.2993	-0.4622	-1.1854	2.8724	-0.5438	-1.1687	2.8807	-0.5195	-0.6730	2.8798	-0.2938	-0.5357	3.3669	-0.4689	-0.3219	3.3470	-0.3251	-0.8999	3.2208	-0.4550	-0.8912	3.3196	0.000	
20.566	-0.3921	-0.9009	3.3011	-0.4623	-1.1852	2.8720	-0.5424	-1.1699	2.8797	-0.5191	-0.6728	2.8802	-0.2945	-0.5351	3.3698	-0.4703	-0.3220	3.3460	-0.3220	-0.8964	3.2259	-0.4536	-0.8906	3.3200	0.000	
20.633	-0.3803	-0.9029	3.2771	-0.4611	-1.1911	2.8682	-0.5424	-1.1670	2.8787	-0.5196	-0.6731	2.8777	-0.2924	-0.5385	3.3662	-0.4699	-0.3259	3.3442	-0.3066	-0.8941	3.1891	-0.4461	-0.8946	3.3059	0.000	
20.666	-0.3719	-0.9013	3.2963	-0.4623	-1.1940	2.8674	-0.5314	-1.1138	2.8581	-0.5624	-0.6697	2.8476	-0.2934	-0.5374	3.3696	-0.4708	-0.3252	3.3433	-0.3031	-0.8949	3.2037	-0.4317	-0.8910	3.3341	0.000	
20.733	-0.3804	-0.9048	3.3053	-0.4615	-1.1951	2.8645	-0.5037	-1.1616	2.8741	-0.5334	-0.6691	2.8741	-0.2884	-0.5431	3.3639	-0.4675	-0.3312	3.3419	-0.3139	-0.9040	3.2283	-0.4412	-0.8925	3.3318	0.000	
20.766	-0.3880	-0.9066	3.3076	-0.4612	-1.1953	2.8646	-0.5038	-1.1620	2.8743	-0.5319	-0.6682	2.8762	-0.2877	-0.5448	3.3629	-0.4678	-0.3337	3.3388	-0.3227	-0.9049	3.2300	-0.4464	-0.8939	3.3323	0.000	
20.833	-0.3994	-0.9055	3.3138	-0.4592	-1.1954	2.8651	-0.5062	-1.1643	2.8758	-0.5255	-0.6659	2.8806	-0.2873	-0.5455	3.3616	-0.4681	-0.3346	3.3382	-0.3344	-0.9055	3.2359	-0.4574	-0.8905	3.3368	0.000	
20.866	-0.3991	-0.9052	3.3152	-0.4581	-1.1956	2.8659	-0.5063	-1.1648	2.8760	-0.5249	-0.6656	2.8811	-0.2870	-0.5456	3.3614	-0.4678	-0.3346	3.3384	-0.3340	-0.9051	3.2379	-0.4573	-0.8903	3.3374	0.000	
20.933	-0.3937	-0.9059	3.3126	-0.4574	-1.1959	2.8652	-0.5049	-1.1644	2.8755	-0.5229	-0.6645	2.8828	-0.2862	-0.5456	3.3602	-0.4666	-0.3344	3.3374	-0.3265	-0.9051	3.2353	-0.4534	-0.8917	3.3344	0.000	
20.966	-0.3949	-0.9061	3.3148	-0.4583	-1.1893	2.8647	-0.5049	-1.1643	2.8755	-0.5218	-0.6646	2.8832	-0.2862	-0.5456	3.3600	-0.4665	-0.3343	3.3372	-0.3293	-0.9054	3.2374	-0.4537	-0.8917	3.3369	0.000	
21.033	-0.3878	-0.9052	3.3069	-0.4577	-1.1907	2.8643	-0.5052	-1.1647	2.8760	-0.5207	-0.6640	2.8845	-0.2863	-0.5456	3.3597	-0.4672	-0.3346	3.3375	-0.3187	-0.9009	3.2291	-0.4485	-0.8924	3.3288	0.000	
21.066	-0.3859	-0.9053	3.3058	-0.4577	-1.1910	2.8649	-0.5050	-1.1651	2.8762	-0.5195	-0.6636	2.8856	-0.2862	-0.5456	3.3596	-0.4670	-0.3345	3.3371	-0.3165	-0.9015	3.2271	-0.4475	-0.8925	3.3284	0.000	
21.133	-0.3853	-0.9055	3.3044	-0.4574	-1.1883	2.8652	-0.5057	-1.1641	2.8764	-0.5167	-0.6647	2.8836	-0.2860	-0.5456	3.3595	-0.4667	-0.3344	3.3372	-0.3160	-0.9018	3.2259	-0.4471	-0.8929	3.3265	0.000	
21.166	-0.3844	-0.9045	3.3051	-0.4569	-1.1888	2.8648	-0.5058	-1.1642	2.8755	-0.5163	-0.6649	2.8835	-0.2861	-0.5456	3.3595	-0.4667	-0.3344	3.3371	-0.3151	-0.8996	3.2281	-0.4464	-0.8927	3.3265	0.000	
