% Time	SBX	SBY	SBZ	FRX	FRY	FRZ	FLX	FLY	FLZ	WRX	WRY	WRZ	WLX	WLY	WLZ	HDX	HDY	HDZ	HRX	HRY	HRZ	HRLX	HLY	HLZ	SpdCom	ax	ay	az	gx	gy	gz	mx	my	mz	Angle
0.033	-0.1484	-0.1575	2.3437	0.0935	-0.8831	2.2337	-0.4307	-0.8810	2.1369	0.0592	-0.1527	2.2903	-0.3577	-0.1391	2.1721	-0.1654	0.6194	2.4649	-0.0696	-0.1552	2.3222	-0.2222	-0.1547	2.2872	0.000	
0.100	-0.1484	-0.1576	2.3438	0.0929	-0.8797	2.2352	-0.4314	-0.8804	2.1375	0.0588	-0.1559	2.2890	-0.3578	-0.1366	2.1735	-0.1657	0.6190	2.4650	-0.0697	-0.1553	2.3224	-0.2223	-0.1547	2.2873	0.000	
0.133	-0.1484	-0.1576	2.3439	0.0930	-0.8798	2.2352	-0.4320	-0.8804	2.1406	0.0590	-0.1528	2.2895	-0.3582	-0.1356	2.1738	-0.1657	0.6191	2.4652	-0.0697	-0.1553	2.3225	-0.2223	-0.1547	2.2873	0.000	
0.200	-0.1487	-0.1576	2.3441	0.0925	-0.8801	2.2349	-0.4315	-0.8798	2.1369	0.0594	-0.1508	2.2906	-0.3586	-0.1348	2.1738	-0.1661	0.6194	2.4655	-0.0699	-0.1552	2.3225	-0.2227	-0.1549	2.2879	0.000	
0.233	-0.1488	-0.1576	2.3443	0.0924	-0.8801	2.2349	-0.4319	-0.8801	2.1384	0.0594	-0.1507	2.2907	-0.3590	-0.1345	2.1740	-0.1661	0.6194	2.4655	-0.0701	-0.1552	2.3227	-0.2228	-0.1549	2.2879	0.000	
0.300	-0.1490	-0.1576	2.3442	0.0922	-0.8802	2.2351	-0.4321	-0.8809	2.1394	0.0595	-0.1493	2.2911	-0.3594	-0.1341	2.1739	-0.1662	0.6193	2.4656	-0.0703	-0.1553	2.3227	-0.2229	-0.1549	2.2879	0.000	
0.367	-0.1490	-0.1577	2.3442	0.0917	-0.8788	2.2366	-0.4323	-0.8810	2.1410	0.0595	-0.1488	2.2912	-0.3594	-0.1397	2.1716	-0.1664	0.6196	2.4661	-0.0704	-0.1553	2.3226	-0.2230	-0.1549	2.2880	0.000	
0.400	-0.1491	-0.1577	2.3442	0.0916	-0.8788	2.2367	-0.4328	-0.8794	2.1352	0.0596	-0.1482	2.2912	-0.3594	-0.1378	2.1720	-0.1666	0.6195	2.4661	-0.0704	-0.1553	2.3224	-0.2230	-0.1549	2.2880	0.000	
0.467	-0.1491	-0.1577	2.3441	0.0920	-0.8803	2.2364	-0.4325	-0.8793	2.1346	0.0595	-0.1478	2.2912	-0.3595	-0.1365	2.1726	-0.1667	0.6196	2.4660	-0.0704	-0.1554	2.3224	-0.2231	-0.1550	2.2879	0.000	
0.500	-0.1491	-0.1577	2.3442	0.0919	-0.8803	2.2366	-0.4320	-0.8790	2.1336	0.0595	-0.1474	2.2916	-0.3596	-0.1358	2.1729	-0.1669	0.6197	2.4661	-0.0704	-0.1554	2.3225	-0.2231	-0.1550	2.2879	0.000	
0.567	-0.1493	-0.1578	2.3441	0.0923	-0.8810	2.2360	-0.4316	-0.8784	2.1320	0.0583	-0.1565	2.2865	-0.3595	-0.1351	2.1730	-0.1673	0.6195	2.4662	-0.0706	-0.1554	2.3221	-0.2232	-0.1551	2.2880	0.000	
0.600	-0.1493	-0.1578	2.3441	0.0917	-0.8805	2.2361	-0.4316	-0.8782	2.1317	0.0585	-0.1543	2.2875	-0.3596	-0.1348	2.1730	-0.1674	0.6195	2.4664	-0.0706	-0.1554	2.3220	-0.2232	-0.1551	2.2880	0.000	
0.667	-0.1493	-0.1579	2.3441	0.0945	-0.8852	2.2349	-0.4317	-0.8787	2.1335	0.0587	-0.1500	2.2897	-0.3596	-0.1340	2.1731	-0.1676	0.6195	2.4666	-0.0707	-0.1556	2.3221	-0.2233	-0.1551	2.2881	0.000	
0.733	-0.1494	-0.1579	2.3441	0.0942	-0.8848	2.2350	-0.4342	-0.8800	2.1416	0.0589	-0.1533	2.2881	-0.3596	-0.1336	2.1732	-0.1679	0.6195	2.4668	-0.0707	-0.1556	2.3221	-0.2234	-0.1552	2.2881	0.000	
0.800	-0.1495	-0.1579	2.3441	0.0939	-0.8847	2.2348	-0.4340	-0.8798	2.1420	0.0589	-0.1516	2.2891	-0.3597	-0.1331	2.1734	-0.1680	0.6199	2.4671	-0.0709	-0.1556	2.3220	-0.2236	-0.1552	2.2882	0.000	
0.833	-0.1496	-0.1579	2.3441	0.0960	-0.8904	2.2318	-0.4328	-0.8796	2.1402	0.0586	-0.1512	2.2889	-0.3597	-0.1329	2.1732	-0.1683	0.6196	2.4670	-0.0710	-0.1556	2.3220	-0.2236	-0.1549	2.2880	0.000	
0.900	-0.1496	-0.1580	2.3440	0.0952	-0.8903	2.2325	-0.4328	-0.8799	2.1390	0.0586	-0.1502	2.2893	-0.3597	-0.1327	2.1730	-0.1688	0.6196	2.4674	-0.0710	-0.1557	2.3219	-0.2236	-0.1551	2.2880	0.000	
0.967	-0.1497	-0.1580	2.3441	0.0941	-0.8875	2.2338	-0.4326	-0.8772	2.1296	0.0585	-0.1486	2.2900	-0.3597	-0.1372	2.1726	-0.1689	0.6195	2.4674	-0.0711	-0.1557	2.3217	-0.2238	-0.1552	2.2883	0.000	
1.033	-0.1498	-0.1581	2.3440	0.0958	-0.8884	2.2324	-0.4322	-0.8775	2.1312	0.0585	-0.1481	2.2898	-0.3595	-0.1361	2.1724	-0.1691	0.6193	2.4674	-0.0711	-0.1557	2.3215	-0.2239	-0.1553	2.2882	0.000	
1.067	-0.1498	-0.1581	2.3440	0.0952	-0.8872	2.2342	-0.4312	-0.8800	2.1403	0.0585	-0.1478	2.2897	-0.3596	-0.1353	2.1725	-0.1692	0.6194	2.4675	-0.0711	-0.1558	2.3215	-0.2239	-0.1554	2.2882	0.000	
1.133	-0.1500	-0.1581	2.3440	0.0950	-0.8874	2.2334	-0.4311	-0.8803	2.1412	0.0567	-0.1579	2.2857	-0.3596	-0.1342	2.1729	-0.1694	0.6194	2.4677	-0.0712	-0.1558	2.3216	-0.2241	-0.1553	2.2882	0.000	
1.167	-0.1500	-0.1581	2.3440	0.0950	-0.8874	2.2335	-0.4312	-0.8804	2.1419	0.0572	-0.1542	2.2872	-0.3598	-0.1340	2.1728	-0.1696	0.6191	2.4679	-0.0712	-0.1558	2.3215	-0.2241	-0.1553	2.2882	0.000	
1.233	-0.1500	-0.1582	2.3441	0.0955	-0.8882	2.2331	-0.4314	-0.8802	2.1419	0.0578	-0.1521	2.2886	-0.3600	-0.1337	2.1729	-0.1696	0.6191	2.4679	-0.0712	-0.1558	2.3216	-0.2241	-0.1554	2.2883	0.000	
1.333	-0.1500	-0.1583	2.3440	0.0951	-0.8882	2.2329	-0.4312	-0.8809	2.1426	0.0576	-0.1553	2.2877	-0.3603	-0.1328	2.1728	-0.1697	0.6188	2.4678	-0.0712	-0.1559	2.3217	-0.2242	-0.1555	2.2882	0.000	
1.367	-0.1500	-0.1583	2.3440	0.0951	-0.8877	2.2327	-0.4313	-0.8809	2.1424	0.0573	-0.1594	2.2851	-0.3603	-0.1327	2.1728	-0.1700	0.6186	2.4677	-0.0712	-0.1559	2.3217	-0.2242	-0.1555	2.2882	0.000	
1.433	-0.1501	-0.1583	2.3440	0.0956	-0.8892	2.2324	-0.4302	-0.8811	2.1404	0.0578	-0.1535	2.2896	-0.3603	-0.1327	2.1728	-0.1702	0.6187	2.4681	-0.0713	-0.1560	2.3217	-0.2242	-0.1555	2.2882	0.000	
1.467	-0.1502	-0.1584	2.3441	0.0953	-0.8886	2.2323	-0.4310	-0.8810	2.1408	0.0580	-0.1523	2.2901	-0.3603	-0.1327	2.1728	-0.1703	0.6187	2.4681	-0.0714	-0.1561	2.3218	-0.2242	-0.1555	2.2882	0.000	
1.533	-0.1502	-0.1584	2.3441	0.0950	-0.8881	2.2323	-0.4324	-0.8789	2.1340	0.0579	-0.1514	2.2907	-0.3604	-0.1323	2.1730	-0.1712	0.6188	2.4684	-0.0714	-0.1561	2.3218	-0.2243	-0.1557	2.2885	0.000	
1.567	-0.1502	-0.1584	2.3441	0.0951	-0.8877	2.2322	-0.4325	-0.8782	2.1321	0.0583	-0.1503	2.2918	-0.3604	-0.1321	2.1730	-0.1716	0.6189	2.4686	-0.0714	-0.1561	2.3218	-0.2244	-0.1557	2.2884	0.000	
1.633	-0.1502	-0.1585	2.3441	0.0947	-0.8875	2.2327	-0.4322	-0.8791	2.1359	0.0572	-0.1544	2.2886	-0.3606	-0.1319	2.1730	-0.1720	0.6188	2.4686	-0.0714	-0.1561	2.3218	-0.2244	-0.1557	2.2884	0.000	
1.700	-0.1503	-0.1585	2.3441	0.0941	-0.8866	2.2334	-0.4320	-0.8797	2.1388	0.0570	-0.1564	2.2876	-0.3607	-0.1319	2.1729	-0.1721	0.6187	2.4685	-0.0715	-0.1562	2.3215	-0.2245	-0.1558	2.2885	0.000	
1.733	-0.1503	-0.1585	2.3441	0.0938	-0.8861	2.2338	-0.4322	-0.8795	2.1380	0.0570	-0.1537	2.2884	-0.3607	-0.1318	2.1728	-0.1722	0.6189	2.4687	-0.0716	-0.1562	2.3214	-0.2245	-0.1558	2.2885	0.000	
1.800	-0.1504	-0.1585	2.3440	0.0954	-0.8883	2.2309	-0.4325	-0.8800	2.1403	0.0574	-0.1510	2.2894	-0.3608	-0.1318	2.1727	-0.1730	0.6188	2.4691	-0.0716	-0.1561	2.3215	-0.2246	-0.1558	2.2885	0.000	
1.833	-0.1504	-0.1585	2.3440	0.0954	-0.8882	2.2311	-0.4325	-0.8801	2.1407	0.0563	-0.1579	2.2853	-0.3610	-0.1320	2.1727	-0.1731	0.6189	2.4691	-0.0717	-0.1562	2.3215	-0.2246	-0.1558	2.2885	0.000	
1.900	-0.1506	-0.1587	2.3440	0.0950	-0.8883	2.2331	-0.4324	-0.8799	2.1396	0.0568	-0.1551	2.2872	-0.3610	-0.1318	2.1726	-0.1735	0.6184	2.4688	-0.0718	-0.1564	2.3216	-0.2247	-0.1560	2.2883	0.000	
