% Time	SBX	SBY	SBZ	FRX	FRY	FRZ	FLX	FLY	FLZ	WRX	WRY	WRZ	WLX	WLY	WLZ	SpdCom	ax	ay	az	gx	gy	gz	mx	my	mz	Angle
0.034	0.0791	-0.2116	1.6344	0.1948	-1.0473	1.8025	-0.0124	-1.0646	1.7846	0.3048	-0.1714	1.5976	-0.2526	-0.2234	1.5775	0.000	0.000	0.0000	0.0000	0.0000	0.0000	0.0000	0.0000	0.0000	0.0000	0.0000	0.000	
0.100	0.0790	-0.2119	1.6350	0.1938	-1.0494	1.8043	0.0160	-1.0390	1.9283	0.3034	-0.1772	1.6017	-0.2527	-0.2238	1.5775	0.000	0.000	0.0000	0.0000	0.0000	0.0000	0.0000	0.0000	0.0000	0.0000	0.0000	0.000	
0.134	0.0788	-0.2121	1.6350	0.1937	-1.0495	1.8047	-0.0129	-1.0667	1.7852	0.3038	-0.1779	1.6025	-0.2526	-0.2237	1.5773	0.000	0.000	0.0000	0.0000	0.0000	0.0000	0.0000	0.0000	0.0000	0.0000	0.0000	0.000	
0.200	0.0783	-0.2121	1.6348	0.1934	-1.0497	1.8051	0.0403	-1.0252	1.9259	0.3041	-0.1731	1.6008	-0.2535	-0.2255	1.5794	0.000	0.000	0.0000	0.0000	0.0000	0.0000	0.0000	0.0000	0.0000	0.0000	0.0000	0.000	
0.234	0.0781	-0.2121	1.6346	0.1935	-1.0500	1.8053	0.0046	-1.0279	1.9399	0.3048	-0.1707	1.5997	-0.2534	-0.2255	1.5792	0.000	0.000	0.0000	0.0000	0.0000	0.0000	0.0000	0.0000	0.0000	0.0000	0.0000	0.000	
0.300	0.0778	-0.2119	1.6344	0.1936	-1.0492	1.8047	0.0269	-1.0387	1.9195	0.3038	-0.1664	1.5998	-0.2538	-0.2259	1.5787	0.000	0.000	0.0000	0.0000	0.0000	0.0000	0.0000	0.0000	0.0000	0.0000	0.0000	0.000	
0.367	0.0777	-0.2118	1.6342	0.1937	-1.0445	1.8002	-0.0126	-1.0643	1.7838	0.3049	-0.1640	1.6010	-0.2552	-0.2260	1.5872	0.000	0.000	0.0000	0.0000	0.0000	0.0000	0.0000	0.0000	0.0000	0.0000	0.0000	0.000	
0.400	0.0775	-0.2118	1.6341	0.1939	-1.0505	1.8041	-0.0121	-1.0654	1.7840	0.3048	-0.1635	1.6002	-0.2552	-0.2260	1.5872	0.000	0.000	0.0000	0.0000	0.0000	0.0000	0.0000	0.0000	0.0000	0.0000	0.0000	0.000	
0.467	0.0775	-0.2118	1.6341	0.1950	-1.0526	1.8057	-0.0120	-1.0652	1.7843	0.3069	-0.1584	1.6053	-0.2522	-0.2224	1.5789	0.000	0.000	0.0000	0.0000	0.0000	0.0000	0.0000	0.0000	0.0000	0.0000	0.0000	0.000	
0.534	0.0766	-0.2119	1.6340	0.1941	-1.0512	1.8056	-0.0123	-1.0640	1.7831	0.3055	-0.1691	1.6031	-0.2531	-0.2236	1.5803	0.000	0.000	0.0000	0.0000	0.0000	0.0000	0.0000	0.0000	0.0000	0.0000	0.0000	0.000	
0.567	0.0766	-0.2119	1.6340	0.1944	-1.0492	1.8041	-0.0124	-1.0648	1.7836	0.3055	-0.1674	1.6016	-0.2535	-0.2253	1.5800	0.000	0.000	0.0000	0.0000	0.0000	0.0000	0.0000	0.0000	0.0000	0.0000	0.0000	0.000	
0.634	0.0765	-0.2118	1.6340	0.1941	-1.0485	1.8037	-0.0121	-1.0649	1.7837	0.3063	-0.1770	1.6086	-0.2554	-0.2257	1.5880	0.000	0.000	0.0000	0.0000	0.0000	0.0000	0.0000	0.0000	0.0000	0.0000	0.0000	0.000	
0.667	0.0762	-0.2119	1.6342	0.1932	-1.0470	1.8031	-0.0125	-1.0671	1.7852	0.3054	-0.1711	1.6038	-0.2558	-0.2270	1.5887	0.000	0.000	0.0000	0.0000	0.0000	0.0000	0.0000	0.0000	0.0000	0.0000	0.0000	0.000	
0.734	0.0759	-0.2120	1.6345	0.1950	-1.0515	1.8074	-0.0135	-1.0646	1.7854	0.3053	-0.1770	1.6076	-0.2557	-0.2271	1.5884	0.000	0.000	0.0000	0.0000	0.0000	0.0000	0.0000	0.0000	0.0000	0.0000	0.0000	0.000	
0.800	0.0758	-0.2118	1.6346	0.1955	-1.0505	1.8065	-0.0130	-1.0628	1.7844	0.3048	-0.1800	1.6093	-0.2560	-0.2287	1.5878	0.000	0.000	0.0000	0.0000	0.0000	0.0000	0.0000	0.0000	0.0000	0.0000	0.0000	0.000	
0.834	0.0756	-0.2118	1.6349	0.1944	-1.0438	1.8027	-0.0128	-1.0613	1.7830	0.3041	-0.1721	1.6028	-0.2559	-0.2295	1.5825	0.000	0.000	0.0000	0.0000	0.0000	0.0000	0.0000	0.0000	0.0000	0.0000	0.0000	0.000	
0.900	0.0754	-0.2117	1.6351	0.1945	-1.0442	1.8031	-0.0127	-1.0641	1.7837	0.3040	-0.1795	1.6084	-0.2556	-0.2289	1.5842	0.000	0.000	0.0000	0.0000	0.0000	0.0000	0.0000	0.0000	0.0000	0.0000	0.0000	0.000	
0.967	0.0747	-0.2117	1.6354	0.1943	-1.0441	1.8028	-0.0116	-1.0652	1.7838	0.3035	-0.1767	1.6070	-0.2545	-0.2278	1.5830	0.000	0.000	0.0000	0.0000	0.0000	0.0000	0.0000	0.0000	0.0000	0.0000	0.0000	0.000	
1.034	0.0745	-0.2114	1.6356	0.1943	-1.0440	1.8021	0.0229	-1.0371	1.9220	0.3032	-0.1726	1.6041	-0.2537	-0.2285	1.5794	0.000	0.000	0.0000	0.0000	0.0000	0.0000	0.0000	0.0000	0.0000	0.0000	0.0000	0.000	
1.067	0.0745	-0.2114	1.6356	0.1938	-1.0445	1.8020	-0.0111	-1.0669	1.7867	0.3034	-0.1759	1.6066	-0.2537	-0.2284	1.5793	0.000	0.000	0.0000	0.0000	0.0000	0.0000	0.0000	0.0000	0.0000	0.0000	0.0000	0.000	
1.134	0.0745	-0.2114	1.6356	0.1958	-1.0396	1.7974	-0.0109	-1.0655	1.7860	0.3030	-0.1685	1.6009	-0.2535	-0.2273	1.5798	0.000	0.000	0.0000	0.0000	0.0000	0.0000	0.0000	0.0000	0.0000	0.0000	0.0000	0.000	
1.167	0.0746	-0.2113	1.6356	0.1938	-1.0441	1.8034	0.0653	-1.0372	1.8707	0.3029	-0.1754	1.6060	-0.2529	-0.2267	1.5777	0.000	0.000	0.0000	0.0000	0.0000	0.0000	0.0000	0.0000	0.0000	0.0000	0.0000	0.000	
1.234	0.0748	-0.2111	1.6354	0.1941	-1.0378	1.7982	-0.0104	-1.0650	1.7855	0.3033	-0.1769	1.6072	-0.2529	-0.2257	1.5788	0.000	0.000	0.0000	0.0000	0.0000	0.0000	0.0000	0.0000	0.0000	0.0000	0.0000	0.000	
1.267	0.0748	-0.2112	1.6353	0.1948	-1.0410	1.7994	-0.0104	-1.0651	1.7855	0.3032	-0.1784	1.6084	-0.2531	-0.2258	1.5792	0.000	0.000	0.0000	0.0000	0.0000	0.0000	0.0000	0.0000	0.0000	0.0000	0.0000	0.000	
1.334	0.0749	-0.2112	1.6353	0.1953	-1.0481	1.8037	-0.0122	-1.0623	1.7839	0.3026	-0.1690	1.6013	-0.2526	-0.2258	1.5772	0.000	0.000	0.0000	0.0000	0.0000	0.0000	0.0000	0.0000	0.0000	0.0000	0.0000	0.000	
1.367	0.0750	-0.2111	1.6351	0.1953	-1.0488	1.8036	-0.0120	-1.0624	1.7838	0.3027	-0.1671	1.5999	-0.2529	-0.2263	1.5769	0.000	0.000	0.0000	0.0000	0.0000	0.0000	0.0000	0.0000	0.0000	0.0000	0.0000	0.000	
1.434	0.0753	-0.2111	1.6351	0.1946	-1.0481	1.8039	-0.0124	-1.0619	1.7829	0.3034	-0.1648	1.5987	-0.2532	-0.2283	1.5775	0.000	0.000	0.0000	0.0000	0.0000	0.0000	0.0000	0.0000	0.0000	0.0000	0.0000	0.000	
1.500	0.0753	-0.2112	1.6351	0.1945	-1.0503	1.8077	-0.0207	-1.0326	1.9363	0.3035	-0.1633	1.5974	-0.2537	-0.2297	1.5789	0.000	0.000	0.0000	0.0000	0.0000	0.0000	0.0000	0.0000	0.0000	0.0000	0.0000	0.000	
1.567	0.0755	-0.2112	1.6350	0.1940	-1.0499	1.8064	-0.0431	-1.0482	1.9215	0.3048	-0.1694	1.6012	-0.2542	-0.2309	1.5838	0.000	0.000	0.0000	0.0000	0.0000	0.0000	0.0000	0.0000	0.0000	0.0000	0.0000	0.000	
1.600	0.0755	-0.2112	1.6350	0.1945	-1.0497	1.8062	-0.0105	-1.0699	1.7876	0.3089	-0.1636	1.6050	-0.2554	-0.2316	1.5862	0.000	0.000	0.0000	0.0000	0.0000	0.0000	0.0000	0.0000	0.0000	0.0000	0.0000	0.000	
1.667	0.0757	-0.2112	1.6349	0.1945	-1.0497	1.8058	-0.0106	-1.0687	1.7871	0.3073	-0.1620	1.6030	-0.2565	-0.2275	1.5931	0.000	0.000	0.0000	0.0000	0.0000	0.0000	0.0000	0.0000	0.0000	0.0000	0.0000	0.000	
1.734	0.0757	-0.2112	1.6349	0.1953	-1.0513	1.8067	-0.0107	-1.0678	1.7854	0.3073	-0.1608	1.6022	-0.2556	-0.2289	1.5880	0.000	0.000	0.0000	0.0000	0.0000	0.0000	0.0000	0.0000	0.0000	0.0000	0.0000	0.000	
1.767	0.0757	-0.2111	1.6350	0.1951	-1.0511	1.8067	-0.0110	-1.0677	1.7856	0.3074	-0.1605	1.6020	-0.2539	-0.2287	1.5817	0.000	0.000	0.0000	0.0000	0.0000	0.0000	0.0000	0.0000	0.0000	0.0000	0.0000	0.000	
1.834	0.0757	-0.2110	1.6351	0.1949	-1.0501	1.8073	-0.0110	-1.0675	1.7854	0.3074	-0.1603	1.6021	-0.2540	-0.2303	1.5796	0.000	0.000	0.0000	0.0000	0.0000	0.0000	0.0000	0.0000	0.0000	0.0000	0.0000	0.000	
1.900	0.0758	-0.2110	1.6352	0.1946	-1.0468	1.8037	-0.0104	-1.0696	1.7885	0.3091	-0.1586	1.6030	-0.2542	-0.2310	1.5803	0.000	0.000	0.0000	0.0000	0.0000	0.0000	0.0000	0.0000	0.0000	0.0000	0.0000	0.000	
1.934	0.0758	-0.2110	1.6352	0.1951	-1.0468	1.8038	-0.0107	-1.0695	1.7886	0.3091	-0.1638	1.5960	-0.2543	-0.2309	1.5803	0.000	0.000	0.0000	0.0000	0.0000	0.0000	0.0000	0.0000	0.0000	0.0000	0.0000	0.000	
2.000	0.0760	-0.2109	1.6352	0.1960	-1.0398	1.7995	-0.0110	-1.0666	1.7868	0.3090	-0.1713	1.6014	-0.2537	-0.2291	1.5795	0.000	0.000	0.0000	0.0000	0.0000	0.0000	0.0000	0.0000	0.0000	0.0000	0.0000	0.000	
2.034	0.0762	-0.2109	1.6353	0.1972	-1.0471	1.8045	-0.0103	-1.0684	1.7872	0.3085	-0.1650	1.6080	-0.2539	-0.2288	1.5799	0.000	0.000	0.0000	0.0000	0.0000	0.0000	0.0000	0.0000	0.0000	0.0000	0.0000	0.000	
2.100	0.0768	-0.2108	1.6356	0.1964	-1.0459	1.8044	-0.0114	-1.0668	1.7866	0.3134	-0.1650	1.6084	-0.2531	-0.2261	1.5807	0.000	0.000	0.0000	0.0000	0.0000	0.0000	0.0000	0.0000	0.0000	0.0000	0.0000	0.000	
2.134	0.0771	-0.2108	1.6357	0.1963	-1.0461	1.8040	-0.0111	-1.0671	1.7867	0.3168	-0.1774	1.6086	-0.2531	-0.2262	1.5808	0.000	0.000	0.0000	0.0000	0.0000	0.0000	0.0000	0.0000	0.0000	0.0000	0.0000	0.000	
2.200	0.0799	-0.2104	1.6372	0.1955	-1.0470	1.8036	-0.0110	-1.0664	1.7846	0.3141	-0.1612	1.6074	-0.2521	-0.2256	1.5801	0.000	0.000	0.0000	0.0000	0.0000	0.0000	0.0000	0.0000	0.0000	0.0000	0.0000	0.000	
2.234	0.0822	-0.2111	1.6383	0.1934	-1.0469	1.8036	-0.0123	-1.0673	1.7854	0.3233	-0.1559	1.5920	-0.2532	-0.2252	1.5917	0.000	0.000	0.0000	0.0000	0.0000	0.0000	0.0000	0.0000	0.0000	0.0000	0.0000	0.000	
2.300	0.0862	-0.2113	1.6404	0.1926	-1.0398	1.7991	-0.0139	-1.0655	1.7850	0.3252	-0.1782	1.6083	-0.2524	-0.2256	1.5920	0.000	0.000	0.0000	0.0000	0.0000	0.0000	0.0000	0.0000	0.0000	0.0000	0.0000	0.000	
2.367	0.0906	-0.2113	1.6417	0.1928	-1.0408	1.7989	-0.0133	-1.0645	1.7861	0.3414	-0.1842	1.6178	-0.2508	-0.2261	1.5938	0.000	0.000	0.0000	0.0000	0.0000	0.0000	0.0000	0.0000	0.0000	0.0000	0.0000	0.000	
2.434	0.0971	-0.2112	1.6425	0.1924	-1.0421	1.8003	-0.0149	-1.0618	1.7900	0.3340	-0.2096	1.6610	-0.2439	-0.2246	1.5825	0.000	0.000	0.0000	0.0000	0.0000	0.0000	0.0000	0.0000	0.0000	0.0000	0.0000	0.000	
2.467	0.1014	-0.2109	1.6431	0.1948	-1.0458	1.8058	-0.0150	-1.0617	1.7902	0.3607	-0.1892	1.6197	-0.2352	-0.1879	1.5781	0.000	0.000	0.0000	0.0000	0.0000	0.0000	0.0000	0.0000	0.0000	0.0000	0.0000	0.000	
2.534	0.1094	-0.2106	1.6429	0.1966	-1.0457	1.8066	-0.0136	-1.0617	1.8019	0.3525	-0.1774	1.6217	-0.2317	-0.1945	1.5632	0.000	0.000	0.0000	0.0000	0.0000	0.0000	0.0000	0.0000	0.0000	0.0000	0.0000	0.000	
2.567	0.1136	-0.2106	1.6428	0.1969	-1.0460	1.8070	0.0602	-1.0137	1.9293	0.3649	-0.1856	1.6203	-0.2375	-0.2280	1.5735	0.000	0.000	0.0000	0.0000	0.0000	0.0000	0.0000	0.0000	0.0000	0.0000	0.0000	0.000	
2.634	0.1199	-0.2127	1.6422	0.1577	-1.0306	1.9267	-0.0129	-1.0767	1.8220	0.3747	-0.1916	1.6292	-0.2265	-0.1906	1.5527	0.000	0.000	0.0000	0.0000	0.0000	0.0000	0.0000	0.0000	0.0000	0.0000	0.0000	0.000	
2.700	0.1248	-0.2119	1.6417	0.2040	-1.0403	1.8057	0.0005	-1.0709	1.8419	0.4084	-0.2311	1.6083	-0.2217	-0.1909	1.5577	0.000	0.000	0.0000	0.0000	0.0000	0.0000	0.0000	0.0000	0.0000	0.0000	0.0000	0.000	
2.734	0.1261	-0.2114	1.6419	0.2070	-1.0369	1.8023	0.0037	-1.0486	1.8729	0.4161	-0.2441	1.6075	-0.2266	-0.1815	1.5847	0.000	0.000	0.0000	0.0000	0.0000	0.0000	0.0000	0.0000	0.0000	0.0000	0.0000	0.000	
2.800	0.1285	-0.2090	1.6426	0.2095	-1.0323	1.8033	0.0027	-0.9926	1.9080	0.4195	-0.2481	1.6086	-0.2220	-0.1889	1.5534	0.000	0.000	0.0000	0.0000	0.0000	0.0000	0.0000	0.0000	0.0000	0.0000	0.0000	0.000	
2.834	0.1297	-0.2073	1.6451	0.2108	-1.0313	1.8021	-0.0017	-0.9712	1.9388	0.4052	-0.1964	1.6161	-0.2229	-0.1840	1.5710	0.000	0.000	0.0000	0.0000	0.0000	0.0000	0.0000	0.0000	0.0000	0.0000	0.0000	0.000	
2.900	0.1272	-0.2023	1.6531	0.2157	-1.0142	1.7891	0.0550	-0.9200	2.0923	0.3832	-0.1683	1.6495	-0.2278	-0.1780	1.6026	0.000	0.000	0.0000	0.0000	0.0000	0.0000	0.0000	0.0000	0.0000	0.0000	0.0000	0.000	
2.967	0.1188	-0.1975	1.6704	0.2137	-1.0166	1.7909	-0.0037	-0.9180	1.9959	0.3774	-0.1538	1.6519	-0.0685	-0.1577	1.6556	0.000	0.000	0.0000	0.0000	0.0000	0.0000	0.0000	0.0000	0.0000	0.0000	0.0000	0.000	
3.034	0.1082	-0.1919	1.6880	0.2111	-1.0164	1.7942	-0.0006	-0.9087	2.0038	0.3604	-0.1366	1.6752	-0.0751	-0.1619	1.6646	0.000	0.012	0.0000	0.0000	0.0000	0.0000	0.0000	0.0000	0.0000	0.0000	0.0000	0.000	
3.067	0.1039	-0.1883	1.6999	0.2065	-1.0264	1.8061	0.0038	-0.9067	2.0039	0.3529	-0.1291	1.6840	-0.0752	-0.1632	1.6644	0.013	-0.262	0.0000	0.0000	0.0000	0.0000	0.0000	0.0000	0.0000	0.0000	0.0000	0.000	
3.134	0.0926	-0.1791	1.7222	0.2053	-1.0255	1.8076	0.0050	-0.9106	2.0201	0.3346	-0.1211	1.7095	-0.0967	-0.1516	1.6870	0.055	-2.756	0.0000	0.0000	0.0000	0.0000	0.0000	0.0000	0.0000	0.0000	0.0000	0.000	
3.167	0.0874	-0.1728	1.7335	0.2041	-1.0256	1.8109	0.0059	-0.9113	2.0223	0.3282	-0.1139	1.7237	-0.1057	-0.1410	1.7066	0.078	-5.262	0.0000	0.0000	0.0000	0.0000	0.0000	0.0000	0.0000	0.0000	0.0000	0.000	
3.234	0.0759	-0.1612	1.7520	0.2003	-1.0293	1.8162	0.0051	-0.9165	2.0330	0.3207	-0.1122	1.7346	-0.1216	-0.1207	1.7351	0.114	-2.284	0.0000	0.0000	0.0000	0.0000	0.0000	0.0000	0.0000	0.0000	0.0000	0.000	
3.300	0.0647	-0.1513	1.7702	0.1990	-1.0338	1.8265	0.0036	-0.9175	2.0382	0.2933	-0.0902	1.7638	-0.1395	-0.1070	1.7586	0.152	-4.032	0.0000	0.0000	0.0000	0.0000	0.0000	0.0000	0.0000	0.0000	0.0000	0.000	
3.334	0.0616	-0.1473	1.7768	0.1984	-1.0339	1.8266	0.0035	-0.9212	2.0480	0.2819	-0.0849	1.7715	-0.1507	-0.1065	1.7779	0.162	-16.797	0.0000	0.0000	0.0000	0.0000	0.0000	0.0000	0.0000	0.0000	0.0000	0.000	
3.400	0.0513	-0.1349	1.7969	0.2002	-1.0337	1.8268	0.0038	-0.9202	2.0496	0.2810	-0.0822	1.7745	-0.1722	-0.1022	1.8057	0.207	-10.510	0.0000	0.0000	0.0000	0.0000	0.0000	0.0000	0.0000	0.0000	0.0000	0.000	
3.467	0.0455	-0.1279	1.8099	0.2021	-1.0202	1.8255	0.0028	-0.9195	2.0498	0.2745	-0.0741	1.7824	-0.1748	-0.0932	1.8153	0.230	-9.808	0.0000	0.0000	0.0000	0.0000	0.0000	0.0000	0.0000	0.0000	0.0000	0.000	
3.500	0.0414	-0.1238	1.8190	0.2022	-1.0174	1.8292	0.0030	-0.9187	2.0480	0.2694	-0.0698	1.7861	-0.1855	-0.0803	1.8292	0.252	-29.713	0.0000	0.0000	0.0000	0.0000	0.0000	0.0000	0.0000	0.0000	0.0000	0.000	
3.567	0.0363	-0.1190	1.8239	0.1983	-0.9820	1.8429	0.0001	-0.9212	2.0368	0.2603	-0.0539	1.8032	-0.1953	-0.0801	1.8409	0.256	-12.530	0.0000	0.0000	0.0000	0.0000	0.0000	0.0000	0.0000	0.0000	0.0000	0.000	
3.634	0.0324	-0.1163	1.8281	0.1864	-0.9611	1.8703	0.0455	-0.9239	2.0839	0.2541	-0.0558	1.8011	-0.2032	-0.0747	1.8558	0.268	-17.430	0.0000	0.0000	0.0000	0.0000	0.0000	0.0000	0.0000	0.0000	0.0000	0.000	
3.700	0.0281	-0.1136	1.8308	0.1677	-0.9162	1.9248	0.0664	-0.9277	2.0877	0.2574	-0.0476	1.8138	-0.2159	-0.0587	1.8749	0.273	-17.570	0.0000	0.0000	0.0000	0.0000	0.0000	0.0000	0.0000	0.0000	0.0000	0.000	
3.767	0.0255	-0.1115	1.8330	0.1590	-0.9147	1.9960	0.0155	-0.9458	1.9925	0.2582	-0.0538	1.8180	-0.2234	-0.0522	1.8831	0.278	-13.070	0.0000	0.0000	0.0000	0.0000	0.0000	0.0000	0.0000	0.0000	0.0000	0.000	
3.800	0.0246	-0.1105	1.8340	0.1557	-0.9159	2.0425	0.0193	-0.9428	1.9901	0.2606	-0.0710	1.8430	-0.2233	-0.0514	1.8838	0.280	-39.404	0.0000	0.0000	0.0000	0.0000	0.0000	0.0000	0.0000	0.0000	0.0000	0.000	
3.867	0.0238	-0.1085	1.8365	0.1391	-0.8826	2.1377	0.0650	-0.9466	2.0550	0.2622	-0.0744	1.8381	-0.2223	-0.0506	1.8886	0.285	-15.384	0.0000	0.0000	0.0000	0.0000	0.0000	0.0000	0.0000	0.0000	0.0000	0.000	
3.934	0.0228	-0.1058	1.8392	0.1340	-0.8420	2.1828	-0.0116	-0.9471	1.9509	0.2638	-0.0714	1.8355	-0.2203	-0.0470	1.8893	0.291	-19.706	0.0000	0.0000	0.0000	0.0000	0.0000	0.0000	0.0000	0.0000	0.0000	0.000	
4.000	0.0244	-0.1031	1.8437	0.1337	-0.8257	2.2200	-0.0129	-0.9513	1.9399	0.2665	-0.0706	1.8349	-0.2177	-0.0452	1.8907	0.300	-19.522	0.0000	0.0000	0.0000	0.0000	0.0000	0.0000	0.0000	0.0000	0.0000	0.000	
4.067	0.0274	-0.1001	1.8535	0.1344	-0.8181	2.2258	-0.0073	-0.9657	1.9220	0.2719	-0.0701	1.8363	-0.2030	-0.0453	1.8940	0.321	-15.225	0.0000	0.0000	0.0000	0.0000	0.0000	0.0000	0.0000	0.0000	0.0000	0.000	
4.100	0.0268	-0.0962	1.8659	0.1318	-0.8182	2.2274	-0.0091	-0.9759	1.9167	0.2754	-0.0698	1.8397	-0.1989	-0.0462	1.8956	0.352	-40.221	0.0000	0.0000	0.0000	0.0000	0.0000	0.0000	0.0000	0.0000	0.0000	0.000	
4.167	0.0295	-0.0920	1.8848	0.1357	-0.8229	2.2297	-0.0004	-0.9755	1.9018	0.2852	-0.0653	1.8471	-0.1838	-0.0538	1.8937	0.381	-17.727	0.0000	0.0000	0.0000	0.0000	0.0000	0.0000	0.0000	0.0000	0.0000	0.000	
4.234	0.0365	-0.0854	1.8986	0.1353	-0.8279	2.2249	-0.0002	-0.9907	1.8957	0.2957	-0.0598	1.8644	-0.1694	-0.0495	1.8936	0.410	-23.198	0.0000	0.0000	0.0000	0.0000	0.0000	0.0000	0.0000	0.0000	0.0000	0.000	
4.300	0.0451	-0.0788	1.9085	0.1041	-0.8383	2.2952	-0.0004	-0.9935	1.8925	0.3134	-0.0336	1.8805	-0.1576	-0.0455	1.8910	0.430	-27.769	0.0000	0.0000	0.0000	0.0000	0.0000	0.0000	0.0000	0.0000	0.0000	0.000	
4.367	0.0571	-0.0742	1.9150	0.1093	-0.8465	2.2656	-0.0052	-0.9725	1.8913	0.3155	-0.0287	1.8876	-0.1392	-0.0477	1.8903	0.443	-20.024	0.0000	0.0000	0.0000	0.0000	0.0000	0.0000	0.0000	0.0000	0.0000	0.000	
4.400	0.0586	-0.0736	1.9163	0.1385	-0.8484	2.1706	-0.0096	-0.9488	1.8804	0.3161	-0.0147	1.9052	-0.1350	-0.0466	1.8907	0.445	-61.455	0.0000	0.0000	0.0000	0.0000	0.0000	0.0000	0.0000	0.0000	0.0000	0.000	
4.467	0.0612	-0.0719	1.9181	0.1176	-0.8773	2.2187	-0.0108	-0.9105	1.9083	0.3249	-0.0028	1.8991	-0.1229	-0.0397	1.8951	0.450	-22.192	0.0000	0.0000	0.0000	0.0000	0.0000	0.0000	0.0000	0.0000	0.0000	0.000	
4.534	0.0669	-0.0687	1.9204	0.1177	-0.8892	2.2069	-0.0111	-0.9058	1.9481	0.3285	-0.0074	1.9455	-0.1153	-0.0403	1.8872	0.455	-30.239	0.0000	0.0000	0.0000	0.0000	0.0000	0.0000	0.0000	0.0000	0.0000	0.000	
4.600	0.0733	-0.0650	1.9182	0.0902	-0.8769	2.1939	-0.0031	-0.8987	2.0095	0.3373	0.0113	1.9199	-0.1095	-0.0214	1.9043	0.450	-32.400	0.0000	0.0000	0.0000	0.0000	0.0000	0.0000	0.0000	0.0000	0.0000	0.000	
4.667	0.0752	-0.0645	1.9160	0.0839	-0.8734	2.1810	0.0587	-0.8884	2.2022	0.3495	0.0089	1.9054	-0.1079	-0.0200	1.9028	0.446	-23.968	0.0000	0.0000	0.0000	0.0000	0.0000	0.0000	0.0000	0.0000	0.0000	0.000	
4.700	0.0753	-0.0644	1.9154	0.1400	-0.8935	2.0475	0.0534	-0.8845	2.2126	0.3454	0.0101	1.9066	-0.1066	-0.0209	1.9016	0.446	-47.228	0.0000	0.0000	0.0000	0.0000	0.0000	0.0000	0.0000	0.0000	0.0000	0.000	
4.767	0.0750	-0.0649	1.9125	0.1404	-0.9031	2.0270	0.0051	-0.8796	2.2920	0.3445	0.0100	1.9050	-0.1038	-0.0228	1.8989	0.439	-23.566	0.0000	0.0000	0.0000	0.0000	0.0000	0.0000	0.0000	0.0000	0.0000	0.000	
4.800	0.0750	-0.0651	1.9112	0.1402	-0.9057	2.0168	0.0316	-0.8342	2.2588	0.3427	0.0086	1.9037	-0.1028	-0.0261	1.8966	0.437	-46.482	0.0000	0.0000	0.0000	0.0000	0.0000	0.0000	0.0000	0.0000	0.0000	0.000	
4.867	0.0759	-0.0673	1.9083	0.1391	-0.9162	1.9907	0.0419	-0.7921	2.2634	0.3388	0.0018	1.8953	-0.1069	-0.0360	1.8872	0.431	-22.832	0.0000	0.0000	0.0000	0.0000	0.0000	0.0000	0.0000	0.0000	0.0000	0.000	
4.900	0.0765	-0.0686	1.9074	0.1411	-0.9174	1.9576	0.0435	-0.7860	2.2721	0.3376	-0.0105	1.8998	-0.1033	-0.0452	1.8794	0.430	-46.642	0.0000	0.0000	0.0000	0.0000	0.0000	0.0000	0.0000	0.0000	0.0000	0.000	
4.967	0.0759	-0.0712	1.9071	0.1385	-0.9328	1.9455	0.0472	-0.7857	2.2775	0.3088	-0.0222	1.8938	-0.1223	-0.0507	1.8879	0.430	-21.300	0.0000	0.0000	0.0000	0.0000	0.0000	0.0000	0.0000	0.0000	0.0000	0.000	
5.000	0.0752	-0.0723	1.9078	0.1375	-0.9374	1.9367	0.0493	-0.7859	2.2768	0.3081	-0.0266	1.8968	-0.1202	-0.0977	1.9360	0.432	-59.671	0.0000	0.0000	0.0000	0.0000	0.0000	0.0000	0.0000	0.0000	0.0000	0.000	
5.067	0.0724	-0.0749	1.9127	0.1322	-0.9537	1.9155	0.0581	-0.8035	2.2584	0.3072	-0.0451	1.8900	-0.1394	-0.1047	1.9369	0.442	-29.395	0.0000	0.0000	0.0000	0.0000	0.0000	0.0000	0.0000	0.0000	0.0000	0.000	
5.134	0.0714	-0.0747	1.9194	0.1334	-0.9636	1.9035	0.0551	-0.8178	2.2470	0.2999	-0.0426	1.8919	-0.1382	-0.0711	1.9018	0.455	-21.689	0.0000	0.0000	0.0000	0.0000	0.0000	0.0000	0.0000	0.0000	0.0000	0.000	
5.200	0.0655	-0.0722	1.9299	0.1368	-0.9666	1.8974	-0.0240	-0.7529	2.3730	0.2974	-0.0382	1.8912	-0.1440	-0.0587	1.9056	0.477	-22.827	0.0000	0.0000	0.0000	0.0000	0.0000	0.0000	0.0000	0.0000	0.0000	0.000	
5.234	0.0620	-0.0707	1.9342	0.1388	-0.9630	1.8979	0.0610	-0.8447	2.2388	0.2951	-0.0282	1.9040	-0.1446	-0.0594	1.9089	0.484	-47.786	0.0000	0.0000	0.0000	0.0000	0.0000	0.0000	0.0000	0.0000	0.0000	0.000	
5.300	0.0562	-0.0686	1.9383	0.1338	-0.8632	1.9272	-0.0312	-0.7711	2.3220	0.2912	-0.0266	1.9042	-0.1451	-0.0533	1.9071	0.492	-25.511	0.0000	0.0000	0.0000	0.0000	0.0000	0.0000	0.0000	0.0000	0.0000	0.000	
5.334	0.0546	-0.0674	1.9390	0.1596	-0.8741	1.9107	-0.0309	-0.7770	2.3157	0.2912	-0.0226	1.9114	-0.1482	-0.0505	1.9097	0.493	-50.168	0.0000	0.0000	0.0000	0.0000	0.0000	0.0000	0.0000	0.0000	0.0000	0.000	
5.400	0.0502	-0.0648	1.9389	0.0853	-0.7572	1.9691	-0.0445	-0.7868	2.2863	0.2921	-0.0156	1.9011	-0.1581	-0.0647	1.9589	0.494	-26.548	0.0000	0.0000	0.0000	0.0000	0.0000	0.0000	0.0000	0.0000	0.0000	0.000	
5.434	0.0481	-0.0633	1.9383	0.1192	-0.8547	2.1177	-0.0496	-0.7840	2.2568	0.2924	-0.0163	1.9017	-0.1625	-0.0296	1.9383	0.493	-52.005	0.0000	0.0000	0.0000	0.0000	0.0000	0.0000	0.0000	0.0000	0.0000	0.000	
5.500	0.0460	-0.0613	1.9369	0.1561	-0.8682	2.0938	-0.0166	-0.8317	2.2945	0.2914	-0.0168	1.9033	-0.1678	-0.0199	1.9389	0.490	-35.362	0.0000	0.0000	0.0000	0.0000	0.0000	0.0000	0.0000	0.0000	0.0000	0.000	
5.567	0.0460	-0.0609	1.9361	0.1547	-0.8353	2.1838	0.0979	-0.8502	2.2123	0.2922	-0.0161	1.9040	-0.1741	-0.0158	1.9484	0.489	-25.920	0.0000	0.0000	0.0000	0.0000	0.0000	0.0000	0.0000	0.0000	0.0000	0.000	
5.600	0.0460	-0.0609	1.9360	0.1632	-0.8057	2.2425	0.0264	-0.8765	2.0670	0.2920	-0.0161	1.9040	-0.1741	-0.0089	1.9462	0.489	-52.918	0.0000	0.0000	0.0000	0.0000	0.0000	0.0000	0.0000	0.0000	0.0000	0.000	
5.667	0.0465	-0.0614	1.9367	0.1678	-0.7811	2.4166	0.0265	-0.8848	2.0334	0.2932	-0.0181	1.9032	-0.1728	-0.0099	1.9587	0.491	-26.654	0.0000	0.0000	0.0000	0.0000	0.0000	0.0000	0.0000	0.0000	0.0000	0.000	
5.700	0.0474	-0.0618	1.9374	0.1693	-0.7653	2.3439	0.0299	-0.8898	2.0191	0.2954	-0.0210	1.9021	-0.1715	-0.0101	1.9605	0.493	-69.149	0.0000	0.0000	0.0000	0.0000	0.0000	0.0000	0.0000	0.0000	0.0000	0.000	
5.767	0.0526	-0.0640	1.9445	0.1703	-0.7496	2.3461	0.0297	-0.9129	1.9963	0.3002	-0.0300	1.9030	-0.1664	-0.0075	1.9679	0.508	-26.337	0.0000	0.0000	0.0000	0.0000	0.0000	0.0000	0.0000	0.0000	0.0000	0.000	
5.834	0.0607	-0.0650	1.9556	0.1699	-0.7439	2.3264	0.0323	-0.9099	1.9649	0.3079	-0.0402	1.9094	-0.1599	-0.0117	1.9716	0.530	-34.752	0.0000	0.0000	0.0000	0.0000	0.0000	0.0000	0.0000	0.0000	0.0000	0.000	
5.900	0.0672	-0.0604	1.9698	0.1707	-0.7608	2.3315	0.0364	-0.9061	1.9476	0.3277	-0.0433	1.9318	-0.1346	-0.0171	1.9649	0.559	-28.221	0.0000	0.0000	0.0000	0.0000	0.0000	0.0000	0.0000	0.0000	0.0000	0.000	
5.934	0.0714	-0.0561	1.9746	0.1665	-0.7716	2.3213	0.0349	-0.9070	1.9430	0.3310	-0.0515	1.9430	-0.1291	-0.0096	1.9747	0.565	-75.241	0.0000	0.0000	0.0000	0.0000	0.0000	0.0000	0.0000	0.0000	0.0000	0.000	
6.000	0.0845	-0.0472	1.9867	0.1706	-0.7944	2.2965	0.0368	-0.9282	1.9373	0.3415	-0.0185	1.9411	-0.1271	-0.0072	1.9733	0.593	-39.627	0.0000	0.0000	0.0000	0.0000	0.0000	0.0000	0.0000	0.0000	0.0000	0.000	
6.067	0.0888	-0.0446	1.9890	0.1396	-0.8004	2.3585	0.0292	-0.8862	1.9570	0.3510	-0.0071	1.9584	-0.1024	-0.0124	1.9702	0.595	-30.992	0.0000	0.0000	0.0000	0.0000	0.0000	0.0000	0.0000	0.0000	0.0000	0.000	
6.134	0.0900	-0.0436	1.9895	0.1775	-0.8132	2.2190	0.0609	-0.7025	1.9927	0.3614	0.0031	1.9655	-0.0976	-0.0159	1.9577	0.598	-42.380	0.0000	0.0000	0.0000	0.0000	0.0000	0.0000	0.0000	0.0000	0.0000	0.000	
6.200	0.0928	-0.0406	1.9911	0.1278	-0.8450	2.2458	0.0487	-0.8772	2.0333	0.3707	0.0099	1.9944	-0.0946	-0.0130	1.9578	0.602	-32.617	0.0000	0.0000	0.0000	0.0000	0.0000	0.0000	0.0000	0.0000	0.0000	0.000	
6.234	0.0930	-0.0398	1.9916	0.1212	-0.8408	2.2152	0.0428	-0.8731	2.1030	0.3697	0.0233	2.0001	-0.0928	-0.0114	1.9578	0.603	-63.990	0.0000	0.0000	0.0000	0.0000	0.0000	0.0000	0.0000	0.0000	0.0000	0.000	
6.300	0.0933	-0.0381	1.9911	0.1133	-0.8403	2.2425	0.1237	-0.8206	2.3495	0.3703	0.0446	2.0002	-0.0775	-0.0050	1.9646	0.602	-32.334	0.0000	0.0000	0.0000	0.0000	0.0000	0.0000	0.0000	0.0000	0.0000	0.000	
6.334	0.0936	-0.0375	1.9907	0.1769	-0.8632	2.1280	0.0445	-0.8443	2.2826	0.3699	0.0503	2.0022	-0.0781	-0.0096	1.9571	0.601	-64.474	0.0000	0.0000	0.0000	0.0000	0.0000	0.0000	0.0000	0.0000	0.0000	0.000	
6.400	0.0930	-0.0366	1.9899	0.1779	-0.8708	2.0864	0.0278	-0.7640	2.3459	0.3682	0.0582	2.0063	-0.0796	-0.0054	1.9630	0.600	-33.273	0.0000	0.0000	0.0000	0.0000	0.0000	0.0000	0.0000	0.0000	0.0000	0.000	
6.434	0.0929	-0.0366	1.9896	0.1766	-0.8769	2.0691	0.0388	-0.7217	2.3430	0.3670	0.0613	2.0086	-0.0810	-0.0090	1.9606	0.599	-65.243	0.0000	0.0000	0.0000	0.0000	0.0000	0.0000	0.0000	0.0000	0.0000	0.000	
6.500	0.0927	-0.0366	1.9897	0.1733	-0.8969	2.0392	0.0440	-0.7130	2.3802	0.3594	0.0606	2.0091	-0.0811	-0.0125	1.9628	0.600	-43.064	0.0000	0.0000	0.0000	0.0000	0.0000	0.0000	0.0000	0.0000	0.0000	0.000	
6.534	0.0923	-0.0372	1.9911	0.1712	-0.9090	2.0256	0.0454	-0.7117	2.3815	0.3586	0.0574	2.0105	-0.0833	-0.0161	1.9650	0.604	-61.947	0.0000	0.0000	0.0000	0.0000	0.0000	0.0000	0.0000	0.0000	0.0000	0.000	
6.600	0.0902	-0.0395	2.0012	0.1713	-0.9284	1.9893	0.0642	-0.7284	2.3867	0.3488	0.0469	2.0131	-0.0899	-0.0342	1.9889	0.625	-32.931	0.0000	0.0000	0.0000	0.0000	0.0000	0.0000	0.0000	0.0000	0.0000	0.000	
6.634	0.0888	-0.0398	2.0075	0.1692	-0.9364	1.9853	0.0721	-0.7511	2.3917	0.3460	0.0426	2.0115	-0.0911	-0.0344	1.9899	0.637	-63.996	0.0000	0.0000	0.0000	0.0000	0.0000	0.0000	0.0000	0.0000	0.0000	0.000	
6.700	0.0862	-0.0377	2.0208	0.1703	-0.9406	1.9645	0.0774	-0.7750	2.3531	0.3381	0.0295	2.0143	-0.1049	-0.0292	1.9930	0.663	-34.662	0.0000	0.0000	0.0000	0.0000	0.0000	0.0000	0.0000	0.0000	0.0000	0.000	
6.767	0.0830	-0.0320	2.0274	0.1863	-0.8944	1.9627	0.0658	-0.7796	2.3307	0.3263	0.0174	2.0079	-0.1266	-0.0109	1.9960	0.675	-46.582	0.0000	0.0000	0.0000	0.0000	0.0000	0.0000	0.0000	0.0000	0.0000	0.000	
6.800	0.0817	-0.0304	2.0292	0.1939	-0.8802	1.9686	0.0665	-0.7892	2.3146	0.3263	0.0169	2.0073	-0.1269	-0.0116	1.9981	0.679	-71.527	0.0000	0.0000	0.0000	0.0000	0.0000	0.0000	0.0000	0.0000	0.0000	0.000	
6.867	0.0804	-0.0288	2.0309	0.1107	-0.8192	2.0461	0.0620	-0.7989	2.2738	0.3256	0.0138	2.0004	-0.1365	0.0059	2.0089	0.683	-49.097	0.0000	0.0000	0.0000	0.0000	0.0000	0.0000	0.0000	0.0000	0.0000	0.000	
6.934	0.0792	-0.0269	2.0292	0.1293	-0.8020	2.0773	0.1252	-0.8180	2.2760	0.3240	0.0138	1.9869	-0.1454	0.0096	2.0345	0.680	-48.464	0.0000	0.0000	0.0000	0.0000	0.0000	0.0000	0.0000	0.0000	0.0000	0.000	
7.000	0.0794	-0.0249	2.0231	0.1874	-0.8413	2.1722	0.1133	-0.8199	2.2859	0.3226	0.0137	1.9745	-0.1507	0.0097	2.0557	0.668	-38.142	0.0000	0.0000	0.0000	0.0000	0.0000	0.0000	0.0000	0.0000	0.0000	0.000	
7.034	0.0801	-0.0249	2.0199	0.1905	-0.7997	2.2302	0.1215	-0.8197	2.2911	0.3224	0.0137	1.9692	-0.1569	0.0505	2.0366	0.662	-95.957	0.0000	0.0000	0.0000	0.0000	0.0000	0.0000	0.0000	0.0000	0.0000	0.000	
7.100	0.0856	-0.0270	2.0121	0.1732	-0.7622	2.4149	0.0413	-0.8613	2.1329	0.3215	0.0129	1.9629	-0.1565	0.0361	2.0657	0.641	-36.142	0.0000	0.0000	0.0000	0.0000	0.0000	0.0000	0.0000	0.0000	0.0000	0.000	
7.167	0.0914	-0.0295	2.0100	0.2006	-0.7355	2.3839	0.0439	-0.8793	2.0921	0.3216	0.0128	1.9576	-0.1534	0.0413	2.0726	0.633	-35.806	0.0000	0.0000	0.0000	0.0000	0.0000	0.0000	0.0000	0.0000	0.0000	0.000	
7.200	0.0928	-0.0302	2.0106	0.2033	-0.7206	2.3807	0.0461	-0.8822	2.0659	0.3220	0.0124	1.9574	-0.1499	0.0394	2.0757	0.631	-70.043	0.0000	0.0000	0.0000	0.0000	0.0000	0.0000	0.0000	0.0000	0.0000	0.000	
7.267	0.1034	-0.0344	2.0161	0.1975	-0.7399	2.3841	0.0492	-0.8999	2.0330	0.3274	0.0110	1.9582	-0.1424	0.0441	2.0657	0.636	-34.571	0.0000	0.0000	0.0000	0.0000	0.0000	0.0000	0.0000	0.0000	0.0000	0.000	
7.300	0.1072	-0.0345	2.0173	0.1949	-0.7551	2.3864	0.0501	-0.9174	2.0215	0.3317	0.0101	1.9595	-0.1347	0.0397	2.0645	0.633	-68.930	0.0000	0.0000	0.0000	0.0000	0.0000	0.0000	0.0000	0.0000	0.0000	0.000	
7.367	0.1115	-0.0311	2.0206	0.1964	-0.7822	2.3874	0.0525	-0.9610	2.0022	0.3472	0.0076	1.9725	-0.1157	0.0338	2.0607	0.641	-34.417	0.0000	0.0000	0.0000	0.0000	0.0000	0.0000	0.0000	0.0000	0.0000	0.000	
7.400	0.1124	-0.0306	2.0209	0.1938	-0.7849	2.3166	0.0534	-0.9161	1.9904	0.3546	0.0105	1.9750	-0.0992	0.0359	2.0434	0.641	-69.847	0.0000	0.0000	0.0000	0.0000	0.0000	0.0000	0.0000	0.0000	0.0000	0.000	
7.467	0.1140	-0.0299	2.0198	0.1972	-0.7984	2.2668	0.0445	-0.8909	1.9888	0.3716	0.0087	1.9906	-0.0767	0.0300	2.0203	0.639	-34.475	0.0000	0.0000	0.0000	0.0000	0.0000	0.0000	0.0000	0.0000	0.0000	0.000	
7.500	0.1146	-0.0297	2.0186	0.1733	-0.8038	2.3440	0.0371	-0.7028	1.9968	0.3800	0.0073	2.0018	-0.0732	0.0209	2.0037	0.637	-69.805	0.0000	0.0000	0.0000	0.0000	0.0000	0.0000	0.0000	0.0000	0.0000	0.000	
7.567	0.1159	-0.0302	2.0110	0.1655	-0.8184	2.2953	0.0964	-0.8331	2.1964	0.3883	0.0084	2.0164	-0.0656	0.0102	1.9860	0.621	-34.988	0.0000	0.0000	0.0000	0.0000	0.0000	0.0000	0.0000	0.0000	0.0000	0.000	
7.600	0.1161	-0.0316	2.0086	0.1523	-0.8298	2.2745	0.0263	-0.8379	2.2475	0.3902	0.0102	2.0214	-0.0624	0.0093	1.9787	0.618	-68.445	0.0000	0.0000	0.0000	0.0000	0.0000	0.0000	0.0000	0.0000	0.0000	0.000	
7.667	0.1140	-0.0322	1.9981	0.1812	-0.8494	2.1698	0.0679	-0.8374	2.2016	0.3887	0.0384	2.0063	-0.0585	0.0021	1.9639	0.595	-34.112	0.0000	0.0000	0.0000	0.0000	0.0000	0.0000	0.0000	0.0000	0.0000	0.000	
7.700	0.1134	-0.0332	1.9960	0.2041	-0.8421	2.1258	0.0675	-0.8183	2.2595	0.3878	0.0410	2.0042	-0.0597	-0.0011	1.9629	0.595	-66.903	0.0000	0.0000	0.0000	0.0000	0.0000	0.0000	0.0000	0.0000	0.0000	0.000	
7.767	0.1114	-0.0351	1.9899	0.2001	-0.8703	2.1046	0.0569	-0.7570	2.3483	0.3833	0.0461	1.9974	-0.0648	-0.0113	1.9609	0.579	-43.044	0.0000	0.0000	0.0000	0.0000	0.0000	0.0000	0.0000	0.0000	0.0000	0.000	
7.834	0.1108	-0.0378	1.9886	0.2001	-0.8789	2.0632	0.0613	-0.7156	2.3708	0.3778	0.0430	1.9970	-0.0703	-0.0223	1.9717	0.578	-42.264	0.0000	0.0000	0.0000	0.0000	0.0000	0.0000	0.0000	0.0000	0.0000	0.000	
7.900	0.1089	-0.0413	1.9918	0.1967	-0.9033	2.0418	0.0699	-0.7138	2.3794	0.3714	0.0358	1.9979	-0.0750	-0.0286	1.9729	0.585	-31.511	0.0000	0.0000	0.0000	0.0000	0.0000	0.0000	0.0000	0.0000	0.0000	0.000	
7.934	0.1075	-0.0427	1.9954	0.1968	-0.9100	2.0273	0.0893	-0.7305	2.3809	0.3688	0.0334	1.9982	-0.0767	-0.0329	1.9752	0.592	-83.153	0.0000	0.0000	0.0000	0.0000	0.0000	0.0000	0.0000	0.0000	0.0000	0.000	
8.000	0.1044	-0.0424	2.0096	0.1960	-0.9215	1.9996	0.0917	-0.7519	2.3729	0.3565	0.0271	2.0005	-0.0874	-0.0370	1.9822	0.621	-42.125	0.0000	0.0000	0.0000	0.0000	0.0000	0.0000	0.0000	0.0000	0.0000	0.000	
8.067	0.0999	-0.0356	2.0259	0.1967	-0.9256	1.9802	0.0315	-0.7247	2.4791	0.3481	0.0247	2.0056	-0.0979	-0.0335	1.9895	0.652	-43.528	0.0000	0.0000	0.0000	0.0000	0.0000	0.0000	0.0000	0.0000	0.0000	0.000	
8.134	0.0923	-0.0271	2.0375	0.2062	-0.8848	1.9867	0.1182	-0.7514	2.4025	0.3422	0.0227	2.0137	-0.1072	-0.0259	2.0109	0.674	-55.995	0.0000	0.0000	0.0000	0.0000	0.0000	0.0000	0.0000	0.0000	0.0000	0.000	
8.234	0.0873	-0.0210	2.0437	0.2206	-0.7914	2.0346	0.0807	-0.8101	2.2582	0.3395	0.0204	2.0165	-0.1298	0.0098	2.0410	0.686	-23.783	0.0000	0.0000	0.0000	0.0000	0.0000	0.0000	0.0000	0.0000	0.0000	0.000	
8.267	0.0847	-0.0191	2.0447	0.2148	-0.7676	2.0935	0.0747	-0.8164	2.2447	0.3376	0.0200	2.0176	-0.1364	0.0113	2.0672	0.688	-73.601	0.0000	0.0000	0.0000	0.0000	0.0000	0.0000	0.0000	0.0000	0.0000	0.000	
8.334	0.0836	-0.0161	2.0438	0.2208	-0.8031	2.3098	0.0751	-0.8325	2.2048	0.3353	0.0208	2.0163	-0.1443	0.0190	2.0955	0.687	-36.961	0.0000	0.0000	0.0000	0.0000	0.0000	0.0000	0.0000	0.0000	0.0000	0.000	
8.367	0.0838	-0.0157	2.0430	0.1884	-0.7915	2.2292	0.1351	-0.8206	2.3197	0.3341	0.0208	2.0161	-0.1542	0.0502	2.0864	0.686	-76.296	0.0000	0.0000	0.0000	0.0000	0.0000	0.0000	0.0000	0.0000	0.0000	0.000	
8.434	0.0850	-0.0153	2.0405	0.1741	-0.7682	2.4186	0.1142	-0.8247	2.2814	0.3323	0.0214	2.0139	-0.1592	0.0645	2.0853	0.681	-37.087	0.0000	0.0000	0.0000	0.0000	0.0000	0.0000	0.0000	0.0000	0.0000	0.000	
8.467	0.0861	-0.0165	2.0382	0.1884	-0.7341	2.3855	0.0584	-0.8634	2.1232	0.3254	0.0306	1.9946	-0.1589	0.0694	2.0831	0.678	-75.362	0.0000	0.0000	0.0000	0.0000	0.0000	0.0000	0.0000	0.0000	0.0000	0.000	
8.534	0.0861	-0.0170	2.0382	0.1874	-0.6978	2.4151	0.0605	-0.8729	2.0808	0.3242	0.0118	2.0207	-0.1589	0.0726	2.0836	0.686	-36.964	0.0000	0.0000	0.0000	0.0000	0.0000	0.0000	0.0000	0.0000	0.0000	0.000	
8.567	0.0870	-0.0180	2.0386	0.1824	-0.6916	2.4158	0.0597	-0.8785	2.0608	0.3247	0.0113	2.0224	-0.1585	0.0741	2.0862	0.689	-75.443	0.0000	0.0000	0.0000	0.0000	0.0000	0.0000	0.0000	0.0000	0.0000	0.000	
8.634	0.0874	-0.0198	2.0488	0.1903	-0.7134	2.5333	0.0595	-0.8994	2.0307	0.3273	0.0087	2.0314	-0.1465	0.0702	2.0855	0.717	-35.982	0.0000	0.0000	0.0000	0.0000	0.0000	0.0000	0.0000	0.0000	0.0000	0.000	
8.667	0.0879	-0.0175	2.0590	0.1886	-0.7225	2.4811	0.0592	-0.9054	2.0201	0.3306	0.0084	2.0361	-0.1460	0.0688	2.0868	0.743	-75.130	0.0000	0.0000	0.0000	0.0000	0.0000	0.0000	0.0000	0.0000	0.0000	0.000	
8.734	0.0882	-0.0079	2.0705	0.1615	-0.7378	2.3673	0.0529	-0.8948	2.0086	0.3388	0.0080	2.0501	-0.1346	0.0529	2.0942	0.765	-38.993	0.0000	0.0000	0.0000	0.0000	0.0000	0.0000	0.0000	0.0000	0.0000	0.000	
8.767	0.0901	-0.0044	2.0737	0.1593	-0.7642	2.3530	0.0388	-0.8698	2.0006	0.3449	0.0096	2.0586	-0.1341	0.0532	2.0929	0.774	-82.634	0.0000	0.0000	0.0000	0.0000	0.0000	0.0000	0.0000	0.0000	0.0000	0.000	
8.834	0.0908	-0.0025	2.0763	0.1579	-0.7815	2.3090	0.0378	-0.8603	1.9845	0.3544	0.0156	2.0737	-0.1131	0.0459	2.0695	0.786	-54.827	0.0000	0.0000	0.0000	0.0000	0.0000	0.0000	0.0000	0.0000	0.0000	0.000	
8.900	0.0903	-0.0024	2.0772	0.1423	-0.8006	2.3299	0.0842	-0.7001	2.0866	0.3622	0.0190	2.0928	-0.1024	0.0403	2.0614	0.794	-56.832	0.0000	0.0000	0.0000	0.0000	0.0000	0.0000	0.0000	0.0000	0.0000	0.000	
8.967	0.0866	-0.0008	2.0755	0.1089	-0.8282	2.2692	-0.0147	-0.7820	2.3232	0.3651	0.0456	2.1014	-0.0935	0.0097	2.0715	0.796	-42.279	0.0000	0.0000	0.0000	0.0000	0.0000	0.0000	0.0000	0.0000	0.0000	0.000	
9.000	0.0847	-0.0003	2.0702	0.1053	-0.8301	2.2800	0.0441	-0.8185	2.2417	0.3649	0.0505	2.1015	-0.0957	0.0160	2.0552	0.785	-87.212	0.0000	0.0000	0.0000	0.0000	0.0000	0.0000	0.0000	0.0000	0.0000	0.000	
9.067	0.0822	-0.0017	2.0630	0.1684	-0.8488	2.1443	0.0543	-0.7762	2.4473	0.3519	0.0793	2.0939	-0.0939	0.0145	2.0455	0.769	-42.990	0.0000	0.0000	0.0000	0.0000	0.0000	0.0000	0.0000	0.0000	0.0000	0.000	
9.100	0.0805	-0.0026	2.0613	0.1659	-0.8553	2.1228	0.0699	-0.7240	2.5177	0.3517	0.0798	2.0935	-0.0942	0.0140	2.0409	0.764	-85.786	0.0000	0.0000	0.0000	0.0000	0.0000	0.0000	0.0000	0.0000	0.0000	0.000	
9.167	0.0789	-0.0056	2.0588	0.1641	-0.8725	2.0730	0.0450	-0.7080	2.4445	0.3489	0.0801	2.0934	-0.0950	0.0125	2.0370	0.752	-42.042	0.0000	0.0000	0.0000	0.0000	0.0000	0.0000	0.0000	0.0000	0.0000	0.000	
9.200	0.0781	-0.0078	2.0586	0.1635	-0.8822	2.0516	0.0585	-0.7059	2.4559	0.3455	0.0800	2.0907	-0.0981	0.0104	2.0308	0.749	-109.578	0.0000	0.0000	0.0000	0.0000	0.0000	0.0000	0.0000	0.0000	0.0000	0.000	
9.267	0.0741	-0.0138	2.0617	0.1639	-0.9108	2.0119	0.0676	-0.7082	2.4311	0.3309	0.0735	2.0737	-0.1029	-0.0070	2.0434	0.750	-40.645	0.0000	0.0000	0.0000	0.0000	0.0000	0.0000	0.0000	0.0000	0.0000	0.000	
9.334	0.0719	-0.0163	2.0661	0.1594	-0.9171	1.9950	0.0868	-0.7668	2.4229	0.3251	0.0643	2.0693	-0.1175	-0.0011	2.0524	0.752	-40.884	0.0000	0.0000	0.0000	0.0000	0.0000	0.0000	0.0000	0.0000	0.0000	0.000	
9.367	0.0700	-0.0159	2.0687	0.1680	-0.8916	1.9877	0.0501	-0.7178	2.5419	0.3215	0.0602	2.0690	-0.1183	-0.0318	2.1060	0.755	-82.116	0.0000	0.0000	0.0000	0.0000	0.0000	0.0000	0.0000	0.0000	0.0000	0.000	
9.434	0.0687	-0.0150	2.0698	0.1335	-0.8329	1.9942	0.0665	-0.7753	2.3287	0.3152	0.0403	2.0615	-0.1392	0.0208	2.0540	0.750	-40.603	0.0000	0.0000	0.0000	0.0000	0.0000	0.0000	0.0000	0.0000	0.0000	0.000	
9.467	0.0677	-0.0146	2.0683	0.1217	-0.8324	2.0141	0.0681	-0.7814	2.3200	0.3152	0.0365	2.0590	-0.1495	0.0018	2.1098	0.743	-83.318	0.0000	0.0000	0.0000	0.0000	0.0000	0.0000	0.0000	0.0000	0.0000	0.000	
9.534	0.0671	-0.0163	2.0535	0.1919	-0.7961	2.0399	0.0976	-0.8102	2.3092	0.3141	0.0275	2.0379	-0.1648	0.0325	2.0780	0.707	-40.538	0.0000	0.0000	0.0000	0.0000	0.0000	0.0000	0.0000	0.0000	0.0000	0.000	
9.567	0.0654	-0.0182	2.0433	0.1431	-0.8102	2.0848	0.1075	-0.8199	2.2975	0.3136	0.0208	2.0308	-0.1718	0.0468	2.0727	0.684	-81.861	0.0000	0.0000	0.0000	0.0000	0.0000	0.0000	0.0000	0.0000	0.0000	0.000	
9.634	0.0656	-0.0216	2.0217	0.1772	-0.8267	2.3106	0.1176	-0.8272	2.3271	0.3122	0.0137	2.0048	-0.1750	0.0503	2.0729	0.643	-37.860	0.0000	0.0000	0.0000	0.0000	0.0000	0.0000	0.0000	0.0000	0.0000	0.000	
9.667	0.0650	-0.0267	2.0098	0.1737	-0.8120	2.3543	0.1148	-0.8350	2.3075	0.3122	0.0122	1.9912	-0.1640	0.0555	2.0389	0.618	-75.763	0.0000	0.0000	0.0000	0.0000	0.0000	0.0000	0.0000	0.0000	0.0000	0.000	
9.734	0.0732	-0.0352	1.9917	0.1667	-0.7877	2.3247	0.0429	-0.8557	2.1360	0.3107	0.0103	1.9636	-0.1861	0.0438	2.0864	0.585	-34.732	0.0000	0.0000	0.0000	0.0000	0.0000	0.0000	0.0000	0.0000	0.0000	0.000	
9.767	0.0745	-0.0402	1.9849	0.1564	-0.7712	2.3939	0.0390	-0.8560	2.1040	0.3105	0.0072	1.9566	-0.1732	0.0531	2.0267	0.572	-68.168	0.0000	0.0000	0.0000	0.0000	0.0000	0.0000	0.0000	0.0000	0.0000	0.000	
9.834	0.0744	-0.0461	1.9775	0.1714	-0.7508	2.3554	0.0462	-0.8746	2.0654	0.3120	0.0006	1.9442	-0.1732	0.0444	2.0222	0.556	-32.301	0.0000	0.0000	0.0000	0.0000	0.0000	0.0000	0.0000	0.0000	0.0000	0.000	
9.867	0.0743	-0.0482	1.9753	0.1696	-0.7498	2.3533	0.0471	-0.8841	2.0496	0.3141	-0.0026	1.9383	-0.1637	0.0363	2.0153	0.552	-81.650	0.0000	0.0000	0.0000	0.0000	0.0000	0.0000	0.0000	0.0000	0.0000	0.000	
9.934	0.0748	-0.0509	1.9740	0.1568	-0.7471	2.3988	0.0445	-0.8955	2.0177	0.3173	-0.0155	1.9376	-0.1416	0.0103	1.9724	0.549	-29.815	0.0000	0.0000	0.0000	0.0000	0.0000	0.0000	0.0000	0.0000	0.0000	0.000	
10.000	0.0765	-0.0531	1.9731	0.1708	-0.7760	2.3034	0.0510	-0.9111	1.9885	0.3198	-0.0183	1.9376	-0.1347	-0.0090	1.9868	0.546	-39.728	0.0000	0.0000	0.0000	0.0000	0.0000	0.0000	0.0000	0.0000	0.0000	0.000	
10.067	0.0791	-0.0531	1.9706	0.1069	-0.7087	2.2932	0.0568	-0.9373	1.9682	0.3258	-0.0176	1.9352	-0.1307	-0.0088	1.9753	0.541	-29.270	0.0000	0.0000	0.0000	0.0000	0.0000	0.0000	0.0000	0.0000	0.0000	0.000	
10.100	0.0831	-0.0538	1.9684	0.1386	-0.7968	2.3621	0.0547	-0.9401	1.9642	0.3285	-0.0050	1.9268	-0.1271	-0.0089	1.9627	0.536	-58.758	0.0000	0.0000	0.0000	0.0000	0.0000	0.0000	0.0000	0.0000	0.0000	0.000	
10.167	0.0857	-0.0557	1.9643	0.1629	-0.8224	2.2667	0.0460	-0.9178	1.9463	0.3486	0.0049	1.9284	-0.1099	-0.0266	1.9377	0.529	-29.288	0.0000	0.0000	0.0000	0.0000	0.0000	0.0000	0.0000	0.0000	0.0000	0.000	
10.200	0.0863	-0.0568	1.9589	0.1391	-0.8399	2.2978	0.0366	-0.8981	1.9432	0.3566	-0.0396	1.9708	-0.1026	-0.0262	1.9383	0.515	-77.266	0.0000	0.0000	0.0000	0.0000	0.0000	0.0000	0.0000	0.0000	0.0000	0.000	
10.267	0.0870	-0.0616	1.9490	0.1219	-0.8426	2.2663	0.0411	-0.8971	1.9324	0.3670	0.0064	1.9269	-0.0954	-0.0354	1.9223	0.498	-28.317	0.0000	0.0000	0.0000	0.0000	0.0000	0.0000	0.0000	0.0000	0.0000	0.000	
10.334	0.0861	-0.0655	1.9366	0.1235	-0.8626	2.2137	0.0440	-0.9069	1.9608	0.3694	0.0035	1.9284	-0.0904	-0.0340	1.9115	0.472	-27.131	0.0000	0.0000	0.0000	0.0000	0.0000	0.0000	0.0000	0.0000	0.0000	0.000	
10.367	0.0883	-0.0656	1.9276	0.1264	-0.8493	2.2369	0.0334	-0.9094	2.0182	0.3698	0.0030	1.9287	-0.0899	-0.0343	1.9047	0.452	-53.709	0.0000	0.0000	0.0000	0.0000	0.0000	0.0000	0.0000	0.0000	0.0000	0.000	
10.434	0.0870	-0.0688	1.9123	0.1178	-0.8696	2.2034	0.0383	-0.8967	2.1447	0.3744	-0.0363	1.9623	-0.0899	-0.0411	1.8902	0.425	-25.826	0.0000	0.0000	0.0000	0.0000	0.0000	0.0000	0.0000	0.0000	0.0000	0.000	
10.467	0.0866	-0.0703	1.9062	0.1246	-0.8746	2.1742	0.0284	-0.8835	2.1151	0.3718	-0.0350	1.9582	-0.0908	-0.0428	1.8845	0.414	-46.597	0.0000	0.0000	0.0000	0.0000	0.0000	0.0000	0.0000	0.0000	0.0000	0.000	
10.534	0.0828	-0.0740	1.8949	0.1739	-0.8925	2.0603	0.0744	-0.8599	2.2544	0.3551	-0.0013	1.8952	-0.0904	-0.0501	1.8719	0.390	-21.901	0.0000	0.0000	0.0000	0.0000	0.0000	0.0000	0.0000	0.0000	0.0000	0.000	
10.567	0.0814	-0.0753	1.8913	0.1729	-0.8981	2.0499	0.0860	-0.8118	2.3279	0.3480	-0.0303	1.9259	-0.0918	-0.0511	1.8693	0.384	-41.601	0.0000	0.0000	0.0000	0.0000	0.0000	0.0000	0.0000	0.0000	0.0000	0.000	
10.634	0.0794	-0.0785	1.8844	0.1745	-0.9112	2.0209	0.0441	-0.8054	2.1995	0.3409	-0.0283	1.9083	-0.0943	-0.0552	1.8602	0.369	-20.070	0.0000	0.0000	0.0000	0.0000	0.0000	0.0000	0.0000	0.0000	0.0000	0.000	
10.667	0.0787	-0.0800	1.8835	0.1738	-0.9150	2.0094	0.0388	-0.8062	2.2170	0.3308	-0.0226	1.8908	-0.0984	-0.0597	1.8568	0.369	-39.054	0.0000	0.0000	0.0000	0.0000	0.0000	0.0000	0.0000	0.0000	0.0000	0.000	
10.734	0.0769	-0.0835	1.8839	0.1727	-0.9272	1.9843	0.0434	-0.8045	2.2192	0.3224	-0.0371	1.8876	-0.1049	-0.0700	1.8509	0.368	-17.421	0.0000	0.0000	0.0000	0.0000	0.0000	0.0000	0.0000	0.0000	0.0000	0.000	
10.767	0.0752	-0.0856	1.8863	0.1718	-0.9314	1.9757	0.0438	-0.8050	2.2196	0.3199	-0.0396	1.8864	-0.1227	-0.0932	1.8803	0.375	-37.988	0.0000	0.0000	0.0000	0.0000	0.0000	0.0000	0.0000	0.0000	0.0000	0.000	
10.834	0.0688	-0.0895	1.8965	0.1680	-0.9452	1.9572	0.0361	-0.8232	2.2272	0.3035	-0.0249	1.8689	-0.1233	-0.0796	1.8673	0.394	-19.756	0.0000	0.0000	0.0000	0.0000	0.0000	0.0000	0.0000	0.0000	0.0000	0.000	
10.867	0.0650	-0.0906	1.9027	0.1638	-0.9533	1.9547	0.0340	-0.8362	2.2279	0.3010	-0.0449	1.8827	-0.1249	-0.0819	1.8693	0.407	-38.007	0.0000	0.0000	0.0000	0.0000	0.0000	0.0000	0.0000	0.0000	0.0000	0.000	
10.934	0.0579	-0.0885	1.9116	0.1626	-0.9612	1.9427	0.0339	-0.8460	2.2140	0.2935	-0.0283	1.8807	-0.1327	-0.0812	1.8765	0.423	-27.504	0.0000	0.0000	0.0000	0.0000	0.0000	0.0000	0.0000	0.0000	0.0000	0.000	
11.000	0.0514	-0.0857	1.9155	0.1635	-0.9674	1.9368	0.0300	-0.8582	2.1960	0.2795	-0.0182	1.8876	-0.1539	-0.0705	1.8853	0.430	-19.394	0.0000	0.0000	0.0000	0.0000	0.0000	0.0000	0.0000	0.0000	0.0000	0.000	
11.034	0.0492	-0.0854	1.9156	0.1701	-0.9316	1.9343	0.0259	-0.8581	2.1756	0.2799	-0.0154	1.8868	-0.1605	-0.0720	1.9125	0.429	-58.266	0.0000	0.0000	0.0000	0.0000	0.0000	0.0000	0.0000	0.0000	0.0000	0.000	
11.100	0.0443	-0.0834	1.9138	0.1711	-0.9180	1.9475	-0.0382	-0.8058	2.2762	0.2783	-0.0156	1.9084	-0.1701	-0.0475	1.9011	0.427	-22.462	0.0000	0.0000	0.0000	0.0000	0.0000	0.0000	0.0000	0.0000	0.0000	0.000	
11.167	0.0421	-0.0808	1.9067	0.1688	-0.9131	2.0084	0.0253	-0.8852	2.1195	0.2773	-0.0122	1.9066	-0.1763	-0.0279	1.9114	0.412	-44.325	0.0000	0.0000	0.0000	0.0000	0.0000	0.0000	0.0000	0.0000	0.0000	0.000	
11.267	0.0431	-0.0787	1.8877	0.1640	-0.8914	2.0951	0.0790	-0.8751	2.2266	0.2775	-0.0188	1.8799	-0.1969	-0.0121	1.9282	0.374	-19.484	0.0000	0.0000	0.0000	0.0000	0.0000	0.0000	0.0000	0.0000	0.0000	0.000	
11.300	0.0527	-0.0834	1.8726	0.1644	-0.8908	2.1004	0.0147	-0.9151	2.0761	0.2775	-0.0188	1.8777	-0.1958	-0.0109	1.9291	0.337	-41.380	0.0000	0.0000	0.0000	0.0000	0.0000	0.0000	0.0000	0.0000	0.0000	0.000	
11.367	0.0587	-0.0862	1.8645	0.1631	-0.8934	2.0969	0.0135	-0.9196	2.0492	0.2823	-0.0109	1.8586	-0.2018	-0.0197	1.9321	0.334	-19.436	0.0000	0.0000	0.0000	0.0000	0.0000	0.0000	0.0000	0.0000	0.0000	0.000	
11.400	0.0607	-0.0886	1.8593	0.1637	-0.8968	2.0805	0.0179	-0.9319	2.0403	0.2834	-0.0114	1.8532	-0.1649	-0.0065	1.8977	0.317	-34.706	0.0000	0.0000	0.0000	0.0000	0.0000	0.0000	0.0000	0.0000	0.0000	0.000	
11.467	0.0649	-0.0903	1.8543	0.1613	-0.9149	2.0566	0.0613	-0.9368	2.0821	0.2974	-0.0252	1.8210	-0.1505	-0.0149	1.8886	0.310	-17.882	0.0000	0.0000	0.0000	0.0000	0.0000	0.0000	0.0000	0.0000	0.0000	0.000	
11.500	0.0668	-0.0921	1.8516	0.1587	-0.9166	2.0442	0.0135	-0.9305	1.9930	0.2981	-0.0338	1.8220	-0.1485	-0.0205	1.8833	0.303	-31.480	0.0000	0.0000	0.0000	0.0000	0.0000	0.0000	0.0000	0.0000	0.0000	0.000	
11.567	0.0727	-0.0982	1.8401	0.1592	-0.9337	2.0240	0.0790	-0.9305	2.1053	0.3047	-0.0530	1.8086	-0.1374	-0.0408	1.8564	0.279	-15.850	0.0000	0.0000	0.0000	0.0000	0.0000	0.0000	0.0000	0.0000	0.0000	0.000	
11.600	0.0756	-0.1014	1.8340	0.1590	-0.9347	2.0109	0.0217	-0.9618	1.9713	0.3096	-0.0639	1.8004	-0.1346	-0.0477	1.8438	0.267	-30.606	0.0000	0.0000	0.0000	0.0000	0.0000	0.0000	0.0000	0.0000	0.0000	0.000	
11.667	0.0797	-0.1120	1.8166	0.1554	-0.9509	1.9851	0.0143	-0.9659	1.9475	0.3233	-0.1063	1.7970	-0.1204	-0.0594	1.8112	0.232	-14.077	0.0000	0.0000	0.0000	0.0000	0.0000	0.0000	0.0000	0.0000	0.0000	0.000	
11.700	0.0801	-0.1165	1.8096	0.1573	-0.9486	1.9768	0.0155	-0.9696	1.9437	0.3258	-0.0937	1.7639	-0.1154	-0.0721	1.7918	0.220	-27.554	0.0000	0.0000	0.0000	0.0000	0.0000	0.0000	0.0000	0.0000	0.0000	0.000	
11.767	0.0792	-0.1272	1.7924	0.1568	-0.9577	1.9612	0.0615	-0.9782	1.9837	0.3454	-0.1404	1.7705	-0.1119	-0.0874	1.7705	0.184	-13.777	0.0000	0.0000	0.0000	0.0000	0.0000	0.0000	0.0000	0.0000	0.0000	0.000	
11.800	0.0786	-0.1314	1.7847	0.1572	-0.9634	1.9490	0.0183	-0.9785	1.9141	0.3444	-0.1395	1.7679	-0.1114	-0.0909	1.7661	0.170	-23.507	0.0000	0.0000	0.0000	0.0000	0.0000	0.0000	0.0000	0.0000	0.0000	0.000	
11.867	0.0793	-0.1417	1.7682	0.1587	-0.9696	1.9283	0.0179	-0.9873	1.8963	0.3375	-0.1349	1.7524	-0.1219	-0.0983	1.7532	0.136	-10.117	0.0000	0.0000	0.0000	0.0000	0.0000	0.0000	0.0000	0.0000	0.0000	0.000	
11.900	0.0782	-0.1463	1.7598	0.1597	-0.9728	1.9248	0.0619	-0.9911	1.9626	0.3318	-0.1765	1.7718	-0.1230	-0.1013	1.7526	0.119	-22.185	0.0000	0.0000	0.0000	0.0000	0.0000	0.0000	0.0000	0.0000	0.0000	0.000	
11.967	0.0786	-0.1557	1.7424	0.1560	-0.9885	1.9144	0.0746	-0.9885	1.9624	0.3193	-0.1260	1.7001	-0.1235	-0.1211	1.7155	0.085	-8.023	0.0000	0.0000	0.0000	0.0000	0.0000	0.0000	0.0000	0.0000	0.0000	0.000	
12.034	0.0782	-0.1617	1.7289	0.1567	-0.9863	1.9026	0.0173	-1.0044	1.8673	0.3193	-0.1235	1.6926	-0.1287	-0.1112	1.7276	0.058	-6.659	0.0000	0.0000	0.0000	0.0000	0.0000	0.0000	0.0000	0.0000	0.0000	0.000	
12.067	0.0788	-0.1649	1.7221	0.1549	-0.9860	1.8954	0.0176	-1.0102	1.8657	0.3179	-0.1279	1.6801	-0.1291	-0.1107	1.7248	0.044	-9.253	0.0000	0.0000	0.0000	0.0000	0.0000	0.0000	0.0000	0.0000	0.0000	0.000	
12.134	0.0767	-0.1702	1.7114	0.1559	-1.0006	1.8900	0.0815	-1.0068	1.9579	0.3164	-0.1275	1.6772	-0.1311	-0.1194	1.7017	0.023	-3.143	0.0000	0.0000	0.0000	0.0000	0.0000	0.0000	0.0000	0.0000	0.0000	0.000	
12.167	0.0743	-0.1726	1.7070	0.1552	-1.0019	1.8876	0.1044	-0.9784	1.9686	0.3156	-0.1270	1.6741	-0.1312	-0.1208	1.7012	0.015	-6.732	0.0000	0.0000	0.0000	0.0000	0.0000	0.0000	0.0000	0.0000	0.0000	0.000	
12.234	0.0736	-0.1773	1.6975	0.1574	-1.0086	1.8868	0.0698	-1.0231	1.9350	0.3146	-0.1292	1.6663	-0.1296	-0.1317	1.6840	0.000	-2.087	0.0000	0.0000	0.0000	0.0000	0.0000	0.0000	0.0000	0.0000	0.0000	0.000	
12.300	0.0731	-0.1807	1.6894	0.1582	-1.0106	1.8823	0.0709	-1.0252	1.9191	0.3128	-0.1321	1.6576	-0.1278	-0.1367	1.6755	0.000	-2.438	0.0000	0.0000	0.0000	0.0000	0.0000	0.0000	0.0000	0.0000	0.0000	0.000	
12.367	0.0717	-0.1835	1.6829	0.1583	-1.0116	1.8766	0.0867	-1.0057	1.9693	0.3126	-0.1375	1.6511	-0.1246	-0.1457	1.6631	0.000	-1.583	0.0000	0.0000	0.0000	0.0000	0.0000	0.0000	0.0000	0.0000	0.0000	0.000	
12.400	0.0717	-0.1849	1.6795	0.1566	-1.0095	1.8734	0.0821	-1.0046	1.9707	0.3131	-0.1409	1.6479	-0.1236	-0.1505	1.6560	0.000	-0.024	0.0000	0.0000	0.0000	0.0000	0.0000	0.0000	0.0000	0.0000	0.0000	0.000	
12.467	0.0716	-0.1878	1.6760	0.1573	-1.0096	1.8716	0.0872	-1.0307	1.9480	0.3124	-0.1447	1.6446	-0.1208	-0.1573	1.6463	0.000	-5.572	0.0000	0.0000	0.0000	0.0000	0.0000	0.0000	0.0000	0.0000	0.0000	0.000	
12.500	0.0721	-0.1888	1.6742	0.1593	-1.0100	1.8720	0.0848	-1.0119	1.9613	0.3122	-0.1474	1.6435	-0.1209	-0.1585	1.6451	0.000	-11.898	0.0000	0.0000	0.0000	0.0000	0.0000	0.0000	0.0000	0.0000	0.0000	0.000	
12.567	0.0729	-0.1903	1.6718	0.1591	-1.0097	1.8710	0.0786	-1.0005	1.9714	0.3187	-0.1686	1.6631	-0.1205	-0.1613	1.6445	0.000	-5.654	0.0000	0.0000	0.0000	0.0000	0.0000	0.0000	0.0000	0.0000	0.0000	0.000	
12.600	0.0733	-0.1910	1.6711	0.1601	-1.0124	1.8733	0.0893	-0.9859	1.9799	0.3189	-0.1687	1.6631	-0.1211	-0.1613	1.6449	0.000	-11.202	0.0000	0.0000	0.0000	0.0000	0.0000	0.0000	0.0000	0.0000	0.0000	0.000	
12.667	0.0742	-0.1919	1.6701	0.1601	-1.0115	1.8720	0.0697	-1.0247	1.9313	0.3166	-0.1532	1.6359	-0.1191	-0.1637	1.6395	0.000	-6.300	0.0000	0.0000	0.0000	0.0000	0.0000	0.0000	0.0000	0.0000	0.0000	0.000	
12.700	0.0745	-0.1922	1.6699	0.1597	-1.0104	1.8710	0.0970	-0.9800	1.9795	0.3202	-0.1700	1.6611	-0.1183	-0.1645	1.6384	0.000	-9.976	0.0000	0.0000	0.0000	0.0000	0.0000	0.0000	0.0000	0.0000	0.0000	0.000	
12.767	0.0750	-0.1926	1.6699	0.1586	-1.0119	1.8719	0.0778	-0.9983	1.9694	0.3202	-0.1711	1.6650	-0.1173	-0.1649	1.6389	0.000	-5.980	0.0000	0.0000	0.0000	0.0000	0.0000	0.0000	0.0000	0.0000	0.0000	0.000	
12.800	0.0751	-0.1927	1.6699	0.1584	-1.0119	1.8721	0.0195	-1.0288	1.8405	0.3142	-0.1501	1.6377	-0.1169	-0.1649	1.6394	0.000	-13.585	0.0000	0.0000	0.0000	0.0000	0.0000	0.0000	0.0000	0.0000	0.0000	0.000	
12.867	0.0761	-0.1928	1.6704	0.1583	-1.0135	1.8733	0.1035	-0.9789	1.9748	0.3142	-0.1496	1.6376	-0.1166	-0.1637	1.6416	0.000	-6.548	0.0000	0.0000	0.0000	0.0000	0.0000	0.0000	0.0000	0.0000	0.0000	0.000	
12.900	0.0770	-0.1927	1.6713	0.1585	-1.0139	1.8731	0.0200	-1.0292	1.8406	0.3143	-0.1485	1.6373	-0.1154	-0.1633	1.6425	0.000	-5.178	0.0000	0.0000	0.0000	0.0000	0.0000	0.0000	0.0000	0.0000	0.0000	0.000	
12.967	0.0781	-0.1926	1.6728	0.1592	-1.0143	1.8744	0.0200	-1.0280	1.8405	0.3146	-0.1446	1.6358	-0.1109	-0.1608	1.6462	0.000	-0.012	0.0000	0.0000	0.0000	0.0000	0.0000	0.0000	0.0000	0.0000	0.0000	0.000	
13.034	0.0793	-0.1920	1.6746	0.1587	-1.0143	1.8745	0.0210	-1.0264	1.8401	0.3148	-0.1436	1.6373	-0.1099	-0.1578	1.6513	0.000	-4.983	0.0000	0.0000	0.0000	0.0000	0.0000	0.0000	0.0000	0.0000	0.0000	0.000	
13.067	0.0794	-0.1916	1.6761	0.1587	-1.0091	1.8733	0.0206	-1.0257	1.8402	0.3147	-0.1415	1.6373	-0.1096	-0.1577	1.6522	0.000	-11.191	0.0000	0.0000	0.0000	0.0000	0.0000	0.0000	0.0000	0.0000	0.0000	0.000	
13.134	0.0792	-0.1909	1.6790	0.1583	-1.0108	1.8746	0.0204	-1.0257	1.8406	0.3139	-0.1392	1.6378	-0.1110	-0.1528	1.6602	0.000	-3.199	0.0000	0.0000	0.0000	0.0000	0.0000	0.0000	0.0000	0.0000	0.0000	0.000	
13.200	0.0795	-0.1904	1.6810	0.1569	-1.0134	1.8772	0.0203	-1.0271	1.8417	0.3132	-0.1390	1.6382	-0.1107	-0.1511	1.6588	0.000	0.000	0.0000	0.0000	0.0000	0.0000	0.0000	0.0000	0.0000	0.0000	0.0000	0.000	
13.234	0.0793	-0.1900	1.6821	0.1562	-1.0137	1.8768	0.0201	-1.0271	1.8420	0.3129	-0.1390	1.6384	-0.1109	-0.1505	1.6586	0.000	0.000	0.0000	0.0000	0.0000	0.0000	0.0000	0.0000	0.0000	0.0000	0.0000	0.000	
13.334	0.0785	-0.1891	1.6851	0.1538	-1.0135	1.8764	0.0211	-1.0258	1.8415	0.3118	-0.1393	1.6384	-0.1124	-0.1498	1.6620	0.000	0.000	0.0000	0.0000	0.0000	0.0000	0.0000	0.0000	0.0000	0.0000	0.0000	0.000	
13.367	0.0782	-0.1889	1.6861	0.1512	-1.0163	1.8802	-0.0268	-1.0264	1.9629	0.3117	-0.1393	1.6383	-0.1124	-0.1503	1.6620	0.000	0.000	0.0000	0.0000	0.0000	0.0000	0.0000	0.0000	0.0000	0.0000	0.0000	0.000	
13.434	0.0766	-0.1885	1.6879	0.1506	-1.0198	1.8799	0.0213	-1.0278	1.8434	0.3110	-0.1397	1.6378	-0.1129	-0.1506	1.6621	0.000	0.000	0.0000	0.0000	0.0000	0.0000	0.0000	0.0000	0.0000	0.0000	0.0000	0.000	
