% Time	SBX	SBY	SBZ	FRX	FRY	FRZ	FLX	FLY	FLZ	WRX	WRY	WRZ	WLX	WLY	WLZ	HDX	HDY	HDZ	HRX	HRY	HRZ	HRLX	HLY	HLZ	SpdCom	ax	ay	az	gx	gy	gz	mx	my	mz	Angle
0.034	-0.0554	-0.2302	1.8815	-0.0348	-0.9374	2.0642	-0.0438	-0.9473	2.1618	0.1352	-0.2531	1.8086	-0.2743	-0.2806	1.7829	-0.0307	0.4419	1.5363	0.0166	-0.2266	1.8491	-0.1256	-0.2257	1.8476	0.010	
0.067	-0.0554	-0.2302	1.8815	-0.0343	-0.9377	2.0637	-0.0596	-0.9536	2.1605	0.1430	-0.2517	1.8125	-0.2741	-0.2806	1.7824	-0.0306	0.4420	1.5363	0.0166	-0.2266	1.8491	-0.1256	-0.2256	1.8475	0.013	
0.100	-0.0554	-0.2302	1.8814	-0.0299	-0.9417	2.0775	-0.0520	-0.9526	2.1532	0.1413	-0.2526	1.8096	-0.2746	-0.2806	1.7812	-0.0305	0.4421	1.5364	0.0166	-0.2266	1.8491	-0.1256	-0.2256	1.8475	0.017	
0.134	-0.0554	-0.2302	1.8814	-0.0380	-0.9390	2.0526	0.0131	-0.9259	2.1566	0.1434	-0.2526	1.8104	-0.2753	-0.2807	1.7800	-0.0305	0.4422	1.5365	0.0166	-0.2266	1.8491	-0.1256	-0.2256	1.8475	0.020	
0.167	-0.0554	-0.2302	1.8814	-0.0371	-0.9383	2.0545	-0.0431	-0.9458	2.1609	0.1442	-0.2525	1.8112	-0.2757	-0.2808	1.7792	-0.0305	0.4423	1.5366	0.0167	-0.2266	1.8491	-0.1255	-0.2256	1.8475	0.023	
0.200	-0.0553	-0.2302	1.8814	-0.0342	-0.9391	2.0429	-0.0424	-0.9485	2.1613	0.1448	-0.2523	1.8119	-0.2757	-0.2808	1.7789	-0.0305	0.4424	1.5367	0.0167	-0.2266	1.8491	-0.1255	-0.2257	1.8474	0.027	
0.234	-0.0553	-0.2302	1.8814	-0.0338	-0.9379	2.0579	-0.0336	-0.9575	2.1496	0.1417	-0.2529	1.8104	-0.2756	-0.2806	1.7788	-0.0304	0.4425	1.5368	0.0167	-0.2266	1.8491	-0.1254	-0.2256	1.8473	0.030	
0.267	-0.0553	-0.2301	1.8813	-0.0322	-0.9378	2.0558	-0.0401	-0.9548	2.1619	0.1422	-0.2529	1.8102	-0.2756	-0.2805	1.7785	-0.0305	0.4426	1.5370	0.0167	-0.2266	1.8491	-0.1254	-0.2255	1.8472	0.033	
0.300	-0.0553	-0.2301	1.8812	-0.0398	-0.9386	2.0520	-0.0507	-0.9253	2.1567	0.1435	-0.2528	1.8106	-0.2755	-0.2804	1.7778	-0.0305	0.4427	1.5370	0.0168	-0.2266	1.8490	-0.1254	-0.2254	1.8471	0.037	
0.334	-0.0554	-0.2301	1.8812	-0.0332	-0.9395	2.0383	-0.0508	-0.9347	2.1573	0.1437	-0.2528	1.8105	-0.2759	-0.2796	1.7765	-0.0305	0.4428	1.5371	0.0166	-0.2266	1.8489	-0.1255	-0.2254	1.8471	0.040	
0.367	-0.0554	-0.2301	1.8812	-0.0343	-0.9389	2.0480	-0.0479	-0.9450	2.1598	0.1439	-0.2528	1.8105	-0.2765	-0.2789	1.7754	-0.0305	0.4430	1.5373	0.0165	-0.2266	1.8489	-0.1255	-0.2254	1.8471	0.043	
0.400	-0.0554	-0.2301	1.8812	-0.0349	-0.9385	2.0496	-0.0466	-0.9467	2.1610	0.1444	-0.2528	1.8103	-0.2774	-0.2787	1.7738	-0.0305	0.4432	1.5377	0.0165	-0.2266	1.8489	-0.1255	-0.2254	1.8471	0.047	
0.434	-0.0553	-0.2301	1.8811	-0.0280	-0.9390	2.0389	-0.0375	-0.9722	2.1635	0.1445	-0.2530	1.8096	-0.2776	-0.2789	1.7724	-0.0306	0.4433	1.5379	0.0166	-0.2266	1.8489	-0.1253	-0.2254	1.8469	0.050	
0.467	-0.0554	-0.2300	1.8809	-0.0513	-0.9339	2.0750	-0.0356	-0.9799	2.1598	0.1447	-0.2530	1.8093	-0.2785	-0.2791	1.7706	-0.0306	0.4435	1.5381	0.0165	-0.2265	1.8488	-0.1254	-0.2253	1.8467	0.053	
0.500	-0.0555	-0.2300	1.8809	-0.0386	-0.9360	2.0669	-0.0477	-0.9395	2.1599	0.1445	-0.2528	1.8079	-0.2791	-0.2794	1.7685	-0.0307	0.4437	1.5384	0.0164	-0.2265	1.8487	-0.1255	-0.2252	1.8466	0.057	
0.534	-0.0555	-0.2300	1.8809	-0.0324	-0.9375	2.0549	-0.0553	-0.9091	2.1527	0.1443	-0.2535	1.8064	-0.2791	-0.2795	1.7672	-0.0307	0.4440	1.5389	0.0164	-0.2265	1.8487	-0.1255	-0.2252	1.8466	0.060	
0.567	-0.0555	-0.2299	1.8809	-0.0324	-0.9371	2.0730	-0.0554	-0.9088	2.1536	0.1444	-0.2534	1.8051	-0.2799	-0.2798	1.7644	-0.0308	0.4442	1.5391	0.0164	-0.2265	1.8487	-0.1255	-0.2252	1.8466	0.063	
0.600	-0.0561	-0.2297	1.8806	-0.0183	-0.9400	2.0363	-0.0551	-0.9087	2.1543	0.1448	-0.2540	1.8031	-0.2792	-0.2804	1.7611	-0.0308	0.4444	1.5392	0.0158	-0.2263	1.8486	-0.1260	-0.2249	1.8463	0.067	
0.634	-0.0561	-0.2297	1.8807	-0.0276	-0.9360	2.0542	-0.0546	-0.9083	2.1557	0.1447	-0.2543	1.8023	-0.2797	-0.2810	1.7594	-0.0308	0.4447	1.5395	0.0157	-0.2262	1.8486	-0.1261	-0.2249	1.8463	0.070	
0.700	-0.0564	-0.2293	1.8814	-0.0950	-0.9260	2.0816	-0.0402	-0.8977	2.1895	0.1467	-0.2546	1.8008	-0.2819	-0.2822	1.7552	-0.0310	0.4452	1.5398	0.0153	-0.2259	1.8496	-0.1262	-0.2246	1.8469	0.077	
0.734	-0.0569	-0.2289	1.8832	-0.0351	-0.9402	2.0684	-0.0579	-0.9107	2.1633	0.1478	-0.2543	1.8013	-0.2836	-0.2823	1.7541	-0.0313	0.4456	1.5405	0.0147	-0.2253	1.8516	-0.1266	-0.2245	1.8484	0.080	
0.767	-0.0583	-0.2283	1.8848	-0.0362	-0.9337	2.0649	-0.0584	-0.9098	2.1659	0.1486	-0.2554	1.8022	-0.2885	-0.2821	1.7519	-0.0316	0.4459	1.5407	0.0131	-0.2247	1.8536	-0.1277	-0.2237	1.8497	0.083	
0.800	-0.0591	-0.2274	1.8862	-0.0373	-0.9390	2.0730	-0.0637	-0.9080	2.1777	0.1498	-0.2547	1.8032	-0.2910	-0.2814	1.7499	-0.0320	0.4462	1.5408	0.0123	-0.2239	1.8552	-0.1285	-0.2229	1.8508	0.087	
0.834	-0.0606	-0.2264	1.8887	-0.0344	-0.9312	2.0738	-0.0597	-0.9082	2.1688	0.1514	-0.2509	1.8043	-0.2947	-0.2811	1.7485	-0.0325	0.4467	1.5410	0.0107	-0.2231	1.8578	-0.1298	-0.2219	1.8532	0.090	
0.867	-0.0602	-0.2252	1.8911	-0.0332	-0.9259	2.0803	0.0020	-0.8888	2.1439	0.1536	-0.2489	1.8067	-0.2968	-0.2808	1.7475	-0.0330	0.4472	1.5411	0.0112	-0.2216	1.8601	-0.1295	-0.2210	1.8557	0.093	
0.900	-0.0609	-0.2243	1.8926	-0.0362	-0.9559	2.0856	0.0018	-0.8871	2.1442	0.1576	-0.2444	1.8100	-0.3016	-0.2809	1.7447	-0.0335	0.4476	1.5410	0.0105	-0.2208	1.8619	-0.1302	-0.2199	1.8570	0.097	
0.934	-0.0617	-0.2229	1.8942	-0.0379	-0.9219	2.0777	-0.1386	-0.9234	2.1295	0.1636	-0.2412	1.8136	-0.3035	-0.2810	1.7433	-0.0342	0.4480	1.5409	0.0098	-0.2193	1.8637	-0.1311	-0.2188	1.8584	0.100	
0.967	-0.0633	-0.2214	1.8969	-0.0351	-0.9430	2.0769	-0.1810	-0.9247	2.0912	0.1722	-0.2336	1.8199	-0.3051	-0.2808	1.7413	-0.0349	0.4485	1.5410	0.0082	-0.2176	1.8669	-0.1325	-0.2173	1.8606	0.103	
1.000	-0.0642	-0.2199	1.8980	-0.0536	-0.9481	2.0840	-0.2442	-0.9167	2.1064	0.1738	-0.2327	1.8237	-0.3057	-0.2808	1.7401	-0.0354	0.4488	1.5410	0.0076	-0.2164	1.8680	-0.1338	-0.2157	1.8617	0.107	
1.034	-0.0657	-0.2180	1.8997	-0.0358	-0.9510	2.0739	-0.2813	-0.8849	2.1248	0.1752	-0.2268	1.8270	-0.3067	-0.2807	1.7388	-0.0360	0.4493	1.5412	0.0063	-0.2146	1.8703	-0.1356	-0.2137	1.8628	0.110	
1.067	-0.0668	-0.2150	1.9021	-0.0379	-0.9876	2.0800	-0.2256	-0.8787	2.1364	0.1758	-0.2235	1.8306	-0.3069	-0.2795	1.7380	-0.0365	0.4496	1.5415	0.0052	-0.2115	1.8740	-0.1365	-0.2109	1.8642	0.113	
1.100	-0.0683	-0.2121	1.9065	-0.0383	-0.9680	2.0779	-0.2202	-0.8821	2.1302	0.1744	-0.2201	1.8334	-0.3069	-0.2795	1.7375	-0.0370	0.4500	1.5418	0.0035	-0.2076	1.8790	-0.1378	-0.2090	1.8678	0.117	
1.134	-0.0699	-0.2099	1.9086	-0.0383	-0.9656	2.0780	-0.2326	-0.8973	2.1189	0.1727	-0.2174	1.8377	-0.3067	-0.2793	1.7369	-0.0374	0.4504	1.5422	0.0022	-0.2052	1.8813	-0.1396	-0.2071	1.8696	0.120	
1.167	-0.0720	-0.2076	1.9108	-0.0407	-0.9634	2.0733	-0.2631	-0.8926	2.1411	0.1715	-0.2148	1.8432	-0.3059	-0.2791	1.7365	-0.0379	0.4509	1.5426	0.0002	-0.2029	1.8837	-0.1418	-0.2051	1.8716	0.123	
1.200	-0.0726	-0.2042	1.9149	-0.0384	-0.9630	2.0802	-0.2441	-0.9206	2.1203	0.1688	-0.2093	1.8491	-0.3059	-0.2783	1.7366	-0.0385	0.4514	1.5438	-0.0002	-0.1978	1.8894	-0.1423	-0.2031	1.8742	0.127	
1.234	-0.0741	-0.2017	1.9180	-0.0397	-0.9616	2.0777	-0.2482	-0.9156	2.1259	0.1603	-0.1954	1.8848	-0.3034	-0.2702	1.7360	-0.0391	0.4520	1.5450	-0.0020	-0.1953	1.8935	-0.1435	-0.2009	1.8764	0.130	
1.267	-0.0755	-0.1986	1.9215	-0.0435	-0.9581	2.0729	-0.2488	-0.9053	2.1456	0.1569	-0.1946	1.8826	-0.3065	-0.2657	1.7359	-0.0395	0.4526	1.5458	-0.0035	-0.1922	1.8971	-0.1449	-0.1979	1.8795	0.133	
1.300	-0.0775	-0.1955	1.9256	-0.0368	-0.9569	2.0786	-0.2462	-0.8971	2.1452	0.1627	-0.1909	1.8864	-0.2970	-0.2622	1.7279	-0.0399	0.4532	1.5467	-0.0057	-0.1891	1.9020	-0.1467	-0.1952	1.8828	0.137	
1.334	-0.0791	-0.1928	1.9291	-0.0352	-0.9583	2.0882	-0.2461	-0.9146	2.1363	0.1607	-0.1899	1.8841	-0.3134	-0.2562	1.7092	-0.0403	0.4536	1.5476	-0.0072	-0.1866	1.9052	-0.1483	-0.1923	1.8866	0.140	
1.367	-0.0812	-0.1895	1.9340	-0.0360	-0.9610	2.0976	-0.2245	-0.9174	2.1386	0.1917	-0.1831	1.8842	-0.3234	-0.2343	1.7193	-0.0409	0.4544	1.5487	-0.0093	-0.1833	1.9098	-0.1504	-0.1891	1.8917	0.143	
1.400	-0.0825	-0.1852	1.9388	-0.0378	-0.9605	2.0991	-0.2263	-0.8991	2.1537	0.1933	-0.1824	1.8803	-0.3218	-0.2271	1.7180	-0.0416	0.4552	1.5500	-0.0103	-0.1792	1.9137	-0.1518	-0.1848	1.8974	0.147	
1.434	-0.0831	-0.1816	1.9429	-0.0361	-0.9562	2.0855	-0.2227	-0.9131	2.1479	0.1957	-0.1838	1.8692	-0.3236	-0.2231	1.7110	-0.0420	0.4557	1.5509	-0.0110	-0.1758	1.9170	-0.1525	-0.1812	1.9023	0.150	
1.467	-0.0861	-0.1771	1.9484	-0.0380	-0.9607	2.0882	-0.2352	-0.9134	2.1502	0.2033	-0.1849	1.8565	-0.3336	-0.2115	1.7036	-0.0426	0.4563	1.5518	-0.0134	-0.1719	1.9214	-0.1559	-0.1763	1.9090	0.153	
1.500	-0.0890	-0.1731	1.9534	-0.0367	-0.8809	2.1164	-0.2314	-0.9143	2.1559	0.2094	-0.1841	1.8503	-0.3409	-0.2056	1.7002	-0.0432	0.4570	1.5533	-0.0155	-0.1687	1.9251	-0.1595	-0.1717	1.9154	0.157	
1.534	-0.0876	-0.1697	1.9564	-0.0367	-0.8808	2.1150	-0.2211	-0.9113	2.1500	0.2184	-0.1797	1.8443	-0.3537	-0.2022	1.6962	-0.0435	0.4576	1.5550	-0.0135	-0.1651	1.9280	-0.1587	-0.1685	1.9184	0.160	
1.567	-0.0859	-0.1666	1.9598	-0.0428	-0.8774	2.1260	-0.2187	-0.8974	2.1533	0.2341	-0.1715	1.8340	-0.3707	-0.2004	1.6976	-0.0440	0.4584	1.5568	-0.0117	-0.1622	1.9308	-0.1572	-0.1654	1.9224	0.163	
