% Time	SBX	SBY	SBZ	FRX	FRY	FRZ	FLX	FLY	FLZ	WRX	WRY	WRZ	WLX	WLY	WLZ	HDX	HDY	HDZ	HRX	HRY	HRZ	HRLX	HLY	HLZ	SpdCom	ax	ay	az	gx	gy	gz	mx	my	mz	Angle
0.034	-0.2692	-0.9116	3.1497	-0.1054	-1.1080	2.9404	-0.2901	-1.1466	2.7607	-0.1650	-0.8588	2.9539	-0.5948	-0.6774	3.0357	-0.4244	-0.3541	3.4865	-0.2002	-0.8784	3.1362	-0.3365	-0.9275	3.1070	0.010	
0.067	-0.2701	-0.9132	3.1517	-0.1008	-1.1121	2.9461	-0.2911	-1.1467	2.7611	-0.1723	-0.8271	2.9256	-0.5946	-0.6772	3.0358	-0.4250	-0.3542	3.4864	-0.2005	-0.8855	3.1460	-0.3369	-0.9276	3.1071	0.013	
0.100	-0.2699	-0.9137	3.1515	-0.1011	-1.1123	2.9463	-0.2888	-1.1458	2.7619	-0.1723	-0.8279	2.9251	-0.5948	-0.6775	3.0360	-0.4259	-0.3548	3.4868	-0.2001	-0.8859	3.1455	-0.3368	-0.9280	3.1069	0.017	
0.134	-0.2704	-0.9119	3.1473	-0.1067	-1.1089	2.9366	-0.2889	-1.1454	2.7613	-0.1723	-0.8283	2.9244	-0.5947	-0.6774	3.0359	-0.4267	-0.3553	3.4877	-0.2010	-0.8801	3.1324	-0.3368	-0.9277	3.1063	0.020	
0.167	-0.2704	-0.9117	3.1472	-0.1039	-1.0994	2.9452	-0.2884	-1.1453	2.7614	-0.1724	-0.8286	2.9241	-0.5939	-0.6784	3.0356	-0.4267	-0.3553	3.4878	-0.2010	-0.8800	3.1324	-0.3364	-0.9273	3.1062	0.023	
0.200	-0.2721	-0.9108	3.1457	-0.1112	-1.1021	2.9354	-0.2737	-1.1384	2.7692	-0.1727	-0.8257	2.9279	-0.5942	-0.6784	3.0347	-0.4292	-0.3558	3.4865	-0.2033	-0.8790	3.1305	-0.3371	-0.9269	3.1058	0.027	
0.234	-0.2707	-0.9100	3.1441	-0.1145	-1.1054	2.9313	-0.2773	-1.1405	2.7663	-0.1672	-0.8654	2.9509	-0.5942	-0.6782	3.0344	-0.4297	-0.3558	3.4854	-0.2019	-0.8784	3.1290	-0.3358	-0.9261	3.1047	0.030	
0.267	-0.2713	-0.9127	3.1479	-0.1069	-1.1120	2.9390	-0.2782	-1.1431	2.7638	-0.1691	-0.8314	2.9244	-0.5945	-0.6780	3.0342	-0.4300	-0.3559	3.4847	-0.2011	-0.8857	3.1410	-0.3364	-0.9267	3.1054	0.033	
0.300	-0.2715	-0.9124	3.1476	-0.1082	-1.1116	2.9394	-0.2764	-1.1422	2.7647	-0.1626	-0.8600	2.9480	-0.5939	-0.6776	3.0340	-0.4299	-0.3559	3.4846	-0.2013	-0.8849	3.1401	-0.3368	-0.9262	3.1048	0.037	
0.334	-0.2715	-0.9111	3.1460	-0.1067	-1.1021	2.9404	-0.2745	-1.1407	2.7658	-0.1633	-0.8599	2.9485	-0.5936	-0.6776	3.0345	-0.4300	-0.3561	3.4842	-0.2028	-0.8804	3.1342	-0.3364	-0.9259	3.1045	0.040	
0.367	-0.2719	-0.9104	3.1446	-0.1087	-1.1027	2.9385	-0.2772	-1.1406	2.7651	-0.1739	-0.8295	2.9255	-0.5939	-0.6776	3.0342	-0.4278	-0.3554	3.4860	-0.2030	-0.8794	3.1317	-0.3367	-0.9257	3.1040	0.043	
0.400	-0.2719	-0.9108	3.1451	-0.1084	-1.1085	2.9401	-0.2791	-1.1406	2.7634	-0.1645	-0.8608	2.9497	-0.5935	-0.6774	3.0339	-0.4271	-0.3552	3.4853	-0.2022	-0.8831	3.1392	-0.3370	-0.9254	3.1024	0.047	
0.434	-0.2719	-0.9119	3.1463	-0.1057	-1.1092	2.9396	-0.2751	-1.1385	2.7680	-0.1641	-0.8642	2.9505	-0.5937	-0.6776	3.0334	-0.4273	-0.3548	3.4832	-0.2022	-0.8835	3.1390	-0.3372	-0.9268	3.1053	0.050	
0.467	-0.2718	-0.9124	3.1465	-0.1044	-1.1116	2.9386	-0.2771	-1.1400	2.7681	-0.2150	-0.8242	2.9135	-0.5937	-0.6775	3.0334	-0.4271	-0.3549	3.4829	-0.2022	-0.8837	3.1387	-0.3370	-0.9275	3.1057	0.053	
0.500	-0.2725	-0.9128	3.1474	-0.1024	-1.1120	2.9559	-0.2810	-1.1400	2.7556	-0.1728	-0.8299	2.9207	-0.5936	-0.6775	3.0336	-0.4270	-0.3549	3.4826	-0.2045	-0.8875	3.1589	-0.3396	-0.9260	3.0943	0.057	
0.534	-0.2723	-0.9121	3.1455	-0.1056	-1.1100	2.9404	-0.2825	-1.1414	2.7541	-0.1796	-0.8237	2.9209	-0.5932	-0.6772	3.0340	-0.4277	-0.3549	3.4826	-0.2034	-0.8795	3.1393	-0.3392	-0.9263	3.0943	0.060	
0.567	-0.2730	-0.9123	3.1455	-0.1091	-1.1083	2.9429	-0.2827	-1.1417	2.7550	-0.1992	-0.8105	2.9176	-0.5954	-0.6785	3.0356	-0.4279	-0.3549	3.4820	-0.2040	-0.8807	3.1392	-0.3402	-0.9261	3.0955	0.063	
0.600	-0.2728	-0.9120	3.1459	-0.1056	-1.1016	2.9488	-0.2827	-1.1420	2.7578	-0.1993	-0.8105	2.9173	-0.5958	-0.6787	3.0363	-0.4279	-0.3544	3.4812	-0.2034	-0.8809	3.1392	-0.3397	-0.9250	3.0983	0.067	
0.634	-0.2719	-0.9131	3.1477	-0.1080	-1.1151	2.9418	-0.2789	-1.1405	2.7613	-0.2092	-0.8194	2.9232	-0.5957	-0.6786	3.0362	-0.4284	-0.3545	3.4806	-0.2002	-0.8830	3.1421	-0.3397	-0.9263	3.1003	0.070	
0.667	-0.2717	-0.9122	3.1471	-0.1086	-1.1134	2.9395	-0.2759	-1.1386	2.7653	-0.1619	-0.8577	2.9551	-0.5961	-0.6789	3.0351	-0.4276	-0.3547	3.4806	-0.2016	-0.8806	3.1373	-0.3380	-0.9257	3.1015	0.073	
0.700	-0.2715	-0.9124	3.1466	-0.1089	-1.1136	2.9396	-0.2839	-1.1417	2.7597	-0.1732	-0.8298	2.9290	-0.5956	-0.6785	3.0347	-0.4279	-0.3551	3.4805	-0.2010	-0.8818	3.1379	-0.3383	-0.9256	3.0994	0.077	
0.734	-0.2721	-0.9117	3.1425	-0.1092	-1.1117	2.9403	-0.2858	-1.1412	2.7530	-0.1727	-0.8312	2.9275	-0.5957	-0.6786	3.0345	-0.4277	-0.3554	3.4811	-0.2007	-0.8819	3.1368	-0.3400	-0.9245	3.0928	0.080	
0.767	-0.2751	-0.9102	3.1388	-0.1086	-1.0995	2.9434	-0.2863	-1.1415	2.7509	-0.1728	-0.8306	2.9283	-0.5954	-0.6783	3.0341	-0.4269	-0.3553	3.4812	-0.2058	-0.8800	3.1312	-0.3409	-0.9239	3.0917	0.083	
0.800	-0.2707	-0.9123	3.1450	-0.1017	-1.1046	2.9445	-0.2895	-1.1447	2.7564	-0.1725	-0.8311	2.9274	-0.5958	-0.6786	3.0343	-0.4264	-0.3549	3.4806	-0.2008	-0.8829	3.1382	-0.3361	-0.9261	3.0987	0.087	
0.834	-0.2703	-0.9110	3.1436	-0.1134	-1.1115	2.9245	-0.2886	-1.1451	2.7578	-0.1728	-0.8303	2.9276	-0.5957	-0.6794	3.0343	-0.4259	-0.3547	3.4805	-0.2018	-0.8758	3.1273	-0.3348	-0.9263	3.1004	0.090	
0.867	-0.2702	-0.9107	3.1443	-0.1115	-1.1121	2.9258	-0.2903	-1.1466	2.7595	-0.1730	-0.8277	2.9265	-0.5954	-0.6792	3.0345	-0.4246	-0.3536	3.4792	-0.2019	-0.8762	3.1285	-0.3344	-0.9256	3.1028	0.093	
0.900	-0.2691	-0.9120	3.1480	-0.0954	-1.1028	2.9588	-0.2781	-1.1409	2.7658	-0.1735	-0.8276	2.9246	-0.5949	-0.6786	3.0342	-0.4242	-0.3540	3.4794	-0.1979	-0.8863	3.1502	-0.3343	-0.9255	3.1028	0.097	
0.934	-0.2700	-0.9111	3.1474	-0.1094	-1.1150	2.9411	-0.2815	-1.1415	2.7653	-0.2137	-0.8176	2.9260	-0.5944	-0.6788	3.0340	-0.4240	-0.3539	3.4797	-0.2007	-0.8833	3.1426	-0.3354	-0.9243	3.1031	0.100	
0.967	-0.2700	-0.9110	3.1473	-0.1052	-1.1070	2.9450	-0.2818	-1.1414	2.7655	-0.2126	-0.8188	2.9257	-0.5948	-0.6791	3.0340	-0.4239	-0.3539	3.4795	-0.2005	-0.8824	3.1399	-0.3351	-0.9241	3.1036	0.103	
1.000	-0.2701	-0.9118	3.1507	-0.1045	-1.1078	2.9458	-0.2776	-1.1400	2.7744	-0.1720	-0.8299	2.9272	-0.5945	-0.6788	3.0347	-0.4228	-0.3535	3.4809	-0.2002	-0.8836	3.1416	-0.3358	-0.9242	3.1088	0.107	
1.034	-0.2701	-0.9116	3.1507	-0.1058	-1.1085	2.9445	-0.2759	-1.1391	2.7753	-0.1886	-0.8181	2.9237	-0.5937	-0.6782	3.0342	-0.4205	-0.3530	3.4828	-0.2006	-0.8831	3.1415	-0.3356	-0.9242	3.1086	0.110	
1.067	-0.2699	-0.9115	3.1503	-0.1053	-1.1106	2.9407	-0.2890	-1.1459	2.7664	-0.1747	-0.8273	2.9269	-0.5939	-0.6761	3.0339	-0.4198	-0.3521	3.4821	-0.2004	-0.8822	3.1382	-0.3352	-0.9245	3.1089	0.113	
1.100	-0.2699	-0.9116	3.1509	-0.1051	-1.1124	2.9399	-0.2902	-1.1467	2.7663	-0.1750	-0.8290	2.9243	-0.5940	-0.6785	3.0346	-0.4195	-0.3516	3.4825	-0.2005	-0.8823	3.1386	-0.3350	-0.9248	3.1101	0.117	
1.134	-0.2702	-0.9121	3.1511	-0.1051	-1.1142	2.9415	-0.2906	-1.1468	2.7663	-0.1611	-0.8650	2.9509	-0.5935	-0.6783	3.0347	-0.4194	-0.3519	3.4827	-0.2011	-0.8845	3.1404	-0.3351	-0.9248	3.1099	0.120	
1.167	-0.2702	-0.9120	3.1513	-0.1053	-1.1139	2.9417	-0.2898	-1.1464	2.7671	-0.1747	-0.8306	2.9237	-0.5926	-0.6779	3.0366	-0.4218	-0.3528	3.4851	-0.2011	-0.8842	3.1404	-0.3351	-0.9248	3.1102	0.123	
1.200	-0.2708	-0.9118	3.1501	-0.1083	-1.1125	2.9435	-0.2919	-1.1462	2.7627	-0.2136	-0.8200	2.9243	-0.5923	-0.6778	3.0368	-0.4118	-0.3499	3.4859	-0.2011	-0.8841	3.1403	-0.3372	-0.9247	3.1063	0.127	
1.234	-0.2709	-0.9120	3.1506	-0.1085	-1.1140	2.9392	-0.2926	-1.1452	2.7628	-0.2138	-0.8201	2.9246	-0.5922	-0.6777	3.0369	-0.4133	-0.3505	3.4856	-0.2011	-0.8844	3.1415	-0.3373	-0.9247	3.1065	0.130	
1.267	-0.2708	-0.9120	3.1506	-0.1071	-1.1116	2.9411	-0.2662	-1.1326	2.7823	-0.2128	-0.8205	2.9252	-0.5922	-0.6777	3.0370	-0.4171	-0.3524	3.4884	-0.2012	-0.8841	3.1406	-0.3361	-0.9254	3.1082	0.133	
1.300	-0.2705	-0.9121	3.1504	-0.1075	-1.1146	2.9386	-0.2505	-1.1689	2.7720	-0.2127	-0.8207	2.9247	-0.5926	-0.6776	3.0360	-0.4145	-0.3523	3.4888	-0.2010	-0.8839	3.1399	-0.3354	-0.9258	3.1083	0.137	
1.334	-0.2656	-0.9127	3.1542	-0.2560	-1.1304	2.7300	-0.2753	-1.1494	2.7730	-0.1722	-0.8323	2.9263	-0.5927	-0.6776	3.0360	-0.4137	-0.3520	3.4885	-0.1990	-0.8834	3.1412	-0.3263	-0.9281	3.1162	0.140	
1.367	-0.2659	-0.9127	3.1541	-0.1012	-1.1192	2.9344	-0.2836	-1.1523	2.7671	-0.1642	-0.8615	2.9472	-0.5930	-0.6775	3.0352	-0.4125	-0.3516	3.4884	-0.1991	-0.8835	3.1411	-0.3272	-0.9280	3.1157	0.143	
1.400	-0.2658	-0.9125	3.1537	-0.1012	-1.1186	2.9356	-0.2840	-1.1516	2.7664	-0.1736	-0.8297	2.9266	-0.5929	-0.6772	3.0350	-0.4150	-0.3524	3.4879	-0.1991	-0.8832	3.1409	-0.3270	-0.9276	3.1148	0.147	
1.434	-0.2665	-0.9124	3.1535	-0.0973	-1.1042	2.9520	-0.2859	-1.1501	2.7649	-0.1737	-0.8305	2.9253	-0.5925	-0.6770	3.0357	-0.4160	-0.3531	3.4886	-0.1994	-0.8833	3.1415	-0.3299	-0.9265	3.1123	0.150	
1.467	-0.2665	-0.9124	3.1535	-0.0996	-1.1092	2.9455	-0.2877	-1.1490	2.7648	-0.1731	-0.8298	2.9252	-0.5924	-0.6770	3.0357	-0.4163	-0.3530	3.4885	-0.1991	-0.8832	3.1419	-0.3303	-0.9263	3.1116	0.153	
1.500	-0.2651	-0.9116	3.1530	-0.1038	-1.1095	2.9431	-0.2882	-1.1472	2.7645	-0.1834	-0.8213	2.9210	-0.5925	-0.6770	3.0360	-0.4164	-0.3533	3.4886	-0.1971	-0.8823	3.1423	-0.3290	-0.9256	3.1103	0.157	
1.534	-0.2651	-0.9121	3.1533	-0.1024	-1.1130	2.9419	-0.2511	-1.1640	2.7818	-0.1775	-0.8272	2.9233	-0.5921	-0.6767	3.0362	-0.4167	-0.3530	3.4888	-0.1967	-0.8831	3.1429	-0.3292	-0.9259	3.1105	0.160	
1.567	-0.2667	-0.9126	3.1540	-0.1061	-1.1152	2.9434	-0.2749	-1.1449	2.7767	-0.2072	-0.8191	2.9230	-0.5921	-0.6767	3.0362	-0.4163	-0.3525	3.4883	-0.1979	-0.8843	3.1435	-0.3316	-0.9256	3.1115	0.163	
1.600	-0.2669	-0.9122	3.1528	-0.1075	-1.1153	2.9405	-0.2757	-1.1445	2.7752	-0.1743	-0.8289	2.9228	-0.5922	-0.6767	3.0360	-0.4164	-0.3526	3.4883	-0.1983	-0.8832	3.1412	-0.3316	-0.9256	3.1112	0.167	
1.634	-0.2669	-0.9122	3.1528	-0.1053	-1.1151	2.9420	-0.2825	-1.1479	2.7699	-0.1731	-0.8293	2.9239	-0.5922	-0.6766	3.0353	-0.4150	-0.3521	3.4870	-0.1983	-0.8833	3.1410	-0.3314	-0.9259	3.1115	0.170	
1.667	-0.2676	-0.9117	3.1516	-0.1078	-1.1129	2.9432	-0.2829	-1.1475	2.7697	-0.1861	-0.8209	2.9216	-0.5920	-0.6766	3.0356	-0.4145	-0.3519	3.4867	-0.1992	-0.8826	3.1394	-0.3319	-0.9255	3.1108	0.173	
1.700	-0.2676	-0.9118	3.1516	-0.1052	-1.1146	2.9412	-0.2864	-1.1489	2.7679	-0.1630	-0.8650	2.9470	-0.5921	-0.6767	3.0355	-0.4148	-0.3521	3.4866	-0.1993	-0.8828	3.1393	-0.3316	-0.9256	3.1109	0.177	
1.734	-0.2686	-0.9097	3.1464	-0.1115	-1.1131	2.9341	-0.2866	-1.1467	2.7652	-0.1696	-0.8316	2.9230	-0.5926	-0.6767	3.0354	-0.4164	-0.3525	3.4858	-0.2009	-0.8792	3.1315	-0.3321	-0.9247	3.1079	0.180	
1.767	-0.2686	-0.9101	3.1468	-0.1096	-1.1136	2.9376	-0.2888	-1.1470	2.7647	-0.1628	-0.8680	2.9507	-0.5924	-0.6767	3.0356	-0.4161	-0.3525	3.4860	-0.1999	-0.8811	3.1353	-0.3324	-0.9248	3.1074	0.183	
1.800	-0.2661	-0.9121	3.1512	-0.1131	-1.1318	2.9231	-0.2892	-1.1461	2.7658	-0.1632	-0.8684	2.9486	-0.5923	-0.6764	3.0359	-0.4164	-0.3526	3.4859	-0.1945	-0.8842	3.1465	-0.3318	-0.9256	3.1079	0.187	
1.834	-0.2671	-0.9110	3.1501	-0.1018	-1.0990	2.9485	-0.2756	-1.1397	2.7733	-0.1703	-0.8334	2.9234	-0.5962	-0.6791	3.0386	-0.4159	-0.3528	3.4879	-0.1983	-0.8809	3.1405	-0.3321	-0.9251	3.1078	0.190	
1.867	-0.2677	-0.9106	3.1493	-0.1092	-1.1078	2.9377	-0.2780	-1.1409	2.7723	-0.1624	-0.8692	2.9522	-0.5947	-0.6779	3.0372	-0.4169	-0.3530	3.4871	-0.2001	-0.8801	3.1374	-0.3321	-0.9250	3.1078	0.193	
1.900	-0.2666	-0.9106	3.1495	-0.1062	-1.1085	2.9390	-0.2812	-1.1431	2.7728	-0.1628	-0.8676	2.9536	-0.5944	-0.6775	3.0367	-0.4174	-0.3535	3.4874	-0.1996	-0.8798	3.1371	-0.3291	-0.9258	3.1095	0.197	
1.934	-0.2669	-0.9132	3.1538	-0.1096	-1.1203	2.9464	-0.2816	-1.1440	2.7735	-0.1708	-0.8302	2.9269	-0.5940	-0.6773	3.0370	-0.4173	-0.3536	3.4871	-0.1997	-0.8840	3.1446	-0.3295	-0.9273	3.1114	0.200	
1.967	-0.2671	-0.9117	3.1517	-0.1102	-1.1138	2.9431	-0.2826	-1.1444	2.7725	-0.1712	-0.8295	2.9271	-0.5937	-0.6773	3.0375	-0.4164	-0.3536	3.4872	-0.2006	-0.8805	3.1384	-0.3294	-0.9269	3.1110	0.203	
2.000	-0.2669	-0.9119	3.1522	-0.1078	-1.1164	2.9376	-0.2829	-1.1444	2.7741	-0.1726	-0.8286	2.9259	-0.5933	-0.6770	3.0374	-0.4170	-0.3537	3.4874	-0.2006	-0.8807	3.1386	-0.3286	-0.9272	3.1126	0.207	
2.034	-0.2667	-0.9134	3.1535	-0.1033	-1.1107	2.9483	-0.2831	-1.1445	2.7747	-0.1726	-0.8293	2.9256	-0.5933	-0.6770	3.0374	-0.4133	-0.3529	3.4898	-0.1994	-0.8832	3.1410	-0.3290	-0.9282	3.1133	0.210	
2.067	-0.2676	-0.9137	3.1532	-0.2779	-1.0300	2.7144	-0.2849	-1.1441	2.7713	-0.1607	-0.8668	2.9516	-0.5931	-0.6769	3.0369	-0.4154	-0.3529	3.4896	-0.1994	-0.8840	3.1416	-0.3335	-0.9276	3.1105	0.213	
2.100	-0.2676	-0.9129	3.1523	-0.1037	-1.1070	2.9475	-0.2849	-1.1442	2.7720	-0.1608	-0.8666	2.9517	-0.5933	-0.6768	3.0366	-0.4154	-0.3524	3.4885	-0.2001	-0.8815	3.1374	-0.3330	-0.9275	3.1109	0.217	
2.134	-0.2693	-0.9129	3.1498	-0.1075	-1.1108	2.9427	-0.2924	-1.1463	2.7644	-0.1731	-0.8303	2.9243	-0.5937	-0.6769	3.0355	-0.4168	-0.3527	3.4878	-0.2008	-0.8830	3.1367	-0.3355	-0.9252	3.1066	0.220	
2.167	-0.2692	-0.9121	3.1496	-0.1070	-1.1097	2.9420	-0.2941	-1.1473	2.7628	-0.1737	-0.8312	2.9239	-0.5931	-0.6764	3.0354	-0.4164	-0.3518	3.4878	-0.2007	-0.8816	3.1365	-0.3352	-0.9251	3.1067	0.223	
2.200	-0.2696	-0.9110	3.1485	-0.1087	-1.1074	2.9423	-0.2943	-1.1491	2.7603	-0.1736	-0.8305	2.9248	-0.5930	-0.6763	3.0356	-0.4147	-0.3500	3.4870	-0.2011	-0.8803	3.1351	-0.3352	-0.9248	3.1065	0.227	
2.234	-0.2692	-0.9109	3.1485	-0.1071	-1.1088	2.9409	-0.2916	-1.1484	2.7627	-0.1639	-0.8631	2.9498	-0.5929	-0.6762	3.0359	-0.4169	-0.3511	3.4881	-0.2008	-0.8800	3.1346	-0.3335	-0.9253	3.1082	0.230	
2.267	-0.2697	-0.9120	3.1515	-0.1023	-1.1125	2.9512	-0.2924	-1.1487	2.7619	-0.1776	-0.8249	2.9228	-0.5924	-0.6760	3.0359	-0.4135	-0.3502	3.4894	-0.1994	-0.8863	3.1489	-0.3342	-0.9252	3.1081	0.233	
2.300	-0.2697	-0.9119	3.1508	-0.1069	-1.1108	2.9444	-0.2934	-1.1488	2.7624	-0.1609	-0.8602	2.9477	-0.5923	-0.6759	3.0358	-0.4138	-0.3502	3.4888	-0.2004	-0.8831	3.1414	-0.3341	-0.9253	3.1081	0.237	
2.334	-0.2704	-0.9122	3.1506	-0.1078	-1.1109	2.9447	-0.2937	-1.1480	2.7616	-0.1609	-0.8611	2.9479	-0.5935	-0.6769	3.0364	-0.4134	-0.3498	3.4893	-0.2003	-0.8838	3.1415	-0.3374	-0.9252	3.1070	0.240	
2.367	-0.2695	-0.9125	3.1512	-0.1056	-1.1123	2.9471	-0.2918	-1.1472	2.7620	-0.1690	-0.8322	2.9260	-0.5927	-0.6766	3.0361	-0.4132	-0.3497	3.4897	-0.1978	-0.8838	3.1457	-0.3365	-0.9260	3.1060	0.243	
2.400	-0.2695	-0.9127	3.1513	-0.1032	-1.1138	2.9467	-0.2926	-1.1477	2.7615	-0.1694	-0.8314	2.9267	-0.5929	-0.6767	3.0363	-0.4144	-0.3503	3.4902	-0.1977	-0.8843	3.1463	-0.3365	-0.9262	3.1057	0.247	
2.434	-0.2697	-0.9121	3.1508	-0.1078	-1.1120	2.9431	-0.2930	-1.1478	2.7619	-0.1698	-0.8305	2.9274	-0.5936	-0.6775	3.0368	-0.4147	-0.3501	3.4896	-0.1997	-0.8816	3.1422	-0.3362	-0.9260	3.1060	0.250	
2.467	-0.2693	-0.9120	3.1509	-0.1064	-1.1131	2.9417	-0.2928	-1.1484	2.7629	-0.1701	-0.8324	2.9270	-0.5935	-0.6776	3.0366	-0.4148	-0.3499	3.4889	-0.1995	-0.8816	3.1418	-0.3349	-0.9261	3.1072	0.253	
2.500	-0.2692	-0.9120	3.1508	-0.1062	-1.1134	2.9401	-0.2910	-1.1474	2.7646	-0.1703	-0.8333	2.9264	-0.5930	-0.6771	3.0366	-0.4135	-0.3503	3.4892	-0.1996	-0.8812	3.1406	-0.3340	-0.9262	3.1082	0.257	
2.534	-0.2692	-0.9117	3.1506	-0.1075	-1.1126	2.9411	-0.2895	-1.1467	2.7638	-0.1710	-0.8330	2.9265	-0.5932	-0.6772	3.0368	-0.4136	-0.3502	3.4889	-0.1995	-0.8810	3.1408	-0.3344	-0.9257	3.1066	0.260	
2.567	-0.2688	-0.9114	3.1505	-0.1080	-1.1131	2.9410	-0.2899	-1.1468	2.7640	-0.1711	-0.8331	2.9264	-0.5932	-0.6771	3.0368	-0.4131	-0.3501	3.4891	-0.1991	-0.8801	3.1406	-0.3339	-0.9260	3.1067	0.263	
2.600	-0.2683	-0.9108	3.1505	-0.1086	-1.1137	2.9390	-0.2899	-1.1466	2.7657	-0.1714	-0.8293	2.9311	-0.5929	-0.6769	3.0362	-0.4158	-0.3508	3.4879	-0.1995	-0.8784	3.1393	-0.3317	-0.9258	3.1083	0.267	
2.634	-0.2684	-0.9108	3.1505	-0.1079	-1.1138	2.9396	-0.2903	-1.1466	2.7652	-0.1610	-0.8679	2.9575	-0.5924	-0.6766	3.0362	-0.4161	-0.3510	3.4886	-0.1990	-0.8788	3.1398	-0.3331	-0.9260	3.1076	0.270	
2.667	-0.2684	-0.9112	3.1517	-0.1066	-1.1135	2.9408	-0.2896	-1.1471	2.7680	-0.1611	-0.8680	2.9572	-0.5922	-0.6766	3.0359	-0.4158	-0.3511	3.4892	-0.1994	-0.8795	3.1407	-0.3325	-0.9266	3.1100	0.273	
2.700	-0.2683	-0.9112	3.1516	-0.1064	-1.1126	2.9394	-0.2884	-1.1467	2.7681	-0.1600	-0.8703	2.9602	-0.5915	-0.6766	3.0365	-0.4164	-0.3515	3.4892	-0.1996	-0.8795	3.1400	-0.3319	-0.9267	3.1103	0.277	
2.734	-0.2691	-0.9113	3.1502	-0.1094	-1.1110	2.9414	-0.2892	-1.1465	2.7647	-0.1695	-0.8342	2.9309	-0.5915	-0.6766	3.0365	-0.4141	-0.3509	3.4881	-0.2001	-0.8798	3.1395	-0.3334	-0.9263	3.1071	0.280	
2.767	-0.2683	-0.9094	3.1479	-0.1141	-1.1108	2.9352	-0.2899	-1.1466	2.7636	-0.1694	-0.8349	2.9300	-0.5924	-0.6769	3.0370	-0.4142	-0.3508	3.4882	-0.1993	-0.8777	3.1364	-0.3327	-0.9251	3.1059	0.283	
2.800	-0.2693	-0.9095	3.1469	-0.1148	-1.1114	2.9363	-0.2923	-1.1469	2.7589	-0.1713	-0.8314	2.9268	-0.5926	-0.6768	3.0367	-0.4143	-0.3504	3.4878	-0.1995	-0.8782	3.1365	-0.3357	-0.9243	3.1025	0.287	
2.834	-0.2725	-0.9101	3.1488	-0.1108	-1.1075	2.9475	-0.2917	-1.1462	2.7591	-0.1623	-0.8642	2.9507	-0.5921	-0.6765	3.0373	-0.4145	-0.3501	3.4879	-0.2025	-0.8811	3.1414	-0.3396	-0.9236	3.1032	0.290	
2.867	-0.2716	-0.9103	3.1495	-0.1057	-1.1085	2.9507	-0.2918	-1.1462	2.7592	-0.1733	-0.8286	2.9244	-0.5920	-0.6765	3.0372	-0.4153	-0.3505	3.4882	-0.1986	-0.8807	3.1462	-0.3393	-0.9241	3.1027	0.293	
2.900	-0.2703	-0.9102	3.1532	-0.1066	-1.1087	2.9496	-0.2789	-1.1422	2.7807	-0.1638	-0.8592	2.9463	-0.5928	-0.6773	3.0375	-0.4197	-0.3523	3.4893	-0.1987	-0.8810	3.1459	-0.3339	-0.9224	3.1182	0.297	
