% Time	SBX	SBY	SBZ	FRX	FRY	FRZ	FLX	FLY	FLZ	WRX	WRY	WRZ	WLX	WLY	WLZ	HDX	HDY	HDZ	HRX	HRY	HRZ	HRLX	HLY	HLZ	SpdCom	ax	ay	az	gx	gy	gz	mx	my	mz	Angle
0.100	-0.2802	-0.6141	3.2734	-0.2476	-1.2055	3.0803	-0.3248	-1.2189	3.1971	-0.5421	-0.3833	3.0460	-0.5619	-0.4701	2.9963	-0.3873	-0.0265	3.2815	-0.2061	-0.6077	3.2364	-0.3501	-0.6107	3.2576	0.020	
0.167	-0.2800	-0.6134	3.2730	-0.2457	-1.2051	3.0786	-0.2862	-1.2073	3.1776	-0.5461	-0.3898	3.0445	-0.6081	-0.4524	3.0012	-0.3881	-0.0255	3.2821	-0.2057	-0.6066	3.2361	-0.3499	-0.6102	3.2572	0.027	
0.267	-0.2791	-0.6140	3.2712	-0.2405	-1.2064	3.0721	-0.3240	-1.2166	3.1949	-0.5457	-0.3924	3.0418	-0.6354	-0.4327	3.0064	-0.3880	-0.0255	3.2818	-0.2042	-0.6075	3.2344	-0.3493	-0.6106	3.2550	0.037	
0.367	-0.2782	-0.6121	3.2758	-0.2402	-1.2011	3.0745	-0.2780	-1.2043	3.1729	-0.5429	-0.3811	3.0466	-0.6002	-0.4604	3.0020	-0.3878	-0.0256	3.2821	-0.2021	-0.6031	3.2378	-0.3495	-0.6106	3.2614	0.047	
0.434	-0.2789	-0.6090	3.2807	-0.2430	-1.1970	3.0808	-0.3242	-1.2185	3.1972	-0.5379	-0.3934	3.0432	-0.6307	-0.4336	3.0058	-0.3880	-0.0255	3.2818	-0.2026	-0.5998	3.2417	-0.3506	-0.6081	3.2669	0.053	
0.534	-0.2793	-0.6101	3.2793	-0.2374	-1.2001	3.0748	-0.3258	-1.2188	3.1990	-0.5347	-0.3879	3.0444	-0.5628	-0.4713	2.9979	-0.3882	-0.0253	3.2815	-0.2038	-0.6030	3.2408	-0.3502	-0.6078	3.2644	0.063	
0.634	-0.2786	-0.6137	3.2757	-0.2366	-1.2049	3.0715	-0.3279	-1.2213	3.2044	-0.5316	-0.3877	3.0446	-0.5916	-0.4954	3.0329	-0.3878	-0.0249	3.2819	-0.2034	-0.6077	3.2379	-0.3491	-0.6101	3.2601	0.073	
0.700	-0.2778	-0.6135	3.2731	-0.2408	-1.2044	3.0754	-0.2763	-1.2012	3.1641	-0.5318	-0.3862	3.0446	-0.6430	-0.4259	3.0148	-0.3876	-0.0251	3.2816	-0.2025	-0.6061	3.2348	-0.3485	-0.6110	3.2577	0.080	
0.800	-0.2779	-0.6131	3.2733	-0.2374	-1.2043	3.0721	-0.3300	-1.2206	3.2019	-0.5423	-0.3923	3.0448	-0.6258	-0.4441	3.0129	-0.3875	-0.0252	3.2815	-0.2029	-0.6058	3.2355	-0.3483	-0.6102	3.2573	0.090	
0.900	-0.2785	-0.6115	3.2756	-0.2492	-1.2022	3.0841	-0.3169	-1.2175	3.1939	-0.5425	-0.3866	3.0463	-0.6104	-0.4500	3.0073	-0.3873	-0.0255	3.2813	-0.2032	-0.6039	3.2377	-0.3494	-0.6091	3.2603	0.100	
1.000	-0.2773	-0.6116	3.2726	-0.2450	-1.2029	3.0814	-0.3074	-1.2136	3.1910	-0.5449	-0.3928	3.0450	-0.6288	-0.4401	3.0113	-0.3877	-0.0252	3.2813	-0.2017	-0.6038	3.2355	-0.3479	-0.6089	3.2561	0.110	
1.100	-0.2778	-0.6109	3.2751	-0.2399	-1.2009	3.0760	-0.3206	-1.2184	3.2012	-0.5452	-0.3848	3.0446	-0.6091	-0.4507	2.9959	-0.3874	-0.0254	3.2812	-0.2017	-0.6029	3.2374	-0.3494	-0.6085	3.2600	0.120	
1.200	-0.2784	-0.6096	3.2750	-0.2367	-1.1987	3.0757	-0.3172	-1.2170	3.1965	-0.5382	-0.3834	3.0432	-0.6380	-0.4253	3.0003	-0.3873	-0.0254	3.2811	-0.2020	-0.5999	3.2363	-0.3501	-0.6082	3.2605	0.130	
1.267	-0.2787	-0.6095	3.2753	-0.2565	-1.1993	3.0917	-0.3211	-1.2180	3.1991	-0.5382	-0.3907	3.0423	-0.6148	-0.4464	3.0021	-0.3874	-0.0251	3.2812	-0.2025	-0.6004	3.2366	-0.3502	-0.6082	3.2608	0.137	
1.367	-0.2786	-0.6105	3.2748	-0.2360	-1.2006	3.0743	-0.3115	-1.2156	3.1901	-0.5371	-0.3856	3.0438	-0.5894	-0.4927	3.0136	-0.3871	-0.0259	3.2806	-0.2029	-0.6026	3.2360	-0.3499	-0.6086	3.2604	0.147	
1.434	-0.2787	-0.6115	3.2745	-0.2508	-1.2022	3.0849	-0.2858	-1.2059	3.1716	-0.5350	-0.3824	3.0462	-0.3981	-0.4261	3.1937	-0.3874	-0.0258	3.2807	-0.2032	-0.6047	3.2359	-0.3498	-0.6090	3.2601	0.153	
