% Time	SBX	SBY	SBZ	FRX	FRY	FRZ	FLX	FLY	FLZ	WRX	WRY	WRZ	WLX	WLY	WLZ	HDX	HDY	HDZ	HRX	HRY	HRZ	HRLX	HLY	HLZ	SpdCom	ax	ay	az	gx	gy	gz	mx	my	mz	Angle
18.161	-0.0385	-0.7312	3.2882	-0.5051	-0.8127	3.0338	-0.5226	-0.8883	3.0192	-0.4612	-0.4983	3.1452	-0.4601	-0.5015	3.1432	-0.1338	-0.1660	3.4893	0.0247	-0.7076	3.2727	-0.1001	-0.7403	3.2429	0.007	
18.193	-0.0400	-0.7256	3.2717	-0.4291	-0.8474	2.9348	-0.5218	-0.8888	3.0187	-0.4610	-0.4978	3.1455	-0.4594	-0.5022	3.1423	-0.1307	-0.1658	3.4860	0.0231	-0.7037	3.2581	-0.1018	-0.7344	3.2277	0.010	
18.226	-0.0390	-0.7279	3.2644	-0.4606	-0.8664	2.9508	-0.5192	-0.8903	3.0219	-0.4675	-0.4951	3.1471	-0.4723	-0.4936	3.1488	-0.1314	-0.1633	3.4857	0.0204	-0.7056	3.2411	-0.0991	-0.7370	3.2250	0.013	
18.259	-0.0356	-0.7311	3.2525	-0.3391	-0.6492	3.1233	-0.6534	-0.9696	2.9791	-0.4650	-0.4951	3.1447	-0.4737	-0.4928	3.1497	-0.1429	-0.1711	3.4937	0.0217	-0.7060	3.2291	-0.0932	-0.7428	3.2161	0.017	
18.293	-0.0357	-0.7319	3.2523	-0.3368	-0.6477	3.1232	-0.6515	-0.9713	2.9774	-0.4633	-0.4937	3.1449	-0.4735	-0.4904	3.1506	-0.1488	-0.1721	3.4977	0.0212	-0.7100	3.2312	-0.0929	-0.7427	3.2146	0.020	
18.325	-0.0969	-0.7824	3.2271	-0.3694	-0.6792	3.0487	-0.5121	-0.7847	3.0281	-0.4625	-0.4940	3.1445	-0.4703	-0.4929	3.1492	-0.1517	-0.1734	3.5002	-0.0509	-0.7727	3.2007	-0.1412	-0.7781	3.1956	0.023	
18.359	-0.0970	-0.7832	3.2260	-0.3831	-0.6935	3.0394	-0.5126	-0.7675	3.0326	-0.4621	-0.4943	3.1442	-0.4679	-0.4934	3.1484	-0.1497	-0.1709	3.4930	-0.0509	-0.7733	3.2001	-0.1414	-0.7791	3.1940	0.027	
18.393	-0.0970	-0.7834	3.2259	-0.3794	-0.6517	2.8975	-0.6512	-0.9757	2.9854	-0.3914	-0.4965	3.1166	-0.3876	-0.4908	3.1204	-0.1460	-0.1690	3.4890	-0.0516	-0.7746	3.2015	-0.1409	-0.7790	3.1918	0.030	
18.426	-0.0979	-0.7936	3.2272	-0.3765	-0.6364	2.8904	-0.5102	-0.7658	3.0336	-0.3852	-0.5022	3.1151	-0.3891	-0.4943	3.1232	-0.1445	-0.1685	3.4881	-0.0549	-0.7965	3.2111	-0.1406	-0.7825	3.1898	0.033	
18.459	-0.0963	-0.8009	3.2262	-0.3687	-0.6332	2.8903	-0.5103	-0.7657	3.0335	-0.3852	-0.5028	3.1148	-0.4274	-0.4938	3.1706	-0.1442	-0.1694	3.4868	-0.0546	-0.7981	3.2112	-0.1365	-0.7940	3.1849	0.037	
18.492	-0.0960	-0.8042	3.2247	-0.3832	-0.6447	2.8851	-0.5140	-0.8029	3.0232	-0.3381	-0.5489	3.0379	-0.3908	-0.5075	3.1179	-0.1416	-0.1720	3.4850	-0.0545	-0.7995	3.2105	-0.1360	-0.7976	3.1824	0.040	
18.526	-0.0961	-0.8066	3.2254	-0.3887	-0.6485	2.8872	-0.5169	-0.7913	3.0226	-0.3287	-0.5637	3.0489	-0.3063	-0.5429	3.0794	-0.1414	-0.1729	3.4845	-0.0549	-0.8018	3.2125	-0.1358	-0.7993	3.1819	0.043	
18.560	-0.0962	-0.8093	3.2246	-0.3903	-0.6490	2.8860	-0.5187	-0.8088	3.0161	-0.3157	-0.5578	3.0570	-0.3075	-0.5439	3.0787	-0.1411	-0.1756	3.4844	-0.0549	-0.8047	3.2134	-0.1359	-0.8020	3.1781	0.047	
18.630	-0.0794	-0.7823	3.2318	-0.4291	-0.7182	2.9176	-0.5056	-0.8095	3.0223	-0.2931	-0.5526	3.0628	-0.3781	-0.5384	3.1072	-0.1414	-0.1766	3.4837	-0.0375	-0.7586	3.1438	-0.1113	-0.7783	3.2656	0.053	
18.690	-0.0657	-0.7743	3.2300	-0.5031	-0.7464	3.1392	-0.5209	-0.8580	2.9806	-0.2246	-0.6052	3.0449	-0.4104	-0.6450	3.1516	-0.1424	-0.1754	3.4844	-0.0222	-0.7540	3.1528	-0.1026	-0.7740	3.2508	0.060	
18.720	-0.0602	-0.7709	3.2258	-0.5743	-0.8391	3.0750	-0.5206	-0.8413	2.9965	-0.2579	-0.6313	3.0676	-0.3549	-0.7059	3.3103	-0.1410	-0.1793	3.4861	-0.0146	-0.7502	3.1490	-0.1011	-0.7735	3.2464	0.063	
18.750	-0.0507	-0.7595	3.2210	-0.5482	-0.8447	3.1032	-0.5875	-0.9417	2.8853	-0.1971	-0.6315	3.0427	-0.3655	-0.6959	3.3106	-0.1455	-0.1777	3.4848	0.0008	-0.7349	3.1612	-0.0942	-0.7615	3.2171	0.067	
18.810	-0.0484	-0.7576	3.2193	-0.5163	-0.7565	3.1739	-0.5164	-0.8407	3.0198	-0.1918	-0.6259	3.0438	-0.3584	-0.7192	3.3124	-0.1434	-0.1773	3.4828	0.0028	-0.7325	3.1543	-0.0930	-0.7617	3.2194	0.070	
18.842	-0.0469	-0.7575	3.2185	-0.5141	-0.7541	3.1674	-0.5199	-0.8730	3.0444	-0.1604	-0.6587	3.0483	-0.3609	-0.7216	3.3142	-0.1441	-0.1788	3.4822	0.0033	-0.7333	3.1540	-0.0921	-0.7618	3.2194	0.073	
18.876	-0.0514	-0.7479	3.2501	-0.5489	-0.7852	3.1225	-0.5464	-0.9818	3.0442	-0.1800	-0.6284	3.0606	-0.3695	-0.6958	3.3129	-0.1380	-0.1799	3.4851	-0.0081	-0.7207	3.2023	-0.0947	-0.7586	3.2443	0.077	
18.909	-0.0500	-0.7485	3.2518	-0.5428	-0.7982	3.1071	-0.4415	-0.9350	3.0266	-0.1716	-0.6252	3.0615	-0.3810	-0.7021	3.3211	-0.1461	-0.1846	3.4860	-0.0059	-0.7217	3.2015	-0.0933	-0.7600	3.2490	0.080	
18.943	-0.0498	-0.7484	3.2519	-0.5434	-0.7960	3.1046	-0.3819	-0.9471	3.0177	-0.1749	-0.6269	3.0615	-0.3140	-0.7540	3.3114	-0.1443	-0.1852	3.4855	-0.0057	-0.7220	3.2018	-0.0930	-0.7596	3.2486	0.083	
18.976	-0.0393	-0.7551	3.3019	-0.5215	-0.7717	3.1211	-0.3850	-0.9458	3.0148	-0.1577	-0.6274	3.0602	-0.3149	-0.7551	3.3117	-0.1456	-0.1874	3.4840	-0.0006	-0.7402	3.2561	-0.0792	-0.7571	3.2846	0.087	
19.009	-0.0189	-0.7541	3.2230	-0.5673	-0.7714	3.0656	-0.3745	-0.9238	3.0083	-0.1453	-0.6428	3.0574	-0.3110	-0.7541	3.3104	-0.1386	-0.1867	3.4851	0.0269	-0.7375	3.1703	-0.0644	-0.7572	3.2178	0.090	
19.042	-0.0187	-0.7543	3.2230	-0.5632	-0.7707	3.0658	-0.3635	-0.9738	3.0037	-0.1438	-0.6426	3.0572	-0.3106	-0.7530	3.3094	-0.1334	-0.1857	3.4867	0.0271	-0.7376	3.1702	-0.0642	-0.7573	3.2178	0.093	
19.075	-0.0265	-0.7629	3.3019	-0.5258	-0.7409	3.0854	-0.3510	-0.9719	2.9960	-0.1308	-0.6354	3.0600	-0.3081	-0.7491	3.3067	-0.1315	-0.1866	3.4855	0.0139	-0.7485	3.2550	-0.0665	-0.7639	3.2907	0.097	
19.109	-0.0279	-0.7630	3.3024	-0.4711	-0.7202	3.1190	-0.3337	-0.9293	2.9843	-0.1293	-0.6343	3.0605	-0.3115	-0.7502	3.3125	-0.1294	-0.1873	3.4831	0.0126	-0.7485	3.2551	-0.0681	-0.7642	3.2921	0.100	
19.143	-0.0278	-0.7631	3.3025	-0.4708	-0.7200	3.1187	-0.3217	-0.9210	2.9657	-0.1253	-0.6323	3.0605	-0.2822	-0.7416	3.3060	-0.1289	-0.1893	3.4829	0.0127	-0.7488	3.2562	-0.0677	-0.7643	3.2916	0.103	
19.176	-0.0383	-0.7680	3.3062	-0.4697	-0.7199	3.1186	-0.3024	-0.9212	2.9490	-0.1215	-0.6312	3.0614	-0.2831	-0.7392	3.3051	-0.1289	-0.1893	3.4831	0.0031	-0.7530	3.2616	-0.0793	-0.7697	3.2932	0.107	
19.208	-0.0387	-0.7683	3.3065	-0.5137	-0.7792	3.0091	-0.2905	-0.9234	2.9415	-0.1150	-0.6286	3.0622	-0.2835	-0.7396	3.3062	-0.1261	-0.1869	3.4853	0.0030	-0.7530	3.2617	-0.0800	-0.7707	3.2939	0.110	
19.242	-0.0387	-0.7683	3.3065	-0.5001	-0.8653	3.0471	-0.2752	-0.9248	2.9311	-0.1111	-0.6275	3.0624	-0.2809	-0.7372	3.3052	-0.1247	-0.1859	3.4869	0.0031	-0.7529	3.2617	-0.0803	-0.7709	3.2939	0.113	
19.275	-0.0363	-0.7510	3.2289	-0.5010	-0.8646	3.0456	-0.5572	-0.8113	3.0575	-0.1041	-0.6251	3.0641	-0.2779	-0.7361	3.3045	-0.1212	-0.1827	3.4910	0.0034	-0.7305	3.1783	-0.0754	-0.7581	3.2216	0.117	
19.309	-0.0377	-0.7511	3.2278	-0.4616	-0.8592	3.1136	-0.5691	-0.8075	3.0743	-0.0847	-0.6461	3.0556	-0.2727	-0.7346	3.3046	-0.1193	-0.1806	3.4940	0.0026	-0.7307	3.1771	-0.0775	-0.7581	3.2206	0.120	
19.342	-0.0528	-0.7430	3.2281	-0.4546	-0.8557	3.1076	-0.5596	-0.7953	3.0786	-0.0976	-0.6279	3.0637	-0.2662	-0.7322	3.3041	-0.1139	-0.1774	3.4989	-0.0181	-0.7102	3.1620	-0.0941	-0.7565	3.2332	0.123	
19.376	-0.0547	-0.7430	3.2285	-0.4390	-0.8512	3.1044	-0.5485	-0.7844	3.0654	-0.0833	-0.6194	3.0560	-0.2674	-0.7307	3.3032	-0.1132	-0.1767	3.5001	-0.0185	-0.7103	3.1620	-0.0959	-0.7573	3.2350	0.127	
19.409	-0.0592	-0.7413	3.2247	-0.4334	-0.8394	3.0764	-0.5465	-0.7907	3.0597	-0.0758	-0.6240	3.0555	-0.2663	-0.7238	3.3011	-0.1097	-0.1762	3.5015	-0.0211	-0.7090	3.1567	-0.0991	-0.7571	3.2338	0.130	
19.442	-0.0668	-0.7519	3.2897	-0.4439	-0.8250	3.0160	-0.5306	-0.8000	3.0779	-0.0707	-0.6255	3.0572	-0.2676	-0.7171	3.2974	-0.1045	-0.1749	3.5059	-0.0182	-0.7269	3.2271	-0.1142	-0.7637	3.2944	0.133	
19.500	-0.0659	-0.7536	3.2880	-0.4440	-0.8141	2.9776	-0.5273	-0.7949	3.0698	-0.0544	-0.6190	3.0617	-0.2299	-0.7446	3.3111	-0.0975	-0.1738	3.5076	-0.0158	-0.7301	3.2289	-0.1145	-0.7656	3.2851	0.140	
19.530	-0.0520	-0.7407	3.2117	-0.4415	-0.8153	2.9765	-0.5290	-0.7925	3.0611	-0.0446	-0.6237	3.0596	-0.2309	-0.7432	3.3116	-0.0934	-0.1726	3.5078	0.0007	-0.7174	3.1494	-0.1037	-0.7505	3.2161	0.143	
19.560	-0.0509	-0.7421	3.2101	-0.4451	-0.8015	2.9635	-0.5286	-0.7928	3.0609	-0.0409	-0.6237	3.0604	-0.2695	-0.7056	3.2982	-0.0921	-0.1723	3.5082	0.0025	-0.7203	3.1505	-0.1024	-0.7512	3.2083	0.147	
19.592	-0.0507	-0.7406	3.2090	-0.4445	-0.7973	2.9594	-0.4451	-0.9002	2.9915	-0.0332	-0.6233	3.0585	-0.2316	-0.7304	3.3482	-0.0883	-0.1712	3.5100	0.0028	-0.7194	3.1503	-0.1026	-0.7490	3.2070	0.150	
19.626	-0.0496	-0.7394	3.2059	-0.4422	-0.7957	2.9589	-0.4439	-0.8906	2.9843	-0.0276	-0.6223	3.0600	-0.2591	-0.7155	3.3022	-0.0860	-0.1703	3.5120	0.0034	-0.7179	3.1463	-0.1015	-0.7482	3.2056	0.153	
19.659	-0.0440	-0.7428	3.1976	-0.3727	-0.7867	2.9497	-0.4416	-0.8879	2.9737	-0.0208	-0.6207	3.0616	-0.2203	-0.6769	3.3206	-0.0736	-0.1684	3.5141	0.0101	-0.7246	3.1426	-0.0966	-0.7476	3.1910	0.157	
19.692	-0.0414	-0.7455	3.1963	-0.3699	-0.7877	2.9512	-0.4394	-0.8629	2.9725	-0.0057	-0.6287	3.0563	-0.2186	-0.6755	3.3190	-0.0740	-0.1689	3.5145	0.0156	-0.7328	3.1455	-0.0951	-0.7478	3.1878	0.160	
19.725	-0.0381	-0.7482	3.1965	-0.3689	-0.7879	2.9510	-0.4213	-0.8357	2.9182	0.0009	-0.6313	3.0564	-0.2181	-0.6747	3.3199	-0.0749	-0.1689	3.5165	0.0168	-0.7339	3.1459	-0.0908	-0.7509	3.1880	0.163	
19.759	-0.0344	-0.7489	3.1990	-0.3780	-0.9334	2.9689	-0.4180	-0.8388	2.9527	0.0056	-0.6294	3.0580	-0.2250	-0.6796	3.3216	-0.0729	-0.1684	3.5175	0.0193	-0.7324	3.1463	-0.0851	-0.7548	3.1953	0.167	
19.794	-0.0333	-0.7499	3.1993	-0.3766	-0.9333	2.9678	-0.4181	-0.8366	2.9477	0.0083	-0.6295	3.0573	-0.2243	-0.6803	3.3216	-0.0749	-0.1697	3.5190	0.0201	-0.7327	3.1468	-0.0843	-0.7560	3.1950	0.170	
19.825	-0.0353	-0.7508	3.1975	-0.3683	-0.9331	2.9725	-0.4187	-0.8368	2.9328	-0.0409	-0.6215	3.0364	-0.2195	-0.6880	3.3254	-0.0788	-0.1716	3.5235	0.0168	-0.7338	3.1432	-0.0858	-0.7562	3.1941	0.173	
19.859	-0.0302	-0.7524	3.2032	-0.3629	-0.9334	2.9726	-0.4137	-0.8501	2.9069	-0.0411	-0.6217	3.0377	-0.2230	-0.7017	3.3310	-0.0797	-0.1719	3.5262	0.0229	-0.7335	3.1506	-0.0820	-0.7587	3.1982	0.177	
19.893	-0.0376	-0.7538	3.1979	-0.1068	-0.8802	2.8109	-0.4153	-0.8460	2.9085	0.0226	-0.6193	3.0514	-0.2250	-0.6843	3.3250	-0.0827	-0.1733	3.5302	0.0087	-0.7362	3.1388	-0.0851	-0.7590	3.1967	0.180	
19.926	-0.0380	-0.7555	3.1974	-0.1066	-0.8803	2.8109	-0.3995	-0.8330	2.8975	0.0235	-0.6186	3.0526	-0.2134	-0.6943	3.3335	-0.0850	-0.1743	3.5349	0.0091	-0.7391	3.1403	-0.0861	-0.7601	3.1947	0.183	
19.958	-0.0774	-0.7429	3.2512	-0.1046	-0.8784	2.8099	-0.3996	-0.8303	2.8946	0.0262	-0.6167	3.0575	-0.2176	-0.6909	3.3395	-0.0883	-0.1766	3.5392	-0.0225	-0.7143	3.1992	-0.1310	-0.7584	3.2452	0.187	
19.993	-0.0798	-0.7427	3.2535	-0.0990	-0.8795	2.8102	-0.3939	-0.8400	2.8906	0.0319	-0.6140	3.0679	-0.2203	-0.6945	3.3423	-0.0959	-0.1787	3.5466	-0.0255	-0.7132	3.2004	-0.1329	-0.7590	3.2492	0.190	
20.025	-0.0795	-0.7427	3.2510	-0.0990	-0.8795	2.8102	-0.3920	-0.8325	2.8847	0.0315	-0.6149	3.0700	-0.2224	-0.6970	3.3426	-0.0970	-0.1802	3.5486	-0.0261	-0.7136	3.1992	-0.1309	-0.7582	3.2441	0.193	
20.059	-0.0801	-0.7427	3.2498	-0.0964	-0.8795	2.8099	-0.3886	-0.8273	2.8777	0.0344	-0.6170	3.0769	-0.2235	-0.6961	3.3416	-0.1002	-0.1831	3.5530	-0.0278	-0.7138	3.1981	-0.1307	-0.7582	3.2426	0.197	
20.093	-0.0792	-0.7443	3.2490	-0.0953	-0.8776	2.8088	-0.3810	-0.8326	2.8740	0.0359	-0.6190	3.0836	-0.2262	-0.6970	3.3397	-0.1076	-0.1873	3.5578	-0.0274	-0.7166	3.1977	-0.1294	-0.7590	3.2415	0.200	
20.126	-0.0782	-0.7464	3.2476	-0.0509	-0.8736	2.8108	-0.3762	-0.8208	2.8632	0.0751	-0.6515	3.0835	-0.2328	-0.6887	3.3338	-0.1119	-0.1875	3.5597	-0.0264	-0.7194	3.1978	-0.1282	-0.7608	3.2384	0.203	
20.159	-0.0753	-0.7494	3.2508	-0.0495	-0.8733	2.8101	-0.3716	-0.8182	2.8594	0.0760	-0.6497	3.0849	-0.2366	-0.6887	3.3266	-0.1158	-0.1901	3.5640	-0.0209	-0.7230	3.2044	-0.1271	-0.7630	3.2397	0.207	
20.193	-0.0738	-0.7500	3.2493	-0.0464	-0.8722	2.8093	-0.3716	-0.8267	2.8554	0.0773	-0.6459	3.0890	-0.2358	-0.6940	3.3260	-0.1224	-0.1946	3.5664	-0.0203	-0.7236	3.2040	-0.1246	-0.7632	3.2363	0.210	
20.226	-0.0712	-0.7538	3.2533	-0.0398	-0.8745	2.8084	-0.3710	-0.8210	2.8496	0.0760	-0.6419	3.0894	-0.4237	-0.4060	3.4975	-0.1246	-0.1967	3.5672	-0.0142	-0.7269	3.2099	-0.1248	-0.7678	3.2394	0.213	
20.259	-0.0505	-0.7412	3.2369	-0.0374	-0.9074	2.6566	-0.3691	-0.8171	2.8471	0.0752	-0.6404	3.0880	-0.3906	-0.5307	3.5284	-0.1282	-0.1999	3.5665	-0.0028	-0.7150	3.2031	-0.0935	-0.7550	3.2086	0.217	
20.292	-0.0380	-0.7791	3.2919	-0.0500	-0.8995	2.7029	-0.3685	-0.8198	2.8718	0.0748	-0.6389	3.0875	-0.4230	-0.4055	3.4930	-0.1332	-0.2043	3.5692	0.0271	-0.7486	3.2467	-0.1024	-0.7958	3.2792	0.220	
20.325	-0.0375	-0.7810	3.2935	-0.0375	-0.8748	2.8019	-0.5864	-0.8365	2.9141	0.0744	-0.6401	3.0857	-0.4132	-0.3948	3.4868	-0.1362	-0.2053	3.5716	0.0303	-0.7544	3.2520	-0.1027	-0.7961	3.2793	0.223	
20.358	-0.0335	-0.7830	3.3007	-0.0313	-0.7837	2.7818	-0.5871	-0.8345	2.9128	0.0757	-0.6398	3.0851	-0.4161	-0.3987	3.4845	-0.1421	-0.2118	3.5700	0.0367	-0.7555	3.2586	-0.1018	-0.7980	3.2857	0.227	
20.392	-0.0353	-0.7844	3.3005	-0.0363	-0.7599	2.7720	-0.5871	-0.8346	2.9128	0.0610	-0.6463	3.0588	-0.4011	-0.5338	3.5064	-0.1461	-0.2169	3.5784	0.0324	-0.7577	3.2557	-0.1028	-0.7990	3.2869	0.230	
20.426	-0.0328	-0.7854	3.3015	-0.0386	-0.7555	2.7669	-0.5847	-0.8370	2.9131	0.0575	-0.6458	3.0474	-0.4034	-0.5361	3.5037	-0.1488	-0.2201	3.5773	0.0354	-0.7574	3.2556	-0.1001	-0.8015	3.2897	0.233	
20.459	-0.0438	-0.7769	3.2815	-0.0377	-0.7540	2.7660	-0.5836	-0.8366	2.9113	0.0658	-0.6338	3.0824	-0.3628	-0.3605	3.4989	-0.1552	-0.2295	3.5798	0.0260	-0.7450	3.2337	-0.1132	-0.7951	3.2704	0.237	
20.493	-0.0524	-0.7720	3.2758	-0.0363	-0.7544	2.7654	-0.5802	-0.8357	2.9087	0.0709	-0.6351	3.0801	-0.4308	-0.4041	3.4740	-0.1552	-0.2360	3.5768	0.0162	-0.7399	3.2257	-0.1202	-0.7905	3.2672	0.240	
20.527	-0.0565	-0.7709	3.2746	0.0156	-0.8714	2.7933	-0.5784	-0.8353	2.9068	0.0754	-0.6364	3.0792	-0.3669	-0.3615	3.4944	-0.1563	-0.2362	3.5772	0.0138	-0.7394	3.2241	-0.1264	-0.7887	3.2669	0.243	
20.558	-0.0686	-0.7725	3.2812	0.0155	-0.8720	2.7929	-0.5773	-0.8352	2.9051	0.0786	-0.6381	3.0781	-0.3670	-0.3625	3.4939	-0.1591	-0.2335	3.5793	0.0075	-0.7414	3.2271	-0.1456	-0.7893	3.2786	0.247	
20.592	-0.0777	-0.7729	3.2802	0.0156	-0.8716	2.7922	-0.5758	-0.8339	2.9016	0.0803	-0.6382	3.0781	-0.3557	-0.3600	3.5042	-0.1589	-0.2336	3.5792	0.0001	-0.7423	3.2247	-0.1547	-0.7894	3.2787	0.250	
20.626	-0.0778	-0.7729	3.2802	0.0159	-0.8705	2.7910	-0.5749	-0.8307	2.8964	0.0817	-0.6375	3.0793	-0.4090	-0.3771	3.4780	-0.1580	-0.2393	3.5766	-0.0002	-0.7423	3.2247	-0.1548	-0.7895	3.2787	0.253	
20.660	-0.0833	-0.7737	3.2824	0.0160	-0.8699	2.7908	-0.5740	-0.8304	2.8958	0.0830	-0.6367	3.0806	-0.4233	-0.3959	3.4779	-0.1606	-0.2377	3.5766	-0.0040	-0.7454	3.2287	-0.1631	-0.7879	3.2790	0.257	
20.692	-0.0804	-0.7734	3.2846	0.0163	-0.8699	2.7905	-0.5730	-0.8299	2.8950	0.0834	-0.6361	3.0793	-0.3595	-0.3624	3.5001	-0.1616	-0.2382	3.5761	-0.0018	-0.7450	3.2317	-0.1583	-0.7878	3.2804	0.260	
20.726	-0.0757	-0.7693	3.2827	0.0181	-0.8690	2.7884	-0.5722	-0.8292	2.8933	0.0849	-0.6348	3.0785	-0.4178	-0.3035	3.4397	-0.1628	-0.2483	3.5731	0.0043	-0.7383	3.2303	-0.1543	-0.7856	3.2778	0.263	
20.758	-0.0743	-0.7612	3.2735	0.0191	-0.8690	2.7882	-0.2779	-0.8176	2.8129	0.0850	-0.6344	3.0780	-0.4170	-0.3034	3.4407	-0.1633	-0.2486	3.5748	0.0043	-0.7310	3.2243	-0.1510	-0.7774	3.2640	0.267	
20.792	-0.0971	-0.7434	3.2556	0.0212	-0.8698	2.7889	-0.0409	-0.7592	2.6929	0.0855	-0.6342	3.0784	-0.3552	-0.3188	3.4848	-0.1642	-0.2482	3.5772	-0.0190	-0.7118	3.2004	-0.1734	-0.7614	3.2519	0.270	
20.825	-0.0895	-0.7737	3.2909	0.0215	-0.8697	2.7886	-0.0438	-0.7576	2.6887	0.0861	-0.6339	3.0785	-0.3550	-0.3185	3.4852	-0.1638	-0.2489	3.5778	-0.0095	-0.7451	3.2382	-0.1679	-0.7888	3.2856	0.273	
20.859	-0.0743	-0.7668	3.2907	0.0217	-0.8696	2.7885	-0.2752	-0.8255	2.8148	0.0862	-0.6337	3.0780	-0.3511	-0.3127	3.4867	-0.1642	-0.2493	3.5775	0.0091	-0.7344	3.2375	-0.1559	-0.7850	3.2858	0.277	
20.892	-0.0882	-0.7484	3.2622	0.0223	-0.8700	2.7884	-0.2310	-0.7988	2.8658	0.0870	-0.6336	3.0778	-0.3519	-0.3135	3.4867	-0.1640	-0.2490	3.5774	-0.0116	-0.7168	3.2107	-0.1636	-0.7661	3.2550	0.280	
20.926	-0.0883	-0.7478	3.2617	0.0226	-0.8700	2.7886	-0.2776	-0.8206	2.8070	0.0871	-0.6331	3.0783	-0.3523	-0.3138	3.4871	-0.1648	-0.2453	3.5761	-0.0117	-0.7160	3.2102	-0.1636	-0.7657	3.2547	0.283	
20.959	-0.0889	-0.7478	3.2600	0.0196	-0.8689	2.7853	-0.2765	-0.8191	2.8083	0.0872	-0.6331	3.0784	-0.3498	-0.3113	3.4927	-0.1651	-0.2444	3.5748	-0.0122	-0.7168	3.2100	-0.1643	-0.7643	3.2497	0.287	
20.993	-0.0899	-0.7665	3.2851	0.0189	-0.8696	2.7853	-0.2684	-0.8083	2.7885	0.0873	-0.6332	3.0786	-0.3500	-0.3114	3.4915	-0.1649	-0.2448	3.5746	-0.0093	-0.7343	3.2267	-0.1704	-0.7866	3.2902	0.290	
21.026	-0.0901	-0.7666	3.2863	0.0181	-0.8693	2.7848	-0.2537	-0.8187	2.7926	0.0876	-0.6332	3.0788	-0.3497	-0.3117	3.4920	-0.1639	-0.2447	3.5738	-0.0099	-0.7358	3.2299	-0.1703	-0.7860	3.2901	0.293	
21.059	-0.0928	-0.7552	3.2637	0.0179	-0.8698	2.7849	-0.2519	-0.8202	2.7948	0.0878	-0.6336	3.0789	-0.3498	-0.3116	3.4897	-0.1640	-0.2452	3.5735	-0.0122	-0.7282	3.2090	-0.1723	-0.7663	3.2572	0.297	
21.092	-0.0948	-0.7540	3.2617	0.0176	-0.8703	2.7849	-0.2514	-0.8205	2.7950	0.0878	-0.6338	3.0791	-0.3664	-0.3034	3.4722	-0.1629	-0.2451	3.5729	-0.0167	-0.7245	3.2067	-0.1728	-0.7668	3.2563	0.300	
21.125	-0.0937	-0.7538	3.2589	0.0171	-0.8704	2.7864	-0.2864	-0.8579	2.7747	0.0881	-0.6346	3.0793	-0.3501	-0.3121	3.4828	-0.1622	-0.2444	3.5719	-0.0160	-0.7245	3.2051	-0.1710	-0.7673	3.2530	0.303	
21.159	-0.0931	-0.7683	3.2888	0.0168	-0.8705	2.7870	-0.2860	-0.8585	2.7755	0.0880	-0.6349	3.0796	-0.3499	-0.3115	3.4830	-0.1618	-0.2441	3.5705	-0.0128	-0.7403	3.2343	-0.1720	-0.7834	3.2872	0.307	
21.192	-0.0988	-0.7595	3.2618	0.0161	-0.8713	2.7868	-0.3322	-0.8594	2.7511	0.0881	-0.6348	3.0798	-0.3629	-0.3057	3.4622	-0.1596	-0.2436	3.5681	-0.0200	-0.7323	3.2074	-0.1760	-0.7728	3.2572	0.310	
21.225	-0.0952	-0.7670	3.2824	0.0135	-0.8743	2.7881	-0.3238	-0.8917	2.7670	0.0881	-0.6351	3.0800	-0.3640	-0.3048	3.4645	-0.1598	-0.2393	3.5672	-0.0150	-0.7413	3.2324	-0.1734	-0.7794	3.2752	0.313	
21.259	-0.0948	-0.7693	3.2848	0.0109	-0.8750	2.7899	-0.3238	-0.8931	2.7678	0.0880	-0.6353	3.0800	-0.3434	-0.3127	3.4701	-0.1593	-0.2406	3.5696	-0.0139	-0.7444	3.2339	-0.1738	-0.7810	3.2786	0.317	
21.292	-0.0975	-0.7531	3.2611	0.0095	-0.8770	2.7912	-0.3237	-0.8948	2.7685	0.0877	-0.6355	3.0802	-0.3441	-0.3126	3.4693	-0.1592	-0.2410	3.5693	-0.0225	-0.7214	3.1993	-0.1725	-0.7698	3.2624	0.320	
21.325	-0.0957	-0.7654	3.2774	0.0094	-0.8766	2.7925	-0.3232	-0.8985	2.7720	0.0559	-0.6488	3.0334	-0.3443	-0.3129	3.4693	-0.1591	-0.2415	3.5690	-0.0153	-0.7408	3.2243	-0.1734	-0.7784	3.2748	0.323	
21.359	-0.0967	-0.7594	3.2663	0.0089	-0.8743	2.7936	-0.3235	-0.9005	2.7750	0.0563	-0.6487	3.0350	-0.3767	-0.2990	3.4793	-0.1590	-0.2441	3.5682	-0.0183	-0.7341	3.2118	-0.1730	-0.7713	3.2624	0.327	
21.392	-0.0974	-0.7568	3.2606	0.0094	-0.8744	2.7963	-0.3235	-0.9003	2.7755	0.0848	-0.6383	3.0798	-0.3776	-0.2990	3.4787	-0.1586	-0.2444	3.5678	-0.0193	-0.7313	3.2062	-0.1734	-0.7689	3.2569	0.330	
21.426	-0.0983	-0.7555	3.2597	-0.0323	-0.9182	2.7932	-0.3234	-0.9016	2.7785	0.0570	-0.6476	3.0442	-0.3690	-0.3032	3.4821	-0.1581	-0.2443	3.5675	-0.0216	-0.7280	3.2033	-0.1736	-0.7687	3.2569	0.333	
21.459	-0.0987	-0.7552	3.2591	0.0102	-0.8645	2.8070	-0.3235	-0.9027	2.7803	0.0818	-0.6380	3.0794	-0.3647	-0.3056	3.4840	-0.1581	-0.2451	3.5669	-0.0222	-0.7278	3.2030	-0.1738	-0.7685	3.2562	0.337	
21.492	-0.0996	-0.7539	3.2589	-0.0318	-0.7735	2.7565	-0.3237	-0.9030	2.7802	0.0822	-0.6382	3.0794	-0.3633	-0.3076	3.4867	-0.1580	-0.2423	3.5666	-0.0242	-0.7251	3.2026	-0.1739	-0.7682	3.2563	0.340	
21.526	-0.0993	-0.7532	3.2582	-0.0316	-0.7756	2.7564	-0.3231	-0.9041	2.7801	0.0821	-0.6382	3.0795	-0.3632	-0.3077	3.4863	-0.1590	-0.2418	3.5646	-0.0239	-0.7240	3.2011	-0.1738	-0.7680	3.2561	0.343	
21.559	-0.0994	-0.7525	3.2581	-0.0315	-0.7755	2.7568	-0.3232	-0.9043	2.7798	0.0528	-0.6485	3.0364	-0.3563	-0.3110	3.4808	-0.1585	-0.2399	3.5652	-0.0240	-0.7235	3.2013	-0.1737	-0.7671	3.2558	0.347	
21.593	-0.0993	-0.7524	3.2580	-0.0570	-0.8823	2.5749	-0.3237	-0.9048	2.7806	0.0827	-0.6387	3.0800	-0.3516	-0.3138	3.4797	-0.1590	-0.2370	3.5636	-0.0240	-0.7235	3.2013	-0.1734	-0.7669	3.2557	0.350	
21.625	-0.0987	-0.7523	3.2572	-0.0247	-0.7932	2.7603	-0.3247	-0.9059	2.7825	0.0830	-0.6392	3.0797	-0.3439	-0.3234	3.4622	-0.1594	-0.2375	3.5624	-0.0233	-0.7236	3.2011	-0.1728	-0.7665	3.2541	0.353	
21.660	-0.0989	-0.7517	3.2573	-0.0262	-0.7912	2.7603	-0.3261	-0.9062	2.7838	0.0826	-0.6393	3.0791	-0.3351	-0.3295	3.4571	-0.1600	-0.2359	3.5608	-0.0241	-0.7226	3.2009	-0.1726	-0.7663	3.2545	0.357	
21.720	-0.0990	-0.7508	3.2571	-0.0272	-0.7908	2.7606	-0.3270	-0.9111	2.7897	0.0302	-0.6239	3.0677	-0.3959	-0.4971	3.4402	-0.1600	-0.2370	3.5591	-0.0247	-0.7211	3.2005	-0.1723	-0.7659	3.2546	0.363	
21.780	-0.0993	-0.7500	3.2575	0.0040	-0.8783	2.8089	-0.3281	-0.9183	2.7953	0.0519	-0.6461	3.0423	-0.3401	-0.3893	3.3989	-0.1598	-0.2361	3.5521	-0.0254	-0.7203	3.2008	-0.1721	-0.7651	3.2553	0.367	
21.810	-0.0992	-0.7495	3.2575	-0.0288	-0.7843	2.7721	-0.3281	-0.9186	2.7952	0.0608	-0.6306	3.0817	-0.3322	-0.3898	3.4250	-0.1609	-0.2360	3.5483	-0.0255	-0.7199	3.2009	-0.1718	-0.7647	3.2554	0.370	
21.843	-0.0983	-0.7491	3.2562	-0.0313	-0.7803	2.7695	-0.3287	-0.9199	2.7944	0.0606	-0.6307	3.0812	-0.3387	-0.4112	3.3497	-0.1594	-0.2355	3.5389	-0.0252	-0.7200	3.2007	-0.1697	-0.7632	3.2517	0.373	
21.875	-0.0997	-0.7490	3.2550	-0.0446	-0.8603	2.7347	-0.3681	-0.8235	2.8382	0.0673	-0.6331	3.0791	-0.3552	-0.4055	3.3591	-0.1588	-0.2346	3.5354	-0.0273	-0.7208	3.2000	-0.1704	-0.7626	3.2503	0.377	
21.908	-0.0997	-0.7490	3.2551	-0.0495	-0.9148	2.7971	-0.5520	-0.7324	2.7450	0.0569	-0.6511	3.0473	-0.3671	-0.4040	3.3636	-0.1579	-0.2354	3.5305	-0.0273	-0.7208	3.2000	-0.1708	-0.7626	3.2509	0.380	
21.942	-0.0997	-0.7491	3.2550	-0.0578	-0.9067	2.7922	-0.3533	-0.8244	2.8460	0.0770	-0.6379	3.0766	-0.3720	-0.4039	3.3662	-0.1567	-0.2338	3.5242	-0.0269	-0.7215	3.2003	-0.1709	-0.7624	3.2504	0.383	
21.976	-0.1002	-0.7502	3.2553	-0.0538	-0.9098	2.7938	-0.3574	-0.8236	2.8449	0.0549	-0.6485	3.0471	-0.3931	-0.5753	3.4111	-0.1551	-0.2348	3.5213	-0.0269	-0.7239	3.2010	-0.1717	-0.7631	3.2507	0.387	
22.009	-0.1003	-0.7508	3.2551	-0.0574	-0.9118	2.7948	-0.3599	-0.8233	2.8443	0.0549	-0.6487	3.0474	-0.3931	-0.5761	3.4109	-0.1540	-0.2349	3.5176	-0.0265	-0.7252	3.2010	-0.1722	-0.7634	3.2505	0.390	
22.042	-0.1002	-0.7509	3.2554	-0.0477	-0.7710	2.7682	-0.3641	-0.8248	2.8454	0.0556	-0.6486	3.0484	-0.3827	-0.5818	3.4029	-0.1519	-0.2358	3.5130	-0.0262	-0.7253	3.2020	-0.1722	-0.7634	3.2506	0.393	
22.075	-0.0987	-0.7515	3.2536	-0.0377	-0.8670	2.7895	-0.3652	-0.8243	2.8445	0.0750	-0.6418	3.0761	-0.3824	-0.5827	3.4025	-0.1504	-0.2375	3.5080	-0.0246	-0.7257	3.2007	-0.1709	-0.7642	3.2480	0.397	
22.109	-0.0993	-0.7524	3.2538	-0.0676	-0.9163	2.7933	-0.3662	-0.8241	2.8435	0.0749	-0.6421	3.0757	-0.3794	-0.5853	3.4018	-0.1497	-0.2368	3.5061	-0.0247	-0.7269	3.2006	-0.1723	-0.7649	3.2485	0.400	
22.143	-0.0985	-0.7532	3.2521	-0.0676	-0.9164	2.7937	-0.3669	-0.8248	2.8436	0.0521	-0.6505	3.0482	-0.3683	-0.4115	3.3244	-0.1486	-0.2375	3.5044	-0.0233	-0.7278	3.1989	-0.1718	-0.7655	3.2468	0.403	
22.200	-0.0257	-0.7979	3.2837	-0.0436	-0.8733	2.7877	-0.4960	-0.7077	2.6900	0.0378	-0.6311	3.0703	-0.3942	-0.4178	3.3540	-0.1447	-0.2382	3.5004	0.0446	-0.7685	3.2389	-0.0955	-0.8132	3.2703	0.410	
22.230	-0.0263	-0.7932	3.2804	-0.0685	-0.9188	2.7973	-0.4976	-0.8178	2.6941	0.0743	-0.6466	3.0745	-0.3892	-0.4215	3.3513	-0.1440	-0.2385	3.4973	0.0441	-0.7643	3.2371	-0.0964	-0.8079	3.2651	0.413	
22.260	-0.0264	-0.7921	3.2797	-0.0690	-0.9177	2.7970	-0.4819	-0.9280	2.7437	0.0691	-0.6436	3.0743	-0.2595	-0.4422	3.3355	-0.1424	-0.2386	3.4960	0.0440	-0.7634	3.2367	-0.0964	-0.8066	3.2641	0.417	
22.292	-0.0269	-0.7945	3.2840	-0.0690	-0.9179	2.7971	-0.4930	-0.7027	2.6892	0.0665	-0.6421	3.0747	-0.2594	-0.4422	3.3356	-0.1421	-0.2388	3.4964	0.0437	-0.7676	3.2426	-0.0970	-0.8077	3.2673	0.420	
22.325	-0.0279	-0.7935	3.2839	-0.0681	-0.9201	2.7967	-0.4884	-0.9048	2.7304	0.0661	-0.6434	3.0719	-0.2304	-0.3685	3.3664	-0.1410	-0.2386	3.4965	0.0426	-0.7663	3.2419	-0.0981	-0.8069	3.2677	0.423	
22.358	-0.0305	-0.7919	3.2826	-0.0682	-0.9201	2.7967	-0.4868	-0.9092	2.7323	0.0505	-0.6488	3.0511	-0.2283	-0.3661	3.3652	-0.1394	-0.2381	3.4968	0.0410	-0.7649	3.2406	-0.1017	-0.8049	3.2664	0.427	
22.392	-0.0316	-0.7929	3.2814	-0.0728	-0.9168	2.7969	-0.4885	-0.9055	2.7302	0.0718	-0.6466	3.0709	-0.2326	-0.3713	3.3622	-0.1381	-0.2379	3.4969	0.0402	-0.7658	3.2389	-0.1032	-0.8060	3.2657	0.430	
22.426	-0.0306	-0.7937	3.2803	-0.0729	-0.9177	2.7979	-0.4880	-0.9084	2.7313	0.0719	-0.6470	3.0710	-0.2341	-0.3750	3.3610	-0.1362	-0.2370	3.4969	0.0415	-0.7660	3.2376	-0.1023	-0.8074	3.2646	0.433	
22.459	-0.0288	-0.7950	3.2845	-0.0785	-0.9197	2.8013	-0.4888	-0.9068	2.7317	0.0721	-0.6472	3.0713	-0.2516	-0.4473	3.3210	-0.1350	-0.2364	3.4978	0.0432	-0.7663	3.2395	-0.1005	-0.8106	3.2726	0.437	
22.492	-0.0285	-0.7955	3.2854	-0.0781	-0.9198	2.8013	-0.4910	-0.9044	2.7321	0.0721	-0.6468	3.0715	-0.2543	-0.4484	3.3225	-0.1311	-0.2336	3.5033	0.0434	-0.7663	3.2396	-0.1004	-0.8119	3.2746	0.440	
22.526	-0.0280	-0.7960	3.2861	-0.0697	-0.9198	2.7988	-0.4896	-0.9095	2.7354	0.0719	-0.6475	3.0709	-0.2503	-0.4403	3.3210	-0.1310	-0.2329	3.5040	0.0440	-0.7664	3.2400	-0.1000	-0.8125	3.2754	0.443	
22.559	-0.0275	-0.7954	3.2855	-0.0756	-0.9198	2.7976	-0.4893	-0.9100	2.7356	0.0720	-0.6481	3.0699	-0.2509	-0.4411	3.3209	-0.1311	-0.2329	3.5038	0.0451	-0.7646	3.2386	-0.0996	-0.8124	3.2750	0.447	
22.592	-0.0287	-0.7958	3.2864	-0.0755	-0.9199	2.7979	-0.4889	-0.9094	2.7349	0.0721	-0.6481	3.0700	-0.2506	-0.4420	3.3223	-0.1309	-0.2323	3.5053	0.0447	-0.7648	3.2387	-0.1020	-0.8129	3.2772	0.450	
22.626	-0.0266	-0.7970	3.2867	-0.0756	-0.9198	2.7977	-0.4883	-0.9102	2.7348	0.0721	-0.6477	3.0700	-0.2504	-0.4416	3.3228	-0.1310	-0.2319	3.5056	0.0475	-0.7664	3.2400	-0.1001	-0.8138	3.2765	0.453	
22.659	-0.0264	-0.7977	3.2880	-0.0751	-0.9197	2.7979	-0.3796	-0.8195	2.8518	0.0723	-0.6475	3.0704	-0.2463	-0.4335	3.3259	-0.1307	-0.2311	3.5068	0.0477	-0.7669	3.2408	-0.1000	-0.8146	3.2778	0.450	
22.694	-0.0290	-0.7961	3.2877	-0.0753	-0.9197	2.7979	-0.3791	-0.8192	2.8527	0.0772	-0.6941	3.0928	-0.2460	-0.4331	3.3284	-0.1305	-0.2296	3.5083	0.0449	-0.7649	3.2397	-0.1026	-0.8132	3.2781	0.450	
22.725	-0.0282	-0.7971	3.2888	-0.0749	-0.9195	2.7981	-0.3787	-0.8193	2.8533	0.0747	-0.6496	3.0705	-0.2435	-0.4287	3.3317	-0.1308	-0.2292	3.5090	0.0458	-0.7661	3.2411	-0.1018	-0.8140	3.2788	0.450	
22.758	-0.0284	-0.7968	3.2887	-0.0727	-0.9183	2.7983	-0.3786	-0.8194	2.8535	0.0749	-0.6493	3.0710	-0.2472	-0.4367	3.3298	-0.1309	-0.2291	3.5092	0.0456	-0.7656	3.2408	-0.1020	-0.8139	3.2788	0.450	
22.792	-0.0299	-0.7961	3.2884	-0.1069	-0.8740	2.7896	-0.3778	-0.8215	2.8550	0.0756	-0.6484	3.0730	-0.2475	-0.4354	3.3303	-0.1312	-0.2287	3.5101	0.0438	-0.7642	3.2397	-0.1034	-0.8136	3.2789	0.450	
22.824	-0.0305	-0.7961	3.2883	-0.0559	-0.7813	2.7898	-0.3774	-0.8213	2.8549	0.0757	-0.6483	3.0734	-0.2483	-0.4370	3.3300	-0.1319	-0.2281	3.5111	0.0435	-0.7643	3.2397	-0.1043	-0.8134	3.2786	0.450	
22.859	-0.0320	-0.7959	3.2878	-0.1102	-0.8740	2.7915	-0.3773	-0.8214	2.8548	0.0756	-0.6485	3.0734	-0.2482	-0.4394	3.3303	-0.1325	-0.2275	3.5111	0.0422	-0.7643	3.2394	-0.1060	-0.8131	3.2781	0.450	
22.892	-0.0356	-0.7942	3.2843	-0.0875	-0.9174	2.7992	-0.3766	-0.8227	2.8554	0.0755	-0.6483	3.0735	-0.2524	-0.3993	3.3434	-0.1331	-0.2267	3.5127	0.0384	-0.7626	3.2349	-0.1091	-0.8116	3.2755	0.450	
22.925	-0.0354	-0.7950	3.2851	-0.0909	-0.9116	2.7992	-0.3766	-0.8220	2.8546	0.0752	-0.6477	3.0734	-0.2524	-0.4048	3.3427	-0.1334	-0.2262	3.5133	0.0388	-0.7638	3.2359	-0.1090	-0.8120	3.2762	0.450	
22.958	-0.0353	-0.7946	3.2849	-0.0933	-0.9069	2.7992	-0.3765	-0.8236	2.8561	0.0753	-0.6477	3.0738	-0.2519	-0.3985	3.3468	-0.1340	-0.2256	3.5152	0.0389	-0.7632	3.2358	-0.1089	-0.8118	3.2759	0.450	
22.992	-0.0340	-0.7948	3.2856	-0.0918	-0.9096	2.7992	-0.3765	-0.8248	2.8571	0.0754	-0.6476	3.0741	-0.2518	-0.3981	3.3472	-0.1348	-0.2253	3.5154	0.0406	-0.7633	3.2368	-0.1079	-0.8121	3.2762	0.450	
23.025	-0.0342	-0.7949	3.2857	-0.1144	-0.8833	2.7993	-0.3767	-0.8253	2.8577	0.0755	-0.6483	3.0742	-0.2472	-0.3929	3.3480	-0.1355	-0.2247	3.5160	0.0403	-0.7635	3.2369	-0.1082	-0.8121	3.2764	0.450	
23.058	-0.0339	-0.7957	3.2878	-0.0899	-0.9163	2.8045	-0.3763	-0.8263	2.8593	0.0352	-0.6255	3.0639	-0.2497	-0.4425	3.3320	-0.1379	-0.2248	3.5160	0.0411	-0.7644	3.2397	-0.1082	-0.8127	3.2779	0.450	
23.093	-0.0312	-0.7968	3.2906	-0.0618	-0.9042	2.7957	-0.3750	-0.8297	2.8611	0.0323	-0.6246	3.0791	-0.2505	-0.3914	3.3492	-0.1383	-0.2249	3.5163	0.0430	-0.7650	3.2417	-0.1047	-0.8147	3.2816	0.450	
23.126	-0.0297	-0.7968	3.2888	-0.0598	-0.9010	2.7945	-0.3751	-0.8297	2.8609	0.0733	-0.6485	3.0755	-0.2526	-0.4417	3.3361	-0.1409	-0.2258	3.5160	0.0440	-0.7648	3.2403	-0.1026	-0.8149	3.2792	0.450	
23.159	-0.0287	-0.7966	3.2892	-0.0551	-0.8832	2.7939	-0.3750	-0.8297	2.8609	0.0734	-0.6487	3.0754	-0.2511	-0.3936	3.3473	-0.1411	-0.2256	3.5164	0.0451	-0.7643	3.2408	-0.1017	-0.8149	3.2794	0.450	
23.192	-0.0284	-0.7967	3.2895	-0.0691	-0.9003	2.7975	-0.3751	-0.8301	2.8615	0.0733	-0.6487	3.0753	-0.2512	-0.4148	3.3434	-0.1416	-0.2255	3.5172	0.0453	-0.7644	3.2411	-0.1014	-0.8151	3.2797	0.450	
23.225	-0.0301	-0.7957	3.2887	-0.0694	-0.9028	2.7974	-0.3752	-0.8305	2.8623	0.0370	-0.6269	3.0600	-0.2520	-0.4188	3.3440	-0.1414	-0.2239	3.5199	0.0444	-0.7639	3.2407	-0.1042	-0.8132	3.2784	0.450	
23.310	-0.0305	-0.7953	3.2888	-0.0565	-0.8798	2.7960	-0.3752	-0.8305	2.8623	0.0717	-0.6445	3.0740	-0.2278	-0.4519	3.3363	-0.1428	-0.2243	3.5193	0.0438	-0.7628	3.2402	-0.1046	-0.8131	3.2791	0.450	
23.342	-0.0307	-0.7954	3.2890	-0.0880	-0.8964	2.7988	-0.3752	-0.8305	2.8625	0.0308	-0.6289	3.0580	-0.2524	-0.4362	3.3420	-0.1435	-0.2243	3.5198	0.0436	-0.7629	3.2403	-0.1048	-0.8134	3.2794	0.450	
23.375	-0.0300	-0.7946	3.2876	-0.0890	-0.8958	2.7991	-0.3752	-0.8312	2.8622	0.0308	-0.6284	3.0585	-0.2513	-0.4438	3.3455	-0.1460	-0.2258	3.5188	0.0441	-0.7618	3.2386	-0.1038	-0.8129	3.2782	0.450	
23.460	-0.0323	-0.7935	3.2848	-0.0905	-0.8960	2.7984	-0.3758	-0.8306	2.8606	0.0316	-0.6278	3.0590	-0.2522	-0.4450	3.3471	-0.1470	-0.2258	3.5192	0.0412	-0.7603	3.2347	-0.1053	-0.8123	3.2765	0.450	
23.492	-0.0319	-0.7937	3.2851	-0.0573	-0.8777	2.7941	-0.3759	-0.8304	2.8606	0.0324	-0.6268	3.0624	-0.2523	-0.4465	3.3492	-0.1477	-0.2259	3.5203	0.0413	-0.7603	3.2347	-0.1044	-0.8128	3.2772	0.450	
23.525	-0.0334	-0.7930	3.2833	-0.0722	-0.9124	2.7952	-0.3761	-0.8302	2.8604	0.0335	-0.6263	3.0630	-0.2530	-0.4473	3.3503	-0.1487	-0.2260	3.5210	0.0386	-0.7591	3.2310	-0.1051	-0.8125	3.2766	0.450	
23.558	-0.0338	-0.7918	3.2818	-0.0721	-0.9128	2.7950	-0.3763	-0.8302	2.8603	0.0330	-0.6257	3.0685	-0.2555	-0.4485	3.3535	-0.1514	-0.2261	3.5231	0.0381	-0.7570	3.2291	-0.1053	-0.8120	3.2757	0.450	
23.592	-0.0372	-0.7847	3.2681	-0.0717	-0.9135	2.7953	-0.3771	-0.8296	2.8593	0.0329	-0.6258	3.0683	-0.2575	-0.4507	3.3562	-0.1524	-0.2264	3.5232	0.0326	-0.7487	3.2166	-0.1065	-0.8065	3.2612	0.450	
23.625	-0.0366	-0.7848	3.2686	-0.0722	-0.9132	2.7953	-0.3778	-0.8296	2.8585	0.0333	-0.6258	3.0681	-0.2580	-0.4478	3.3570	-0.1525	-0.2270	3.5242	0.0332	-0.7489	3.2169	-0.1058	-0.8065	3.2620	0.450	
23.659	-0.0378	-0.7851	3.2728	-0.0742	-0.9117	2.7944	-0.3780	-0.8294	2.8576	0.0337	-0.6253	3.0685	-0.2554	-0.4501	3.3597	-0.1524	-0.2274	3.5252	0.0328	-0.7495	3.2198	-0.1081	-0.8064	3.2679	0.450	
23.692	-0.0377	-0.7856	3.2731	-0.0761	-0.9109	2.7946	-0.3780	-0.8294	2.8576	0.0337	-0.6254	3.0690	-0.2545	-0.4466	3.3620	-0.1526	-0.2300	3.5257	0.0326	-0.7507	3.2203	-0.1077	-0.8066	3.2680	0.450	
23.725	-0.0391	-0.7919	3.2819	-0.0765	-0.9117	2.7953	-0.3781	-0.8295	2.8575	0.0337	-0.6254	3.0691	-0.2550	-0.4463	3.3618	-0.1526	-0.2308	3.5258	0.0308	-0.7587	3.2289	-0.1087	-0.8112	3.2768	0.450	
23.757	-0.0373	-0.7916	3.2831	-0.0434	-0.8621	2.7994	-0.3503	-0.9356	2.9065	0.0335	-0.6255	3.0685	-0.2552	-0.4432	3.3634	-0.1525	-0.2336	3.5264	0.0327	-0.7580	3.2300	-0.1067	-0.8113	3.2782	0.450	
23.791	-0.0357	-0.7924	3.2837	-0.0740	-0.9178	2.7953	-0.3794	-0.8304	2.8559	0.0343	-0.6251	3.0703	-0.2567	-0.4424	3.3640	-0.1521	-0.2345	3.5267	0.0339	-0.7587	3.2302	-0.1046	-0.8121	3.2792	0.450	
23.824	-0.0364	-0.7932	3.2848	-0.0467	-0.8759	2.8033	-0.3679	-0.8815	2.8842	0.0345	-0.6253	3.0701	-0.2549	-0.4411	3.3659	-0.1520	-0.2362	3.5278	0.0330	-0.7596	3.2308	-0.1052	-0.8128	3.2810	0.450	
23.858	-0.0343	-0.7935	3.2865	-0.1143	-0.8227	2.7877	-0.3696	-0.8784	2.8819	0.0351	-0.6262	3.0690	-0.2543	-0.4424	3.3668	-0.1521	-0.2375	3.5258	0.0353	-0.7591	3.2313	-0.1029	-0.8141	3.2843	0.450	
23.891	-0.0346	-0.7935	3.2854	-0.0354	-0.8872	2.8071	-0.4810	-0.8194	2.6913	0.0352	-0.6262	3.0690	-0.2560	-0.4480	3.3677	-0.1516	-0.2382	3.5236	0.0348	-0.7588	3.2296	-0.1033	-0.8143	3.2834	0.450	
23.924	-0.0354	-0.7947	3.2858	-0.0390	-0.8848	2.8066	-0.4799	-0.8191	2.6906	0.0353	-0.6263	3.0689	-0.2573	-0.4517	3.3690	-0.1503	-0.2384	3.5196	0.0342	-0.7598	3.2295	-0.1044	-0.8158	3.2845	0.450	
23.957	-0.0335	-0.7960	3.2849	-0.0423	-0.8818	2.8079	-0.4801	-0.8188	2.6918	0.0350	-0.6265	3.0683	-0.2579	-0.4539	3.3691	-0.1509	-0.2412	3.5161	0.0360	-0.7606	3.2280	-0.1021	-0.8177	3.2840	0.450	
23.990	-0.0349	-0.7963	3.2851	-0.0458	-0.8804	2.8077	-0.3741	-0.8746	2.8881	0.0348	-0.6271	3.0678	-0.2590	-0.4556	3.3703	-0.1507	-0.2418	3.5160	0.0349	-0.7607	3.2276	-0.1043	-0.8182	3.2851	0.450	
24.024	-0.0377	-0.7932	3.2811	-0.1037	-0.9242	2.8090	-0.3746	-0.8742	2.8878	0.0330	-0.6282	3.0650	-0.2594	-0.4568	3.3707	-0.1501	-0.2415	3.5139	0.0320	-0.7559	3.2214	-0.1069	-0.8163	3.2824	0.450	
24.057	-0.0373	-0.7931	3.2810	-0.1035	-0.9232	2.8090	-0.3765	-0.8753	2.8879	0.0263	-0.6793	3.0316	-0.2599	-0.4578	3.3715	-0.1499	-0.2411	3.5122	0.0326	-0.7556	3.2213	-0.1066	-0.8163	3.2823	0.450	
24.092	-0.0408	-0.7965	3.2833	-0.1036	-0.9228	2.8092	-0.3772	-0.8754	2.8893	0.0260	-0.6786	3.0317	-0.2600	-0.4582	3.3714	-0.1496	-0.2405	3.5104	0.0283	-0.7601	3.2223	-0.1096	-0.8189	3.2862	0.450	
24.125	-0.0386	-0.8020	3.2931	-0.1048	-0.9229	2.8091	-0.3777	-0.8767	2.8927	0.0281	-0.6606	3.0471	-0.2607	-0.4595	3.3707	-0.1505	-0.2398	3.5087	0.0308	-0.7652	3.2289	-0.1077	-0.8247	3.2999	0.450	
24.159	-0.0375	-0.8017	3.2925	-0.1084	-0.9220	2.8091	-0.3800	-0.8793	2.8947	-0.0021	-0.6483	3.0236	-0.2606	-0.4600	3.3709	-0.1523	-0.2420	3.4992	0.0328	-0.7645	3.2280	-0.1070	-0.8247	3.2995	0.450	
24.193	-0.0382	-0.8021	3.2915	-0.1103	-0.9208	2.8104	-0.3806	-0.8804	2.8993	0.0176	-0.6728	3.0300	-0.2604	-0.4600	3.3712	-0.1539	-0.2434	3.4967	0.0319	-0.7649	3.2259	-0.1078	-0.8251	3.2990	0.450	
24.225	-0.0387	-0.8033	3.2915	-0.1193	-0.9171	2.8106	-0.3835	-0.8821	2.9024	0.0242	-0.6603	3.0456	-0.2615	-0.4647	3.3708	-0.1526	-0.2423	3.4899	0.0312	-0.7663	3.2255	-0.1080	-0.8261	3.2995	0.450	
24.258	-0.0378	-0.8036	3.2946	-0.1195	-0.9173	2.8108	-0.3871	-0.8838	2.9045	0.0249	-0.6583	3.0480	-0.2614	-0.4646	3.3708	-0.1529	-0.2407	3.4824	0.0326	-0.7668	3.2278	-0.1076	-0.8264	3.3034	0.450	
24.292	-0.0396	-0.8045	3.2934	-0.1196	-0.9209	2.8166	-0.3889	-0.8828	2.9074	0.0231	-0.6692	3.0411	-0.2613	-0.4645	3.3704	-0.1530	-0.2431	3.4786	0.0302	-0.7683	3.2261	-0.1089	-0.8268	3.3026	0.450	
24.326	-0.0362	-0.8084	3.3018	-0.1204	-0.9230	2.8186	-0.3909	-0.8825	2.9093	0.0218	-0.6702	3.0398	-0.2609	-0.4643	3.3706	-0.1529	-0.2414	3.4752	0.0337	-0.7723	3.2317	-0.1056	-0.8302	3.3146	0.450	
24.358	-0.0388	-0.8084	3.2979	-0.1615	-0.8784	2.8033	-0.3929	-0.8837	2.9128	0.0216	-0.6713	3.0402	-0.2603	-0.4642	3.3699	-0.1521	-0.2430	3.4720	0.0309	-0.7726	3.2278	-0.1080	-0.8299	3.3101	0.450	
24.391	-0.0401	-0.8094	3.2990	-0.1650	-0.8772	2.8022	-0.3938	-0.8843	2.9146	0.0210	-0.6732	3.0399	-0.2600	-0.4640	3.3698	-0.1520	-0.2450	3.4674	0.0293	-0.7744	3.2287	-0.1089	-0.8303	3.3112	0.450	
24.425	-0.0442	-0.8083	3.2942	-0.1670	-0.8769	2.8021	-0.3959	-0.8881	2.9182	0.0209	-0.6741	3.0407	-0.2584	-0.4601	3.3696	-0.1519	-0.2472	3.4587	0.0253	-0.7744	3.2257	-0.1132	-0.8276	3.3036	0.450	
24.458	-0.0486	-0.8080	3.2901	-0.1681	-0.8769	2.8017	-0.3971	-0.8877	2.9187	0.0222	-0.6771	3.0474	-0.2592	-0.4621	3.3686	-0.1539	-0.2444	3.4536	0.0201	-0.7745	3.2213	-0.1165	-0.8269	3.3002	0.450	
24.491	-0.0548	-0.8062	3.2795	-0.1719	-0.8759	2.8011	-0.3971	-0.8875	2.9190	0.0224	-0.6787	3.0501	-0.2586	-0.4613	3.3671	-0.1525	-0.2496	3.4480	0.0111	-0.7729	3.2107	-0.1202	-0.8251	3.2894	0.450	
24.525	-0.0551	-0.8065	3.2796	-0.1770	-0.8758	2.8006	-0.3974	-0.8902	2.9212	0.0216	-0.6812	3.0511	-0.2564	-0.4601	3.3659	-0.1530	-0.2501	3.4452	0.0107	-0.7734	3.2108	-0.1203	-0.8251	3.2894	0.450	
24.558	-0.0567	-0.8061	3.2760	-0.1719	-0.8783	2.8009	-0.3971	-0.8918	2.9225	-0.0070	-0.6492	3.0374	-0.2564	-0.4600	3.3659	-0.1541	-0.2597	3.4386	0.0093	-0.7732	3.2082	-0.1220	-0.8245	3.2848	0.450	
24.592	-0.0572	-0.8085	3.2770	-0.1711	-0.8788	2.8004	-0.3990	-0.8274	2.8963	-0.0467	-0.6673	2.9976	-0.2550	-0.4593	3.3661	-0.1549	-0.2611	3.4320	0.0083	-0.7779	3.2111	-0.1222	-0.8254	3.2849	0.450	
24.626	-0.0707	-0.8244	3.2993	-0.1709	-0.8791	2.8002	-0.3921	-0.8879	2.9215	-0.0445	-0.6250	3.0426	-0.2530	-0.4604	3.3662	-0.1600	-0.2601	3.4272	-0.0071	-0.7984	3.2289	-0.1334	-0.8362	3.3117	0.450	
24.658	-0.0723	-0.8250	3.3002	-0.2085	-0.8154	2.7763	-0.3925	-0.8905	2.9220	-0.0549	-0.6291	3.0364	-0.2533	-0.4588	3.3694	-0.1633	-0.2599	3.4238	-0.0079	-0.7989	3.2292	-0.1357	-0.8367	3.3130	0.450	
24.691	-0.0641	-0.7968	3.2464	-0.2077	-0.8151	2.7757	-0.3933	-0.8888	2.9219	-0.0694	-0.6363	3.0326	-0.2516	-0.4473	3.3730	-0.1643	-0.2579	3.4216	-0.0058	-0.7648	3.1838	-0.1213	-0.8144	3.2502	0.450	
24.725	-0.0671	-0.7948	3.2447	-0.1593	-0.9194	2.8034	-0.3953	-0.8840	2.9206	-0.1460	-0.5879	3.0524	-0.2544	-0.4456	3.3737	-0.1667	-0.2596	3.4183	-0.0093	-0.7610	3.1798	-0.1239	-0.8135	3.2500	0.450	
24.810	-0.0673	-0.7952	3.2457	-0.1604	-0.9181	2.8017	-0.3960	-0.8833	2.9205	-0.2335	-0.5548	3.0695	-0.2625	-0.4405	3.3843	-0.1667	-0.2610	3.4183	-0.0098	-0.7608	3.1775	-0.1239	-0.8169	3.2625	0.450	
24.841	-0.0689	-0.7967	3.2485	-0.1604	-0.9180	2.8018	-0.3966	-0.8832	2.9216	-0.3550	-0.5095	3.1110	-0.3200	-0.3679	3.3732	-0.1676	-0.2598	3.4181	-0.0115	-0.7612	3.1732	-0.1274	-0.8219	3.2790	0.450	
24.875	-0.0627	-0.7941	3.2474	-0.1603	-0.9180	2.8018	-0.3969	-0.8829	2.9224	-0.3572	-0.5125	3.1099	-0.3218	-0.3768	3.3736	-0.1837	-0.2343	3.4076	0.0105	-0.7461	3.1497	-0.1250	-0.8218	3.2808	0.450	
24.908	-0.0731	-0.7873	3.2531	-0.2108	-0.8046	2.7666	-0.3979	-0.8884	2.9256	-0.3598	-0.5134	3.1107	-0.3071	-0.3674	3.3669	-0.1830	-0.2346	3.4040	-0.0123	-0.7382	3.1458	-0.1377	-0.8152	3.3056	0.450	
24.942	-0.0719	-0.7899	3.2587	-0.2108	-0.8046	2.7666	-0.3981	-0.8874	2.9271	-0.3731	-0.5228	3.1154	-0.3080	-0.3633	3.3677	-0.1468	-0.2324	3.3832	-0.0106	-0.7420	3.1486	-0.1347	-0.8193	3.3137	0.450	
24.975	-0.0621	-0.7963	3.2668	-0.2112	-0.8046	2.7664	-0.3994	-0.8845	2.9288	-0.4297	-0.5059	3.1358	-0.3238	-0.3594	3.3775	-0.1352	-0.2312	3.3793	0.0073	-0.7547	3.1591	-0.1291	-0.8233	3.3183	0.450	
25.008	-0.0634	-0.7965	3.2741	-0.2141	-0.8030	2.7670	-0.3999	-0.8843	2.9311	-0.4320	-0.5060	3.1363	-0.4233	-0.5223	3.1515	-0.1358	-0.2301	3.3714	0.0056	-0.7609	3.1742	-0.1305	-0.8208	3.3206	0.450	
25.080	-0.0558	-0.8381	3.2722	-0.2259	-0.8055	2.7708	-0.4021	-0.9025	2.9497	-0.3195	-0.5320	3.1486	-0.4445	-0.5201	3.1359	-0.1181	-0.2377	3.3650	0.0314	-0.8391	3.2496	-0.1403	-0.8306	3.2355	0.450	
25.110	-0.0252	-0.8415	3.3100	-0.2394	-0.8011	2.7717	-0.4062	-0.9055	2.9521	-0.3810	-0.5395	3.1267	-0.5048	-0.5197	3.1437	-0.1149	-0.2420	3.3581	0.0596	-0.8185	3.2855	-0.1085	-0.8498	3.2767	0.450	
25.142	-0.0061	-0.8193	3.3164	-0.2418	-0.7987	2.7725	-0.4105	-0.9076	2.9558	-0.3883	-0.5448	3.1252	-0.4556	-0.5216	3.1402	-0.0902	-0.2905	3.3580	0.0672	-0.7796	3.2937	-0.0748	-0.8377	3.2820	0.450	
25.175	0.0003	-0.8106	3.3258	-0.2438	-0.7976	2.7744	-0.4470	-0.8322	2.9414	-0.3877	-0.5437	3.1240	-0.4469	-0.5221	3.1381	-0.1230	-0.2404	3.3566	0.0715	-0.7702	3.3053	-0.0703	-0.8343	3.2868	0.450	
25.208	0.0036	-0.8066	3.3259	-0.3813	-0.9306	3.0008	-0.4477	-0.8313	2.9424	-0.3913	-0.5242	3.1452	-0.4569	-0.5429	3.1383	-0.1255	-0.3018	3.3410	0.0743	-0.7669	3.3043	-0.0670	-0.8307	3.2882	0.450	
25.241	0.0001	-0.8077	3.3252	-0.3272	-0.9408	3.0806	-0.4307	-0.9173	2.9783	-0.3888	-0.5233	3.1459	-0.5085	-0.5212	3.1483	-0.1312	-0.2961	3.3407	0.0681	-0.7703	3.3026	-0.0689	-0.8307	3.2881	0.450	
25.275	-0.0057	-0.8065	3.3141	-0.3379	-0.9455	3.0722	-0.4309	-0.9178	2.9788	-0.3963	-0.5260	3.1455	-0.4512	-0.5438	3.1422	-0.0973	-0.2953	3.3488	0.0617	-0.7693	3.2894	-0.0733	-0.8294	3.2796	0.450	
25.308	-0.0057	-0.8064	3.3141	-0.3414	-0.9500	3.0726	-0.4384	-0.9194	2.9817	-0.4010	-0.5281	3.1443	-0.4514	-0.5435	3.1418	-0.0945	-0.2903	3.3503	0.0618	-0.7691	3.2894	-0.0733	-0.8293	3.2796	0.450	
25.341	-0.0062	-0.8059	3.3143	-0.3440	-0.9516	3.0817	-0.4462	-0.9692	2.9938	-0.3951	-0.5332	3.1402	-0.4510	-0.5408	3.1419	-0.0978	-0.2817	3.3493	0.0615	-0.7687	3.2895	-0.0740	-0.8287	3.2797	0.450	
25.375	-0.0102	-0.8057	3.3136	-0.4372	-0.9527	3.0300	-0.4935	-1.0121	2.9741	-0.4033	-0.5349	3.1366	-0.4510	-0.5431	3.1401	-0.0921	-0.2870	3.3553	0.0562	-0.7691	3.2885	-0.0768	-0.8281	3.2794	0.450	
25.409	-0.0434	-0.8122	3.2896	-0.4388	-0.9536	3.0312	-0.4637	-0.9231	3.0154	-0.4077	-0.5288	3.1442	-0.4508	-0.5447	3.1394	-0.0890	-0.2936	3.3511	0.0250	-0.7798	3.2632	-0.1112	-0.8300	3.2567	0.450	
25.442	-0.0406	-0.8101	3.2867	-0.4460	-0.9599	3.0453	-0.4646	-0.9237	3.0148	-0.4073	-0.5281	3.1453	-0.4496	-0.5480	3.1402	-0.1054	-0.2623	3.3384	0.0299	-0.7764	3.2600	-0.1098	-0.8289	3.2542	0.450	
25.475	-0.0273	-0.7979	3.2695	-0.4465	-0.9565	3.0408	-0.4720	-0.9819	3.0250	-0.4078	-0.5266	3.1461	-0.4669	-0.5474	3.1343	-0.0829	-0.3142	3.3697	0.0478	-0.7597	3.2413	-0.1011	-0.8209	3.2386	0.450	
25.508	-0.0427	-0.8067	3.2852	-0.5072	-0.8780	3.1026	-0.4717	-0.9818	3.0278	-0.4071	-0.5254	3.1472	-0.4901	-0.5204	3.1455	-0.1351	-0.3051	3.3446	0.0209	-0.7776	3.2696	-0.1086	-0.8241	3.2457	0.450	
25.541	-0.0451	-0.8073	3.2855	-0.5093	-0.8177	3.1060	-0.4741	-0.9831	3.0367	-0.4021	-0.5238	3.1485	-0.4752	-0.5252	3.1435	-0.1554	-0.2974	3.3506	0.0197	-0.7779	3.2698	-0.1110	-0.8244	3.2452	0.450	
25.575	-0.0453	-0.8070	3.2859	-0.5268	-0.8836	3.0789	-0.4792	-0.9852	3.0411	-0.4064	-0.5255	3.1479	-0.5044	-0.5418	3.1318	-0.0910	-0.2981	3.3596	0.0201	-0.7770	3.2697	-0.1115	-0.8242	3.2459	0.450	
25.608	-0.0528	-0.8113	3.2810	-0.5308	-0.8891	3.0975	-0.4795	-0.9850	3.0499	-0.4061	-0.5271	3.1471	-0.4422	-0.5319	3.1397	-0.0896	-0.3007	3.3587	0.0113	-0.7828	3.2539	-0.1184	-0.8273	3.2461	0.450	
25.642	-0.0535	-0.8108	3.2813	-0.5327	-0.8363	3.1086	-0.3725	-0.8424	2.8675	-0.4040	-0.5263	3.1478	-0.4854	-0.5497	3.1238	-0.0868	-0.2988	3.3612	0.0112	-0.7816	3.2549	-0.1195	-0.8268	3.2465	0.450	
25.674	-0.0535	-0.8111	3.2816	-0.5371	-0.8913	3.1077	-0.3771	-0.8402	2.8855	-0.4030	-0.5258	3.1488	-0.4969	-0.5444	3.1323	-0.0869	-0.2987	3.3611	0.0114	-0.7817	3.2549	-0.1196	-0.8273	3.2479	0.450	
25.709	-0.0538	-0.8110	3.2819	-0.5388	-0.8910	3.1084	-0.3781	-0.8398	2.8881	-0.4031	-0.5256	3.1486	-0.4953	-0.5449	3.1314	-0.0858	-0.3007	3.3600	0.0113	-0.7816	3.2552	-0.1199	-0.8271	3.2482	0.450	
25.742	-0.0570	-0.8098	3.2807	-0.5405	-0.8910	3.1098	-0.3798	-0.8399	2.8933	-0.4028	-0.5262	3.1485	-0.4941	-0.5471	3.1300	-0.0898	-0.2917	3.3518	0.0088	-0.7805	3.2551	-0.1231	-0.8256	3.2462	0.450	
25.775	-0.0649	-0.8040	3.2792	-0.5425	-0.8914	3.1126	-0.3786	-0.8419	2.8965	-0.4079	-0.5279	3.1484	-0.5105	-0.5411	3.1320	-0.0902	-0.2892	3.3549	-0.0022	-0.7758	3.2614	-0.1305	-0.8152	3.2357	0.450	
25.808	-0.0648	-0.8040	3.2791	-0.5449	-0.8910	3.1161	-0.3774	-0.8437	2.8989	-0.4075	-0.5286	3.1481	-0.5126	-0.5405	3.1323	-0.0874	-0.2904	3.3607	-0.0002	-0.7745	3.2587	-0.1304	-0.8168	3.2389	0.450	
