% Time	SBX	SBY	SBZ	FRX	FRY	FRZ	FLX	FLY	FLZ	WRX	WRY	WRZ	WLX	WLY	WLZ	HDX	HDY	HDZ	HRX	HRY	HRZ	HRLX	HLY	HLZ	SpdCom	ax	ay	az	gx	gy	gz	mx	my	mz	Angle
23.123	-0.3176	-0.8332	3.3926	-0.3499	-0.9615	3.1083	-0.5034	-0.9526	3.0256	-0.4263	-0.5579	3.1434	-0.5087	-0.8105	3.8376	-0.3750	-0.2020	3.5483	-0.2747	-0.8058	3.2897	-0.3549	-0.8453	3.4326	0.000	
23.154	-0.3189	-0.8322	3.3919	-0.4264	-0.9509	3.1067	-0.5030	-0.9528	3.0252	-0.4447	-0.5468	3.1456	-0.5083	-0.8112	3.8383	-0.3749	-0.2020	3.5479	-0.2758	-0.8044	3.2886	-0.3564	-0.8447	3.4321	0.000	
23.189	-0.3154	-0.8348	3.3908	-0.3710	-0.9357	3.1052	-0.5026	-0.9526	3.0253	-0.4375	-0.5484	3.1479	-0.5075	-0.8149	3.8418	-0.3736	-0.2028	3.5485	-0.2738	-0.8057	3.2875	-0.3508	-0.8490	3.4310	0.000	
23.222	-0.3156	-0.8349	3.3930	-0.3648	-0.9523	3.0957	-0.5020	-0.9523	3.0252	-0.4624	-0.5509	3.1434	-0.5085	-0.8122	3.8400	-0.3737	-0.2029	3.5489	-0.2736	-0.8065	3.2892	-0.3518	-0.8481	3.4342	0.000	
23.255	-0.3150	-0.8359	3.3932	-0.3076	-0.9592	3.2372	-0.5019	-0.9522	3.0251	-0.4582	-0.5494	3.1447	-0.5078	-0.8118	3.8399	-0.3738	-0.2025	3.5487	-0.2733	-0.8069	3.2894	-0.3506	-0.8497	3.4342	0.000	
23.289	-0.3156	-0.8360	3.3906	-0.4221	-0.9234	3.1654	-0.5021	-0.9535	3.0246	-0.4609	-0.5498	3.1440	-0.5085	-0.8123	3.8406	-0.3738	-0.2027	3.5488	-0.2738	-0.8072	3.2862	-0.3514	-0.8496	3.4319	0.000	
23.322	-0.2860	-0.8323	3.3616	-0.4280	-0.8458	3.2146	-0.5014	-0.9538	3.0248	-0.4365	-0.5550	3.1439	-0.5093	-0.8130	3.8412	-0.3740	-0.2041	3.5483	-0.2358	-0.8035	3.2504	-0.3306	-0.8457	3.4098	0.000	
23.355	-0.2860	-0.8323	3.3610	-0.4282	-0.8459	3.2143	-0.5013	-0.9541	3.0246	-0.4804	-0.5529	3.1416	-0.5095	-0.8142	3.8426	-0.3735	-0.2052	3.5481	-0.2360	-0.8035	3.2503	-0.3301	-0.8459	3.4080	0.000	
23.387	-0.2855	-0.8329	3.3606	-0.4940	-0.9377	3.1261	-0.5012	-0.9556	3.0241	-0.4426	-0.5422	3.1684	-0.5068	-0.8142	3.8431	-0.3733	-0.2052	3.5481	-0.2360	-0.8036	3.2502	-0.3286	-0.8472	3.4073	0.000	
23.421	-0.2854	-0.8328	3.3606	-0.5340	-0.8955	3.1769	-0.5009	-0.9555	3.0241	-0.4522	-0.5520	3.1436	-0.5070	-0.8142	3.8432	-0.3728	-0.2043	3.5482	-0.2361	-0.8035	3.2504	-0.3284	-0.8471	3.4070	0.000	
23.454	-0.2856	-0.8327	3.3599	-0.5406	-0.9056	3.1776	-0.5009	-0.9564	3.0236	-0.4026	-0.5591	3.1480	-0.5071	-0.8143	3.8432	-0.3714	-0.2039	3.5482	-0.2366	-0.8034	3.2497	-0.3284	-0.8469	3.4065	0.000	
23.488	-0.2856	-0.8325	3.3595	-0.5390	-0.9041	3.1763	-0.5007	-0.9564	3.0235	-0.4015	-0.5589	3.1485	-0.5067	-0.8143	3.8427	-0.3720	-0.2039	3.5482	-0.2367	-0.8032	3.2495	-0.3283	-0.8467	3.4058	0.000	
23.520	-0.2854	-0.8324	3.3593	-0.4401	-0.9067	3.1841	-0.5006	-0.9569	3.0233	-0.4536	-0.5416	3.1514	-0.5073	-0.8151	3.8430	-0.3721	-0.2041	3.5481	-0.2366	-0.8032	3.2494	-0.3281	-0.8465	3.4055	0.000	
23.554	-0.2846	-0.8322	3.3582	-0.4295	-0.9539	3.1258	-0.5005	-0.9573	3.0234	-0.4274	-0.5625	3.1428	-0.5081	-0.8156	3.8435	-0.3727	-0.2045	3.5477	-0.2353	-0.8025	3.2478	-0.3278	-0.8465	3.4049	0.000	
23.588	-0.2846	-0.8323	3.3582	-0.3472	-0.9103	3.1647	-0.5006	-0.9571	3.0236	-0.4507	-0.5431	3.1495	-0.5067	-0.8171	3.8457	-0.3724	-0.2050	3.5494	-0.2354	-0.8031	3.2485	-0.3278	-0.8465	3.4047	0.000	
23.621	-0.2843	-0.8324	3.3582	-0.4202	-0.9490	3.1264	-0.5008	-0.9575	3.0234	-0.4511	-0.5449	3.1477	-0.5035	-0.8173	3.8459	-0.3727	-0.2052	3.5493	-0.2350	-0.8031	3.2486	-0.3276	-0.8465	3.4046	0.000	
23.653	-0.2843	-0.8325	3.3580	-0.4206	-0.9497	3.1260	-0.5009	-0.9574	3.0235	-0.4289	-0.5606	3.1383	-0.5077	-0.8200	3.8468	-0.3735	-0.2106	3.5492	-0.2353	-0.8036	3.2489	-0.3273	-0.8464	3.4029	0.000	
23.688	-0.2838	-0.8331	3.3570	-0.4341	-0.8778	3.1783	-0.5010	-0.9572	3.0234	-0.4527	-0.5505	3.1436	-0.5076	-0.8196	3.8459	-0.3735	-0.2105	3.5492	-0.2350	-0.8037	3.2484	-0.3266	-0.8474	3.4018	0.000	
23.721	-0.2830	-0.8334	3.3563	-0.4241	-0.9464	3.1231	-0.5009	-0.9575	3.0233	-0.4316	-0.5529	3.1426	-0.5077	-0.8192	3.8456	-0.3746	-0.2106	3.5488	-0.2342	-0.8039	3.2476	-0.3260	-0.8477	3.4013	0.000	
23.757	-0.2831	-0.8332	3.3562	-0.4238	-0.9467	3.1225	-0.5008	-0.9576	3.0232	-0.3980	-0.5529	3.1528	-0.5055	-0.8189	3.8462	-0.3765	-0.2119	3.5488	-0.2345	-0.8037	3.2477	-0.3261	-0.8474	3.4010	0.000	
23.787	-0.2855	-0.8432	3.3853	-0.4503	-0.9338	3.1363	-0.5008	-0.9575	3.0234	-0.4272	-0.5536	3.1433	-0.5026	-0.8182	3.8459	-0.3772	-0.2118	3.5494	-0.2402	-0.8231	3.2882	-0.3264	-0.8504	3.4218	0.000	
23.821	-0.2839	-0.8386	3.3607	-0.5046	-0.9331	3.1172	-0.5007	-0.9577	3.0233	-0.4232	-0.5533	3.1470	-0.5043	-0.8188	3.8460	-0.3775	-0.2125	3.5491	-0.2355	-0.8035	3.2402	-0.3260	-0.8523	3.4101	0.000	
23.854	-0.2838	-0.8380	3.3601	-0.4337	-0.9476	3.1165	-0.5006	-0.9578	3.0233	-0.4442	-0.5515	3.1435	-0.5015	-0.8277	3.8532	-0.3785	-0.2126	3.5491	-0.2359	-0.8029	3.2410	-0.3255	-0.8523	3.4091	0.000	
23.888	-0.2837	-0.8381	3.3595	-0.4225	-0.9455	3.1194	-0.5005	-0.9580	3.0235	-0.4217	-0.5596	3.1448	-0.4978	-0.8267	3.8530	-0.3793	-0.2123	3.5488	-0.2360	-0.8031	3.2413	-0.3251	-0.8528	3.4080	0.000	
23.921	-0.2840	-0.8377	3.3593	-0.4946	-0.9354	3.1158	-0.5005	-0.9584	3.0233	-0.4202	-0.5535	3.1500	-0.4967	-0.8299	3.8553	-0.3804	-0.2114	3.5495	-0.2369	-0.8030	3.2425	-0.3253	-0.8527	3.4076	0.000	
23.955	-0.2829	-0.8458	3.3890	-0.4647	-0.9734	3.2705	-0.5004	-0.9585	3.0231	-0.4259	-0.5527	3.1492	-0.4934	-0.8332	3.8576	-0.3802	-0.2116	3.5488	-0.2360	-0.8246	3.2981	-0.3245	-0.8542	3.4208	0.000	
23.988	-0.2820	-0.8393	3.3638	-0.4647	-0.9740	3.2700	-0.5005	-0.9582	3.0229	-0.4517	-0.5544	3.1436	-0.4915	-0.8322	3.8572	-0.3803	-0.2111	3.5487	-0.2351	-0.8039	3.2446	-0.3239	-0.8541	3.4125	0.000	
24.021	-0.2835	-0.8464	3.3865	-0.3145	-0.9087	3.1512	-0.5005	-0.9583	3.0228	-0.4516	-0.5545	3.1435	-0.4903	-0.8318	3.8575	-0.3803	-0.2111	3.5487	-0.2390	-0.8253	3.2978	-0.3239	-0.8557	3.4205	0.000	
24.054	-0.2830	-0.8400	3.3660	-0.3727	-0.8938	3.1222	-0.5004	-0.9587	3.0228	-0.4234	-0.5468	3.1615	-0.4900	-0.8312	3.8569	-0.3787	-0.2096	3.5459	-0.2362	-0.8037	3.2461	-0.3240	-0.8549	3.4131	0.000	
24.087	-0.2826	-0.8385	3.3593	-0.3881	-0.9268	3.1009	-0.5003	-0.9587	3.0228	-0.4549	-0.5416	3.1514	-0.5044	-0.8184	3.8474	-0.3804	-0.2108	3.5461	-0.2358	-0.8030	3.2435	-0.3239	-0.8551	3.4085	0.000	
24.122	-0.2825	-0.8377	3.3585	-0.4099	-0.9347	3.1087	-0.5002	-0.9592	3.0222	-0.4422	-0.5361	3.1573	-0.4916	-0.8365	3.8613	-0.3807	-0.2105	3.5462	-0.2358	-0.8029	3.2436	-0.3238	-0.8541	3.4065	0.000	
24.154	-0.2833	-0.8375	3.3575	-0.4086	-0.9122	3.1185	-0.5002	-0.9594	3.0222	-0.4200	-0.5522	3.1491	-0.4955	-0.8335	3.8595	-0.3806	-0.2115	3.5464	-0.2366	-0.8030	3.2437	-0.3244	-0.8539	3.4046	0.000	
24.187	-0.2830	-0.8371	3.3566	-0.3997	-0.9096	3.1185	-0.5001	-0.9594	3.0219	-0.4510	-0.5539	3.1397	-0.5010	-0.8315	3.8565	-0.3808	-0.2115	3.5461	-0.2364	-0.8028	3.2434	-0.3242	-0.8537	3.4038	0.000	
24.220	-0.2826	-0.8373	3.3566	-0.4064	-0.9172	3.1195	-0.5001	-0.9595	3.0220	-0.4515	-0.5536	3.1411	-0.5062	-0.8242	3.8509	-0.3804	-0.2121	3.5456	-0.2360	-0.8032	3.2437	-0.3239	-0.8540	3.4040	0.000	
24.254	-0.2816	-0.8374	3.3552	-0.4108	-0.9231	3.1215	-0.5001	-0.9597	3.0220	-0.4201	-0.5450	3.1555	-0.5072	-0.8187	3.8455	-0.3802	-0.2120	3.5456	-0.2344	-0.8038	3.2428	-0.3233	-0.8539	3.4026	0.000	
24.287	-0.2900	-0.8428	3.3909	-0.3564	-0.9341	3.1401	-0.5000	-0.9595	3.0219	-0.4541	-0.5426	3.1475	-0.5070	-0.8182	3.8452	-0.3807	-0.2116	3.5460	-0.2446	-0.8206	3.2990	-0.3289	-0.8522	3.4199	0.000	
24.321	-0.2894	-0.8436	3.3916	-0.3593	-0.9404	3.1414	-0.5001	-0.9596	3.0220	-0.4535	-0.5432	3.1470	-0.4972	-0.8330	3.8566	-0.3806	-0.2117	3.5459	-0.2443	-0.8211	3.2986	-0.3281	-0.8532	3.4228	0.000	
24.355	-0.2885	-0.8445	3.3917	-0.3615	-0.9416	3.1417	-0.5001	-0.9597	3.0222	-0.4250	-0.5466	3.1538	-0.4910	-0.8306	3.8549	-0.3809	-0.2119	3.5460	-0.2434	-0.8217	3.2976	-0.3271	-0.8541	3.4240	0.000	
24.388	-0.2849	-0.8464	3.3923	-0.4030	-0.9126	3.1966	-0.5001	-0.9600	3.0222	-0.4070	-0.5508	3.1538	-0.5000	-0.8179	3.8450	-0.3811	-0.2113	3.5459	-0.2386	-0.8236	3.2964	-0.3249	-0.8553	3.4255	0.000	
24.422	-0.2976	-0.8343	3.3613	-0.4413	-0.8961	3.1601	-0.5002	-0.9600	3.0222	-0.4519	-0.5534	3.1417	-0.4934	-0.8306	3.8551	-0.3811	-0.2111	3.5461	-0.2563	-0.7982	3.2473	-0.3324	-0.8523	3.4112	0.000	
24.456	-0.2890	-0.8427	3.3835	-0.2935	-0.9518	3.2414	-0.5001	-0.9597	3.0222	-0.3991	-0.5583	3.1476	-0.4999	-0.8164	3.8440	-0.3812	-0.2109	3.5462	-0.2421	-0.8198	3.2843	-0.3282	-0.8540	3.4239	0.000	
24.488	-0.2862	-0.8377	3.3701	-0.4014	-0.9514	3.1172	-0.5001	-0.9598	3.0223	-0.4568	-0.5436	3.1475	-0.4875	-0.8326	3.8570	-0.3810	-0.2109	3.5466	-0.2385	-0.8029	3.2532	-0.3269	-0.8531	3.4178	0.000	
24.521	-0.2844	-0.8368	3.3652	-0.4068	-0.9499	3.1179	-0.5002	-0.9600	3.0225	-0.4275	-0.5471	3.1575	-0.5007	-0.8169	3.8444	-0.3810	-0.2110	3.5467	-0.2372	-0.8032	3.2511	-0.3257	-0.8521	3.4133	0.000	
24.554	-0.2845	-0.8365	3.3645	-0.4747	-0.9497	3.1619	-0.5002	-0.9600	3.0225	-0.4539	-0.5426	3.1456	-0.4867	-0.8362	3.8594	-0.3809	-0.2110	3.5467	-0.2374	-0.8031	3.2510	-0.3257	-0.8520	3.4124	0.000	
24.588	-0.2846	-0.8364	3.3642	-0.4229	-0.9512	3.1210	-0.5003	-0.9602	3.0228	-0.4295	-0.5471	3.1539	-0.4869	-0.8359	3.8593	-0.3804	-0.2105	3.5464	-0.2376	-0.8031	3.2511	-0.3255	-0.8521	3.4116	0.000	
24.621	-0.2841	-0.8361	3.3621	-0.4271	-0.9579	3.1256	-0.5004	-0.9602	3.0227	-0.4556	-0.5520	3.1397	-0.4882	-0.8334	3.8578	-0.3803	-0.2108	3.5468	-0.2374	-0.8029	3.2497	-0.3249	-0.8522	3.4098	0.000	
24.655	-0.2851	-0.8346	3.3606	-0.4273	-0.9592	3.1219	-0.5004	-0.9601	3.0227	-0.4556	-0.5519	3.1398	-0.4866	-0.8325	3.8572	-0.3807	-0.2116	3.5462	-0.2391	-0.8004	3.2486	-0.3255	-0.8517	3.4083	0.000	
24.687	-0.2837	-0.8483	3.3942	-0.3822	-0.9545	3.1537	-0.5006	-0.9602	3.0227	-0.4610	-0.5522	3.1411	-0.4865	-0.8325	3.8571	-0.3809	-0.2117	3.5462	-0.2381	-0.8277	3.3000	-0.3244	-0.8553	3.4250	0.000	
24.720	-0.2826	-0.8387	3.3608	-0.4404	-0.9531	3.1295	-0.5006	-0.9601	3.0227	-0.4596	-0.5526	3.1409	-0.4919	-0.8333	3.8578	-0.3768	-0.2135	3.5456	-0.2350	-0.8050	3.2436	-0.3244	-0.8542	3.4140	0.000	
24.755	-0.2826	-0.8382	3.3602	-0.3519	-0.7876	3.1166	-0.5009	-0.9573	3.0221	-0.4386	-0.5356	3.1578	-0.4920	-0.8337	3.8577	-0.3751	-0.2125	3.5467	-0.2351	-0.8045	3.2438	-0.3243	-0.8538	3.4115	0.000	
24.787	-0.2821	-0.8386	3.3607	-0.4180	-0.9020	3.1270	-0.5012	-0.9575	3.0221	-0.4217	-0.5529	3.1502	-0.4914	-0.8333	3.8559	-0.3761	-0.2127	3.5471	-0.2345	-0.8066	3.2481	-0.3235	-0.8542	3.4109	0.000	
24.822	-0.3159	-0.8370	3.3900	-0.4294	-0.8857	3.1595	-0.5014	-0.9573	3.0223	-0.4288	-0.5524	3.1493	-0.4893	-0.8318	3.8557	-0.3766	-0.2126	3.5469	-0.2777	-0.8068	3.2902	-0.3437	-0.8523	3.4245	0.000	
24.855	-0.2960	-0.8382	3.3585	-0.4206	-0.9446	3.1055	-0.5014	-0.9552	3.0231	-0.4603	-0.5549	3.1397	-0.4994	-0.8171	3.8446	-0.3768	-0.2128	3.5468	-0.2472	-0.8043	3.2405	-0.3384	-0.8544	3.4141	0.000	
24.887	-0.2930	-0.8370	3.3576	-0.4223	-0.9468	3.1075	-0.5013	-0.9536	3.0246	-0.4591	-0.5544	3.1404	-0.4974	-0.8247	3.8495	-0.3783	-0.2109	3.5464	-0.2453	-0.8035	3.2412	-0.3338	-0.8532	3.4101	0.000	
24.922	-0.2898	-0.8345	3.3567	-0.4260	-0.9522	3.1095	-0.5044	-0.9513	3.0244	-0.4574	-0.5522	3.1417	-0.4963	-0.8265	3.8517	-0.3785	-0.2112	3.5462	-0.2429	-0.8008	3.2415	-0.3304	-0.8516	3.4082	0.000	
24.955	-0.2897	-0.8344	3.3564	-0.5234	-0.9383	3.1230	-0.5044	-0.9512	3.0247	-0.4269	-0.5481	3.1519	-0.4974	-0.8268	3.8523	-0.3780	-0.2115	3.5462	-0.2429	-0.8006	3.2415	-0.3300	-0.8516	3.4074	0.000	
24.987	-0.2896	-0.8337	3.3556	-0.5245	-0.9383	3.1214	-0.5060	-0.9503	3.0242	-0.4527	-0.5431	3.1515	-0.4964	-0.8280	3.8522	-0.3794	-0.2118	3.5469	-0.2431	-0.7998	3.2414	-0.3298	-0.8512	3.4054	0.000	
25.038	-0.2896	-0.8339	3.3555	-0.5249	-0.9373	3.1191	-0.5062	-0.9503	3.0249	-0.4333	-0.5518	3.1489	-0.4977	-0.8265	3.8518	-0.3773	-0.2096	3.5462	-0.2432	-0.8001	3.2417	-0.3297	-0.8516	3.4048	0.000	
25.071	-0.2896	-0.8343	3.3551	-0.5262	-0.9363	3.1185	-0.5064	-0.9502	3.0252	-0.4391	-0.5476	3.1514	-0.4980	-0.8260	3.8512	-0.3779	-0.2093	3.5451	-0.2433	-0.8007	3.2419	-0.3297	-0.8519	3.4037	0.000	
25.104	-0.3060	-0.8324	3.3551	-0.5656	-0.8378	3.1648	-0.5083	-0.9499	3.0246	-0.4409	-0.5491	3.1495	-0.4981	-0.8260	3.8512	-0.3792	-0.2111	3.5449	-0.2637	-0.7965	3.2415	-0.3433	-0.8521	3.4047	0.000	
25.137	-0.3008	-0.8335	3.3545	-0.5245	-0.9340	3.0960	-0.5085	-0.9496	3.0249	-0.4438	-0.5462	3.1519	-0.5017	-0.8207	3.8469	-0.3801	-0.2111	3.5448	-0.2564	-0.7980	3.2423	-0.3393	-0.8531	3.4033	0.000	
25.172	-0.2901	-0.8429	3.3857	-0.4829	-0.9292	3.1309	-0.5086	-0.9486	3.0258	-0.4463	-0.5490	3.1494	-0.5056	-0.8105	3.8379	-0.3794	-0.2110	3.5455	-0.2456	-0.8193	3.2869	-0.3293	-0.8542	3.4246	0.000	
25.204	-0.2862	-0.8392	3.3679	-0.5404	-0.9328	3.1203	-0.5086	-0.9478	3.0264	-0.4463	-0.5506	3.1478	-0.5051	-0.8102	3.8380	-0.3797	-0.2115	3.5455	-0.2389	-0.8012	3.2420	-0.3272	-0.8551	3.4189	0.000	
25.248	-0.2887	-0.8374	3.3653	-0.5362	-0.9347	3.1150	-0.5098	-0.9472	3.0266	-0.4471	-0.5522	3.1465	-0.4879	-0.8272	3.8518	-0.3798	-0.2116	3.5455	-0.2425	-0.8001	3.2440	-0.3290	-0.8543	3.4148	0.000	
25.278	-0.2983	-0.8364	3.3655	-0.5078	-0.9350	3.0981	-0.5097	-0.9468	3.0273	-0.4470	-0.5528	3.1459	-0.4958	-0.8305	3.8543	-0.3797	-0.2136	3.5453	-0.2576	-0.8002	3.2540	-0.3366	-0.8542	3.4119	0.000	
25.308	-0.2984	-0.8388	3.3769	-0.5074	-0.9116	3.1438	-0.5097	-0.9457	3.0285	-0.4484	-0.5497	3.1469	-0.4963	-0.8305	3.8539	-0.3778	-0.2129	3.5449	-0.2538	-0.8112	3.2828	-0.3372	-0.8539	3.4151	0.000	
25.338	-0.3049	-0.8426	3.3814	-0.5425	-0.8575	3.1915	-0.5106	-0.9451	3.0281	-0.4488	-0.5504	3.1461	-0.4968	-0.8300	3.8536	-0.3788	-0.2129	3.5453	-0.2607	-0.8143	3.2833	-0.3424	-0.8566	3.4202	0.000	
25.371	-0.3039	-0.8440	3.3827	-0.4786	-0.9296	3.1200	-0.5108	-0.9446	3.0286	-0.4431	-0.5442	3.1605	-0.5071	-0.8125	3.8401	-0.3804	-0.2145	3.5464	-0.2604	-0.8153	3.2837	-0.3411	-0.8577	3.4215	0.000	
25.428	-0.2952	-0.8411	3.3693	-0.5252	-0.9278	3.1181	-0.5113	-0.9433	3.0282	-0.4264	-0.5544	3.1501	-0.4950	-0.8306	3.8541	-0.3804	-0.2148	3.5465	-0.2461	-0.8072	3.2515	-0.3366	-0.8573	3.4171	0.000	
25.458	-0.2905	-0.8426	3.3699	-0.5247	-0.9263	3.1243	-0.5195	-0.9773	3.0234	-0.4329	-0.5549	3.1472	-0.4950	-0.8313	3.8547	-0.3782	-0.2152	3.5462	-0.2419	-0.8100	3.2541	-0.3318	-0.8583	3.4179	0.000	
25.488	-0.2900	-0.8402	3.3660	-0.5178	-0.8940	3.1211	-0.5201	-0.9777	3.0236	-0.4281	-0.5542	3.1493	-0.5001	-0.8258	3.8507	-0.3793	-0.2148	3.5470	-0.2430	-0.8062	3.2501	-0.3308	-0.8576	3.4160	0.000	
25.520	-0.2893	-0.8394	3.3634	-0.5193	-0.8695	3.1871	-0.5206	-0.9779	3.0238	-0.4539	-0.5510	3.1397	-0.5001	-0.8258	3.8508	-0.3800	-0.2145	3.5471	-0.2426	-0.8053	3.2477	-0.3301	-0.8571	3.4142	0.000	
25.554	-0.2958	-0.8402	3.3650	-0.4707	-0.8366	3.1393	-0.5210	-0.9779	3.0238	-0.4282	-0.5464	3.1568	-0.5005	-0.8262	3.8507	-0.3799	-0.2146	3.5470	-0.2519	-0.8079	3.2528	-0.3351	-0.8570	3.4142	0.000	
25.586	-0.3080	-0.8347	3.3607	-0.5111	-0.9355	3.0887	-0.5219	-0.9780	3.0238	-0.4530	-0.5352	3.1540	-0.5032	-0.8224	3.8478	-0.3803	-0.2147	3.5471	-0.2649	-0.7995	3.2483	-0.3457	-0.8540	3.4100	0.000	
25.621	-0.3082	-0.8346	3.3617	-0.5899	-0.8421	3.1691	-0.5221	-0.9780	3.0241	-0.4290	-0.5505	3.1511	-0.5002	-0.8273	3.8510	-0.3816	-0.2143	3.5484	-0.2650	-0.7995	3.2494	-0.3460	-0.8538	3.4110	0.000	
25.654	-0.3078	-0.8349	3.3621	-0.5120	-0.9313	3.0919	-0.5150	-0.9442	3.0278	-0.4556	-0.5559	3.1436	-0.5026	-0.8243	3.8490	-0.3812	-0.2158	3.5487	-0.2645	-0.7999	3.2499	-0.3456	-0.8541	3.4111	0.000	
25.687	-0.3080	-0.8351	3.3629	-0.5817	-0.8804	3.1615	-0.5151	-0.9440	3.0278	-0.4564	-0.5551	3.1422	-0.5027	-0.8240	3.8487	-0.3812	-0.2157	3.5487	-0.2647	-0.8009	3.2520	-0.3457	-0.8540	3.4113	0.000	
25.721	-0.3091	-0.8354	3.3640	-0.5035	-0.9291	3.0919	-0.5152	-0.9433	3.0284	-0.4382	-0.5469	3.1575	-0.5023	-0.8250	3.8496	-0.3812	-0.2156	3.5491	-0.2660	-0.8012	3.2539	-0.3466	-0.8542	3.4117	0.000	
25.755	-0.3092	-0.8359	3.3639	-0.5030	-0.9273	3.0925	-0.5152	-0.9427	3.0286	-0.4546	-0.5549	3.1456	-0.5024	-0.8243	3.8492	-0.3812	-0.2155	3.5491	-0.2659	-0.8023	3.2539	-0.3467	-0.8543	3.4115	0.000	
25.787	-0.3090	-0.8358	3.3644	-0.5037	-0.9278	3.0929	-0.5153	-0.9425	3.0284	-0.4296	-0.5583	3.1463	-0.5027	-0.8239	3.8487	-0.3817	-0.2153	3.5491	-0.2656	-0.8022	3.2539	-0.3465	-0.8543	3.4127	0.000	
25.820	-0.3089	-0.8359	3.3644	-0.5038	-0.9281	3.0929	-0.5155	-0.9421	3.0282	-0.4532	-0.5569	3.1417	-0.5023	-0.8241	3.8486	-0.3814	-0.2162	3.5486	-0.2656	-0.8023	3.2541	-0.3465	-0.8544	3.4126	0.000	
25.856	-0.3064	-0.8372	3.3689	-0.5049	-0.9299	3.0987	-0.5154	-0.9418	3.0286	-0.4529	-0.5569	3.1421	-0.4984	-0.8298	3.8526	-0.3814	-0.2161	3.5487	-0.2629	-0.8039	3.2573	-0.3442	-0.8552	3.4179	0.000	
25.887	-0.3072	-0.8372	3.3685	-0.5691	-0.8795	3.1689	-0.5157	-0.9422	3.0287	-0.4493	-0.5358	3.1554	-0.4964	-0.8318	3.8541	-0.3809	-0.2166	3.5481	-0.2635	-0.8039	3.2570	-0.3453	-0.8550	3.4173	0.000	
25.921	-0.3074	-0.8371	3.3683	-0.5012	-0.9327	3.0983	-0.5157	-0.9421	3.0286	-0.4539	-0.5578	3.1404	-0.4958	-0.8323	3.8546	-0.3808	-0.2166	3.5481	-0.2637	-0.8038	3.2571	-0.3457	-0.8548	3.4166	0.000	
25.954	-0.3139	-0.8312	3.3662	-0.4930	-0.9418	3.0887	-0.5154	-0.9418	3.0290	-0.4255	-0.5472	3.1548	-0.4967	-0.8315	3.8538	-0.3807	-0.2162	3.5487	-0.2705	-0.7974	3.2574	-0.3520	-0.8490	3.4117	0.000	
25.987	-0.3100	-0.8359	3.3707	-0.4930	-0.9334	3.1000	-0.5155	-0.9419	3.0290	-0.4487	-0.5359	3.1556	-0.4970	-0.8316	3.8541	-0.3809	-0.2169	3.5479	-0.2651	-0.8049	3.2632	-0.3491	-0.8517	3.4153	0.000	
26.022	-0.3099	-0.8348	3.3685	-0.5013	-0.9363	3.0945	-0.5154	-0.9422	3.0291	-0.4242	-0.5526	3.1506	-0.4962	-0.8313	3.8536	-0.3808	-0.2155	3.5484	-0.2654	-0.8005	3.2553	-0.3490	-0.8517	3.4152	0.000	
26.088	-0.3080	-0.8364	3.3685	-0.5029	-0.9316	3.0996	-0.5152	-0.9420	3.0290	-0.4507	-0.5520	3.1417	-0.4984	-0.8291	3.8522	-0.3786	-0.2141	3.5491	-0.2627	-0.8037	3.2560	-0.3474	-0.8526	3.4154	0.000	
26.120	-0.3072	-0.8372	3.3681	-0.5039	-0.9295	3.1011	-0.5152	-0.9417	3.0290	-0.4422	-0.5449	3.1537	-0.4986	-0.8278	3.8510	-0.3767	-0.2126	3.5502	-0.2618	-0.8050	3.2558	-0.3468	-0.8531	3.4151	0.000	
26.154	-0.2995	-0.8369	3.3643	-0.5176	-0.9318	3.1070	-0.5152	-0.9417	3.0290	-0.4512	-0.5544	3.1398	-0.4985	-0.8275	3.8514	-0.3777	-0.2119	3.5505	-0.2548	-0.8033	3.2513	-0.3384	-0.8545	3.4128	0.000	
26.186	-0.3012	-0.8376	3.3643	-0.5131	-0.9302	3.1053	-0.5152	-0.9432	3.0289	-0.4446	-0.5603	3.1401	-0.5012	-0.8242	3.8490	-0.3782	-0.2120	3.5506	-0.2571	-0.8046	3.2530	-0.3403	-0.8549	3.4116	0.000	
26.221	-0.3014	-0.8386	3.3649	-0.5625	-0.8463	3.1824	-0.5151	-0.9432	3.0291	-0.4443	-0.5508	3.1487	-0.5014	-0.8245	3.8492	-0.3785	-0.2120	3.5504	-0.2574	-0.8070	3.2546	-0.3403	-0.8552	3.4117	0.000	
26.254	-0.3015	-0.8390	3.3667	-0.4888	-0.8720	3.1150	-0.5143	-0.9434	3.0298	-0.4486	-0.5490	3.1486	-0.5004	-0.8265	3.8509	-0.3787	-0.2123	3.5503	-0.2574	-0.8071	3.2556	-0.3404	-0.8558	3.4148	0.000	
26.288	-0.2904	-0.8425	3.3654	-0.4953	-0.8763	3.1297	-0.5146	-0.9451	3.0291	-0.4537	-0.5510	3.1378	-0.5038	-0.8209	3.8466	-0.3799	-0.2133	3.5495	-0.2443	-0.8116	3.2565	-0.3305	-0.8582	3.4114	0.000	
26.320	-0.2981	-0.8387	3.3640	-0.5564	-0.8939	3.1573	-0.5145	-0.9440	3.0290	-0.4528	-0.5519	3.1385	-0.5035	-0.8213	3.8468	-0.3797	-0.2131	3.5494	-0.2562	-0.8035	3.2508	-0.3358	-0.8568	3.4124	0.000	
26.354	-0.3149	-0.8310	3.3656	-0.6237	-0.8601	3.1478	-0.5146	-0.9440	3.0292	-0.4526	-0.5522	3.1391	-0.5016	-0.8310	3.8548	-0.3798	-0.2131	3.5501	-0.2658	-0.7958	3.2602	-0.3642	-0.8489	3.4046	0.000	
26.387	-0.3085	-0.8301	3.3676	-0.5858	-0.9290	3.1800	-0.5144	-0.9436	3.0293	-0.4523	-0.5525	3.1396	-0.5014	-0.8309	3.8549	-0.3787	-0.2140	3.5494	-0.2578	-0.7929	3.2645	-0.3538	-0.8504	3.4065	0.000	
26.421	-0.3082	-0.8296	3.3675	-0.5132	-0.8974	3.2335	-0.5144	-0.9438	3.0293	-0.4525	-0.5477	3.1438	-0.4992	-0.8319	3.8526	-0.3790	-0.2157	3.5488	-0.2575	-0.7919	3.2647	-0.3536	-0.8503	3.4062	0.000	
26.455	-0.3081	-0.8298	3.3681	-0.5129	-0.8971	3.2340	-0.5216	-0.9787	3.0269	-0.4335	-0.5451	3.1566	-0.5002	-0.8315	3.8531	-0.3733	-0.2177	3.5510	-0.2575	-0.7923	3.2657	-0.3533	-0.8507	3.4068	0.000	
26.487	-0.3073	-0.8285	3.3684	-0.5129	-0.8971	3.2345	-0.5217	-0.9787	3.0269	-0.4512	-0.5554	3.1398	-0.5100	-0.8131	3.8393	-0.3727	-0.2172	3.5516	-0.2558	-0.7910	3.2649	-0.3528	-0.8491	3.4083	0.000	
26.521	-0.3068	-0.8285	3.3681	-0.5123	-0.8967	3.2353	-0.5216	-0.9782	3.0266	-0.4510	-0.5554	3.1401	-0.5088	-0.8120	3.8385	-0.3736	-0.2198	3.5508	-0.2545	-0.7916	3.2649	-0.3527	-0.8489	3.4079	0.000	
26.555	-0.3048	-0.8301	3.3687	-0.3768	-0.9159	3.2336	-0.5215	-0.9781	3.0267	-0.4510	-0.5553	3.1402	-0.5085	-0.8116	3.8387	-0.3753	-0.2187	3.5516	-0.2520	-0.7933	3.2651	-0.3512	-0.8506	3.4087	0.000	
26.587	-0.3046	-0.8298	3.3688	-0.3755	-0.9176	3.2345	-0.5214	-0.9785	3.0267	-0.4495	-0.5361	3.1542	-0.4979	-0.8304	3.8536	-0.3752	-0.2190	3.5518	-0.2519	-0.7928	3.2650	-0.3508	-0.8505	3.4094	0.000	
26.622	-0.2983	-0.8320	3.3693	-0.4409	-0.8899	3.1793	-0.5215	-0.9785	3.0269	-0.4318	-0.5434	3.1546	-0.5037	-0.8228	3.8485	-0.3721	-0.2201	3.5524	-0.2465	-0.7943	3.2652	-0.3441	-0.8537	3.4102	0.000	
26.655	-0.2985	-0.8319	3.3695	-0.4404	-0.8908	3.1800	-0.5217	-0.9785	3.0268	-0.4332	-0.5492	3.1487	-0.5012	-0.8283	3.8518	-0.3720	-0.2210	3.5526	-0.2468	-0.7940	3.2655	-0.3442	-0.8536	3.4102	0.000	
26.687	-0.2988	-0.8317	3.3693	-0.3128	-0.9376	3.2356	-0.5219	-0.9787	3.0269	-0.4261	-0.5503	3.1505	-0.5029	-0.8126	3.8405	-0.3721	-0.2218	3.5532	-0.2470	-0.7940	3.2655	-0.3448	-0.8533	3.4097	0.000	
26.721	-0.3039	-0.8292	3.3662	-0.3316	-0.9291	3.2202	-0.5226	-0.9788	3.0267	-0.4312	-0.5498	3.1496	-0.5008	-0.8126	3.8410	-0.3746	-0.2212	3.5543	-0.2540	-0.7895	3.2600	-0.3482	-0.8524	3.4083	0.000	
26.754	-0.3032	-0.8295	3.3665	-0.3202	-0.9350	3.2300	-0.5223	-0.9790	3.0266	-0.4559	-0.5534	3.1358	-0.5017	-0.8121	3.8399	-0.3749	-0.2211	3.5546	-0.2527	-0.7903	3.2609	-0.3479	-0.8525	3.4084	0.000	
26.788	-0.3020	-0.8336	3.3664	-0.5077	-0.9499	3.1106	-0.5223	-0.9792	3.0263	-0.4334	-0.5470	3.1491	-0.4959	-0.8227	3.8476	-0.3739	-0.2207	3.5537	-0.2534	-0.8008	3.2572	-0.3452	-0.8543	3.4106	0.000	
26.820	-0.3048	-0.8339	3.3655	-0.5014	-0.9457	3.1028	-0.5151	-0.9448	3.0282	-0.4546	-0.5539	3.1378	-0.4905	-0.8292	3.8522	-0.3750	-0.2214	3.5542	-0.2604	-0.8009	3.2551	-0.3456	-0.8542	3.4106	0.000	
26.853	-0.3054	-0.8339	3.3647	-0.5027	-0.9458	3.1004	-0.5150	-0.9444	3.0286	-0.4376	-0.5440	3.1575	-0.4942	-0.8256	3.8489	-0.3754	-0.2215	3.5545	-0.2613	-0.8004	3.2537	-0.3456	-0.8542	3.4105	0.000	
26.886	-0.3054	-0.8339	3.3643	-0.5663	-0.8449	3.1782	-0.5145	-0.9445	3.0290	-0.4517	-0.5421	3.1554	-0.4989	-0.8195	3.8446	-0.3696	-0.2247	3.5518	-0.2613	-0.8001	3.2526	-0.3456	-0.8542	3.4105	0.000	
26.919	-0.3089	-0.8324	3.3588	-0.4559	-0.8701	3.1647	-0.5149	-0.9456	3.0286	-0.4507	-0.5464	3.1504	-0.5014	-0.8154	3.8411	-0.3707	-0.2253	3.5523	-0.2653	-0.7965	3.2453	-0.3477	-0.8536	3.4076	0.000	
26.958	-0.3092	-0.8333	3.3603	-0.3253	-0.9548	3.0769	-0.5222	-0.9784	3.0259	-0.4510	-0.5475	3.1479	-0.4928	-0.8289	3.8514	-0.3697	-0.2249	3.5523	-0.2661	-0.7993	3.2501	-0.3477	-0.8536	3.4078	0.000	
26.988	-0.3090	-0.8336	3.3610	-0.3257	-0.9531	3.0792	-0.5151	-0.9448	3.0291	-0.4563	-0.5352	3.1523	-0.5038	-0.8118	3.8385	-0.3673	-0.2252	3.5511	-0.2652	-0.8011	3.2517	-0.3475	-0.8529	3.4083	0.000	
27.020	-0.3080	-0.8341	3.3608	-0.3955	-0.8708	3.1597	-0.5152	-0.9450	3.0290	-0.4494	-0.5478	3.1464	-0.5041	-0.8120	3.8386	-0.3670	-0.2252	3.5513	-0.2640	-0.8014	3.2503	-0.3463	-0.8535	3.4087	0.000	
27.052	-0.2992	-0.8356	3.3595	-0.5085	-0.9330	3.1056	-0.5148	-0.9441	3.0291	-0.4393	-0.5466	3.1527	-0.5074	-0.8139	3.8418	-0.3669	-0.2251	3.5515	-0.2551	-0.8025	3.2489	-0.3377	-0.8542	3.4073	0.000	
27.086	-0.3006	-0.8350	3.3604	-0.5057	-0.9335	3.1046	-0.5151	-0.9442	3.0291	-0.4485	-0.5525	3.1398	-0.5076	-0.8139	3.8420	-0.3700	-0.2249	3.5524	-0.2563	-0.8026	3.2504	-0.3398	-0.8524	3.4076	0.000	
27.120	-0.3037	-0.8348	3.3606	-0.4145	-0.9542	3.0977	-0.5156	-0.9446	3.0287	-0.4492	-0.5529	3.1398	-0.4977	-0.8288	3.8531	-0.3703	-0.2249	3.5524	-0.2602	-0.8022	3.2518	-0.3422	-0.8521	3.4067	0.000	
27.153	-0.3042	-0.8361	3.3613	-0.4115	-0.9507	3.0983	-0.5155	-0.9439	3.0289	-0.4453	-0.5358	3.1555	-0.5030	-0.8215	3.8478	-0.3746	-0.2228	3.5535	-0.2610	-0.8045	3.2531	-0.3424	-0.8527	3.4068	0.000	
27.187	-0.3040	-0.8363	3.3615	-0.4121	-0.9510	3.0983	-0.5156	-0.9437	3.0288	-0.4493	-0.5525	3.1400	-0.4997	-0.8267	3.8516	-0.3738	-0.2222	3.5538	-0.2608	-0.8045	3.2531	-0.3420	-0.8531	3.4078	0.000	
27.221	-0.3001	-0.8353	3.3592	-0.4257	-0.9553	3.1031	-0.5155	-0.9435	3.0288	-0.4495	-0.5526	3.1403	-0.4992	-0.8264	3.8514	-0.3743	-0.2224	3.5532	-0.2551	-0.8019	3.2482	-0.3392	-0.8529	3.4068	0.000	
27.254	-0.2971	-0.8360	3.3590	-0.4297	-0.9553	3.1066	-0.5159	-0.9438	3.0287	-0.4283	-0.5584	3.1412	-0.4983	-0.8277	3.8523	-0.3734	-0.2246	3.5523	-0.2521	-0.8024	3.2477	-0.3361	-0.8538	3.4068	0.000	
27.288	-0.2948	-0.8367	3.3594	-0.4325	-0.9550	3.1101	-0.5160	-0.9441	3.0288	-0.4593	-0.5525	3.1398	-0.5001	-0.8282	3.8524	-0.3766	-0.2242	3.5533	-0.2496	-0.8030	3.2473	-0.3339	-0.8547	3.4082	0.000	
27.321	-0.2896	-0.8403	3.3628	-0.4327	-0.9517	3.1199	-0.5159	-0.9438	3.0291	-0.4342	-0.5467	3.1548	-0.5082	-0.8141	3.8414	-0.3779	-0.2237	3.5529	-0.2435	-0.8075	3.2510	-0.3299	-0.8574	3.4113	0.000	
27.354	-0.2858	-0.8429	3.3636	-0.4274	-0.9238	3.1289	-0.5161	-0.9447	3.0287	-0.4347	-0.5464	3.1548	-0.5065	-0.8183	3.8446	-0.3771	-0.2244	3.5524	-0.2381	-0.8118	3.2531	-0.3274	-0.8586	3.4112	0.000	
27.386	-0.2872	-0.8407	3.3616	-0.4612	-0.8870	3.1736	-0.5161	-0.9441	3.0281	-0.4492	-0.5559	3.1378	-0.5025	-0.8253	3.8498	-0.3757	-0.2238	3.5520	-0.2417	-0.8068	3.2496	-0.3278	-0.8579	3.4100	0.000	
27.420	-0.2840	-0.8428	3.3609	-0.4337	-0.9533	3.1305	-0.5153	-0.9437	3.0287	-0.4497	-0.5559	3.1378	-0.5087	-0.8124	3.8397	-0.3770	-0.2221	3.5516	-0.2366	-0.8109	3.2496	-0.3256	-0.8589	3.4089	0.000	
27.455	-0.2869	-0.8428	3.3616	-0.4307	-0.9519	3.1260	-0.5151	-0.9433	3.0294	-0.4514	-0.5486	3.1438	-0.5045	-0.8220	3.8474	-0.3776	-0.2221	3.5519	-0.2406	-0.8110	3.2509	-0.3277	-0.8589	3.4093	0.000	
27.487	-0.3153	-0.8386	3.3899	-0.3609	-0.9659	3.1054	-0.5155	-0.9437	3.0290	-0.4517	-0.5473	3.1454	-0.5040	-0.8231	3.8481	-0.3775	-0.2219	3.5519	-0.2770	-0.8068	3.2872	-0.3482	-0.8550	3.4298	0.000	
27.523	-0.2916	-0.8376	3.3645	-0.4350	-0.9607	3.1222	-0.5159	-0.9440	3.0289	-0.4633	-0.5357	3.1513	-0.5073	-0.8241	3.8485	-0.3769	-0.2223	3.5511	-0.2418	-0.8037	3.2491	-0.3341	-0.8552	3.4145	0.000	
27.553	-0.2985	-0.8370	3.3641	-0.4143	-0.9164	3.1062	-0.5229	-0.9777	3.0260	-0.4512	-0.5488	3.1452	-0.5049	-0.8285	3.8517	-0.3766	-0.2229	3.5503	-0.2549	-0.8042	3.2526	-0.3383	-0.8541	3.4124	0.000	
27.586	-0.2994	-0.8371	3.3640	-0.4161	-0.9294	3.1030	-0.5228	-0.9778	3.0261	-0.4518	-0.5359	3.1536	-0.5027	-0.8281	3.8516	-0.3769	-0.2228	3.5495	-0.2556	-0.8042	3.2526	-0.3390	-0.8542	3.4122	0.000	
27.620	-0.3016	-0.8366	3.3634	-0.4776	-0.8701	3.1780	-0.5229	-0.9782	3.0260	-0.4532	-0.5358	3.1535	-0.5046	-0.8247	3.8483	-0.3769	-0.2227	3.5495	-0.2578	-0.8032	3.2520	-0.3408	-0.8542	3.4116	0.000	
27.653	-0.3025	-0.8367	3.3637	-0.4228	-0.9644	3.1027	-0.5233	-0.9771	3.0257	-0.4667	-0.5354	3.1501	-0.5046	-0.8243	3.8485	-0.3773	-0.2230	3.5495	-0.2590	-0.8035	3.2530	-0.3413	-0.8542	3.4115	0.000	
27.687	-0.3031	-0.8366	3.3636	-0.4202	-0.9630	3.1017	-0.5233	-0.9775	3.0258	-0.4578	-0.5531	3.1429	-0.5052	-0.8243	3.8488	-0.3776	-0.2237	3.5490	-0.2596	-0.8032	3.2528	-0.3417	-0.8542	3.4114	0.000	
27.721	-0.3048	-0.8347	3.3621	-0.4637	-0.8678	3.1802	-0.5231	-0.9765	3.0261	-0.4462	-0.5359	3.1546	-0.5075	-0.8231	3.8490	-0.3782	-0.2236	3.5490	-0.2590	-0.7999	3.2531	-0.3482	-0.8531	3.4058	0.000	
27.754	-0.3045	-0.8342	3.3625	-0.4514	-0.8793	3.1702	-0.5233	-0.9772	3.0261	-0.4586	-0.5359	3.1519	-0.5108	-0.8144	3.8420	-0.3781	-0.2236	3.5490	-0.2562	-0.7976	3.2543	-0.3482	-0.8532	3.4061	0.000	
27.786	-0.2981	-0.8345	3.3666	-0.4460	-0.8856	3.1771	-0.5153	-0.9454	3.0298	-0.4476	-0.5364	3.1547	-0.5047	-0.8269	3.8517	-0.3790	-0.2243	3.5501	-0.2472	-0.7964	3.2621	-0.3428	-0.8552	3.4084	0.000	
27.821	-0.2981	-0.8345	3.3671	-0.4446	-0.8846	3.1788	-0.5154	-0.9452	3.0297	-0.4426	-0.5490	3.1461	-0.5046	-0.8267	3.8514	-0.3793	-0.2234	3.5497	-0.2469	-0.7966	3.2632	-0.3430	-0.8553	3.4085	0.000	
27.853	-0.2911	-0.8338	3.3665	-0.4416	-0.8831	3.1809	-0.5155	-0.9451	3.0294	-0.4295	-0.5480	3.1562	-0.5069	-0.8229	3.8484	-0.3795	-0.2235	3.5497	-0.2407	-0.7946	3.2625	-0.3355	-0.8565	3.4078	0.000	
27.887	-0.2904	-0.8326	3.3658	-0.4423	-0.8861	3.1816	-0.5154	-0.9438	3.0292	-0.4485	-0.5564	3.1456	-0.5045	-0.8227	3.8481	-0.3783	-0.2213	3.5510	-0.2398	-0.7930	3.2621	-0.3349	-0.8558	3.4067	0.000	
27.920	-0.2901	-0.8325	3.3660	-0.4422	-0.8867	3.1813	-0.5153	-0.9441	3.0295	-0.4488	-0.5561	3.1449	-0.5043	-0.8227	3.8481	-0.3782	-0.2212	3.5507	-0.2395	-0.7927	3.2622	-0.3345	-0.8560	3.4069	0.000	
27.954	-0.2932	-0.8324	3.3671	-0.4438	-0.8882	3.1801	-0.5157	-0.9441	3.0294	-0.4488	-0.5557	3.1449	-0.5043	-0.8242	3.8495	-0.3783	-0.2229	3.5494	-0.2419	-0.7928	3.2632	-0.3388	-0.8559	3.4080	0.000	
27.986	-0.2932	-0.8326	3.3672	-0.3760	-0.8900	3.1603	-0.5156	-0.9447	3.0297	-0.4491	-0.5530	3.1460	-0.5055	-0.8248	3.8497	-0.3782	-0.2234	3.5489	-0.2417	-0.7934	3.2639	-0.3389	-0.8559	3.4080	0.000	
28.022	-0.2937	-0.8331	3.3681	-0.3788	-0.8910	3.1616	-0.5154	-0.9451	3.0299	-0.4491	-0.5533	3.1456	-0.5054	-0.8233	3.8480	-0.3785	-0.2229	3.5490	-0.2421	-0.7944	3.2655	-0.3395	-0.8561	3.4084	0.000	
28.054	-0.2921	-0.8330	3.3674	-0.3777	-0.8835	3.1644	-0.5154	-0.9451	3.0299	-0.4497	-0.5537	3.1451	-0.5052	-0.8228	3.8479	-0.3790	-0.2226	3.5489	-0.2410	-0.7940	3.2646	-0.3372	-0.8565	3.4074	0.000	
28.087	-0.2923	-0.8334	3.3681	-0.3732	-0.8782	3.1637	-0.5226	-0.9785	3.0273	-0.4498	-0.5539	3.1451	-0.5086	-0.8150	3.8417	-0.3790	-0.2231	3.5495	-0.2409	-0.7945	3.2650	-0.3380	-0.8568	3.4087	0.000	
28.120	-0.2941	-0.8313	3.3668	-0.3739	-0.9164	3.2337	-0.5228	-0.9785	3.0273	-0.4497	-0.5541	3.1448	-0.5083	-0.8146	3.8407	-0.3790	-0.2233	3.5495	-0.2427	-0.7911	3.2626	-0.3398	-0.8554	3.4079	0.000	
28.154	-0.2997	-0.8226	3.3597	-0.3743	-0.9170	3.2346	-0.5155	-0.9443	3.0301	-0.4503	-0.5512	3.1460	-0.5085	-0.8141	3.8406	-0.3752	-0.2240	3.5471	-0.2487	-0.7776	3.2521	-0.3449	-0.8507	3.4033	0.000	
28.186	-0.3057	-0.8235	3.3593	-0.3743	-0.9173	3.2351	-0.5158	-0.9444	3.0297	-0.4525	-0.5361	3.1539	-0.5055	-0.8210	3.8462	-0.3777	-0.2228	3.5472	-0.2555	-0.7796	3.2516	-0.3502	-0.8511	3.4032	0.000	
28.221	-0.2897	-0.8303	3.3644	-0.3143	-0.9297	3.2337	-0.5159	-0.9444	3.0297	-0.4500	-0.5515	3.1457	-0.5050	-0.8221	3.8475	-0.3777	-0.2229	3.5479	-0.2398	-0.7880	3.2594	-0.3336	-0.8571	3.4061	0.000	
28.255	-0.2862	-0.8314	3.3652	-0.3142	-0.9299	3.2336	-0.5158	-0.9442	3.0298	-0.4734	-0.5351	3.1489	-0.5068	-0.8192	3.8447	-0.3795	-0.2217	3.5493	-0.2370	-0.7893	3.2608	-0.3295	-0.8578	3.4062	0.000	
28.287	-0.2923	-0.8299	3.3654	-0.3236	-0.8960	3.2238	-0.5156	-0.9439	3.0300	-0.4477	-0.5508	3.1453	-0.5074	-0.8180	3.8435	-0.3798	-0.2227	3.5499	-0.2430	-0.7874	3.2592	-0.3364	-0.8566	3.4084	0.000	
28.321	-0.2928	-0.8318	3.3670	-0.4435	-0.8809	3.1816	-0.5156	-0.9438	3.0300	-0.4667	-0.5356	3.1504	-0.5073	-0.8183	3.8436	-0.3801	-0.2232	3.5498	-0.2433	-0.7918	3.2631	-0.3368	-0.8571	3.4087	0.000	
28.354	-0.2930	-0.8319	3.3672	-0.4444	-0.8819	3.1814	-0.5152	-0.9438	3.0300	-0.4498	-0.5533	3.1413	-0.5066	-0.8198	3.8448	-0.3809	-0.2235	3.5490	-0.2433	-0.7918	3.2632	-0.3373	-0.8571	3.4090	0.000	
28.386	-0.2924	-0.8328	3.3680	-0.4532	-0.8920	3.1801	-0.5208	-0.9718	3.0265	-0.4496	-0.5535	3.1414	-0.5068	-0.8194	3.8443	-0.3808	-0.2233	3.5492	-0.2419	-0.7935	3.2642	-0.3372	-0.8573	3.4093	0.000	
28.421	-0.2960	-0.8315	3.3668	-0.3165	-0.9282	3.2337	-0.5216	-0.9755	3.0264	-0.4497	-0.5537	3.1414	-0.5064	-0.8201	3.8449	-0.3762	-0.2251	3.5514	-0.2451	-0.7917	3.2633	-0.3414	-0.8563	3.4076	0.000	
28.454	-0.2969	-0.8315	3.3675	-0.2572	-0.9524	3.2376	-0.5218	-0.9759	3.0265	-0.4525	-0.5382	3.1582	-0.5063	-0.8212	3.8457	-0.3776	-0.2248	3.5514	-0.2458	-0.7918	3.2638	-0.3425	-0.8561	3.4082	0.000	
28.487	-0.2967	-0.8327	3.3692	-0.2573	-0.9529	3.2374	-0.5221	-0.9764	3.0265	-0.4500	-0.5365	3.1543	-0.5075	-0.8243	3.8491	-0.3803	-0.2222	3.5519	-0.2453	-0.7936	3.2653	-0.3426	-0.8566	3.4101	0.000	
28.520	-0.2977	-0.8323	3.3689	-0.2475	-0.9531	3.2375	-0.5208	-0.9757	3.0279	-0.4399	-0.5514	3.1490	-0.5042	-0.8250	3.8495	-0.3814	-0.2229	3.5519	-0.2463	-0.7932	3.2648	-0.3435	-0.8562	3.4100	0.000	
28.554	-0.2985	-0.8323	3.3694	-0.2485	-0.9518	3.2375	-0.5211	-0.9757	3.0279	-0.4471	-0.5538	3.1461	-0.5041	-0.8253	3.8505	-0.3818	-0.2229	3.5519	-0.2472	-0.7931	3.2646	-0.3446	-0.8563	3.4116	0.000	
28.586	-0.2971	-0.8350	3.3711	-0.2524	-0.9514	3.2375	-0.5213	-0.9754	3.0279	-0.4472	-0.5538	3.1457	-0.5035	-0.8261	3.8512	-0.3820	-0.2219	3.5527	-0.2449	-0.7980	3.2683	-0.3438	-0.8573	3.4118	0.000	
28.621	-0.2982	-0.8338	3.3704	-0.4446	-0.8626	3.1764	-0.5216	-0.9756	3.0279	-0.4477	-0.5539	3.1444	-0.5031	-0.8266	3.8515	-0.3821	-0.2219	3.5525	-0.2474	-0.7939	3.2642	-0.3442	-0.8571	3.4121	0.000	
28.653	-0.3109	-0.8287	3.3658	-0.3747	-0.9164	3.2356	-0.5220	-0.9749	3.0279	-0.4488	-0.5366	3.1553	-0.5061	-0.8270	3.8529	-0.3803	-0.2204	3.5520	-0.2624	-0.7872	3.2579	-0.3536	-0.8540	3.4097	0.000	
28.687	-0.3098	-0.8283	3.3667	-0.3747	-0.9164	3.2356	-0.5224	-0.9747	3.0279	-0.4446	-0.5366	3.1563	-0.5067	-0.8300	3.8563	-0.3825	-0.2211	3.5505	-0.2602	-0.7871	3.2590	-0.3531	-0.8536	3.4106	0.000	
28.721	-0.3021	-0.8283	3.3741	-0.3700	-0.9206	3.2385	-0.5231	-0.9747	3.0274	-0.4435	-0.5478	3.1454	-0.5039	-0.8293	3.8557	-0.3827	-0.2214	3.5504	-0.2527	-0.7871	3.2642	-0.3455	-0.8537	3.4209	0.000	
28.754	-0.3066	-0.8283	3.3813	-0.3701	-0.9203	3.2390	-0.5188	-0.9724	3.0266	-0.4392	-0.5355	3.1584	-0.5030	-0.8292	3.8561	-0.3835	-0.2228	3.5498	-0.2548	-0.7877	3.2684	-0.3534	-0.8528	3.4318	0.000	
28.787	-0.3131	-0.8307	3.3949	-0.3697	-0.9204	3.2389	-0.5242	-0.9744	3.0281	-0.4739	-0.5362	3.1494	-0.5017	-0.8290	3.8560	-0.3836	-0.2225	3.5498	-0.2612	-0.7922	3.2865	-0.3591	-0.8538	3.4408	0.000	
28.821	-0.3132	-0.8307	3.3948	-0.5396	-0.8965	3.2190	-0.5246	-0.9742	3.0283	-0.4738	-0.5363	3.1492	-0.5053	-0.8249	3.8529	-0.3849	-0.2226	3.5495	-0.2611	-0.7924	3.2858	-0.3593	-0.8537	3.4408	0.000	
28.878	-0.3134	-0.8319	3.3971	-0.5669	-0.8673	3.1776	-0.5257	-0.9731	3.0292	-0.4751	-0.5359	3.1487	-0.5862	-0.4954	3.5895	-0.3859	-0.2238	3.5493	-0.2603	-0.7944	3.2876	-0.3606	-0.8542	3.4441	0.000	
28.908	-0.3141	-0.8320	3.3966	-0.4422	-0.8936	3.1770	-0.5267	-0.9729	3.0297	-0.4549	-0.5474	3.1464	-0.5618	-0.4769	3.5980	-0.3869	-0.2240	3.5491	-0.2609	-0.7945	3.2862	-0.3620	-0.8542	3.4441	0.000	
28.938	-0.3149	-0.8318	3.3965	-0.4176	-0.8939	3.1728	-0.5279	-0.9732	3.0302	-0.4653	-0.5366	3.1509	-0.5723	-0.4559	3.5544	-0.3893	-0.2229	3.5501	-0.2608	-0.7946	3.2861	-0.3653	-0.8528	3.4441	0.000	
28.971	-0.3198	-0.8362	3.4038	-0.4325	-0.9071	3.1446	-0.5273	-0.9773	3.0312	-0.4629	-0.5526	3.1414	-0.5383	-0.4672	3.5824	-0.3893	-0.2229	3.5501	-0.2703	-0.8041	3.2999	-0.3664	-0.8541	3.4466	0.000	
29.028	-0.3180	-0.8356	3.4050	-0.5595	-0.8636	3.1530	-0.5286	-0.9745	3.0345	-0.4625	-0.5525	3.1414	-0.5452	-0.4608	3.5915	-0.3898	-0.2249	3.5507	-0.2629	-0.8002	3.3093	-0.3652	-0.8543	3.4446	0.000	
29.058	-0.3200	-0.8376	3.4051	-0.4603	-0.9086	3.1289	-0.5293	-0.9732	3.0356	-0.4613	-0.5537	3.1415	-0.5105	-0.4666	3.5911	-0.3917	-0.2288	3.5520	-0.2689	-0.8059	3.3049	-0.3659	-0.8550	3.4452	0.000	
29.088	-0.3180	-0.8403	3.4103	-0.5053	-0.8733	3.1611	-0.5305	-0.9708	3.0384	-0.4667	-0.5534	3.1402	-0.5102	-0.4665	3.5906	-0.3919	-0.2289	3.5536	-0.2681	-0.8090	3.3065	-0.3620	-0.8560	3.4545	0.000	
29.120	-0.3186	-0.8411	3.4120	-0.5533	-0.8473	3.1603	-0.5314	-0.9700	3.0417	-0.4403	-0.5376	3.1585	-0.5317	-0.4693	3.5796	-0.3925	-0.2302	3.5540	-0.2689	-0.8097	3.3068	-0.3623	-0.8567	3.4570	0.000	
29.153	-0.3189	-0.8410	3.4131	-0.4658	-0.9154	3.1217	-0.5325	-0.9696	3.0434	-0.4705	-0.5549	3.1393	-0.5317	-0.4691	3.5799	-0.3911	-0.2309	3.5571	-0.2692	-0.8098	3.3068	-0.3622	-0.8564	3.4594	0.000	
29.187	-0.3176	-0.8409	3.4216	-0.5565	-0.9001	3.1966	-0.5335	-0.9685	3.0470	-0.4647	-0.5373	3.1517	-0.5320	-0.4690	3.5800	-0.3922	-0.2302	3.5578	-0.2673	-0.8107	3.3159	-0.3618	-0.8557	3.4651	0.000	
29.221	-0.3177	-0.8410	3.4214	-0.5347	-0.8864	3.2248	-0.5346	-0.9678	3.0472	-0.4606	-0.5519	3.1414	-0.5322	-0.4690	3.5800	-0.3953	-0.2287	3.5591	-0.2675	-0.8110	3.3135	-0.3619	-0.8557	3.4654	0.000	
29.298	-0.3190	-0.8396	3.4145	-0.4411	-0.9003	3.1929	-0.5208	-0.9645	3.0657	-0.4645	-0.5529	3.1420	-0.5320	-0.4689	3.5808	-0.3991	-0.2282	3.5629	-0.2705	-0.8085	3.3051	-0.3619	-0.8551	3.4600	0.000	
29.328	-0.3195	-0.8382	3.4219	-0.3592	-0.9296	3.1105	-0.5207	-0.9644	3.0652	-0.4625	-0.5536	3.1420	-0.5317	-0.4679	3.5834	-0.3983	-0.2287	3.5640	-0.2708	-0.8078	3.3107	-0.3625	-0.8529	3.4699	0.000	
29.358	-0.3215	-0.8358	3.4200	-0.3699	-0.9289	3.1094	-0.5209	-0.9648	3.0644	-0.4621	-0.5538	3.1417	-0.5327	-0.4665	3.5861	-0.3985	-0.2306	3.5648	-0.2730	-0.8029	3.3068	-0.3642	-0.8520	3.4692	0.000	
29.388	-0.3178	-0.8228	3.3921	-0.4528	-0.9257	3.1048	-0.5212	-0.9627	3.0643	-0.4619	-0.5537	3.1417	-0.5324	-0.4654	3.5878	-0.3986	-0.2307	3.5647	-0.2693	-0.7802	3.2598	-0.3612	-0.8474	3.4572	0.000	
29.448	-0.2663	-0.8343	3.4102	-0.4246	-1.0061	3.1809	-0.5193	-0.9619	3.0631	-0.4324	-0.5293	3.1637	-0.5315	-0.4648	3.5924	-0.4002	-0.2319	3.5670	-0.1936	-0.7967	3.3027	-0.3311	-0.8529	3.4597	0.000	
29.478	-0.2809	-0.8361	3.3926	-0.4810	-0.9083	3.2050	-0.5164	-0.9599	3.0549	-0.4273	-0.5274	3.1659	-0.5323	-0.4651	3.5924	-0.4009	-0.2292	3.5696	-0.2354	-0.8052	3.2530	-0.3318	-0.8529	3.4583	0.000	
29.508	-0.2800	-0.8275	3.3881	-0.4921	-0.9195	3.2048	-0.5123	-0.9568	3.0472	-0.4557	-0.5509	3.1412	-0.5318	-0.4658	3.5922	-0.4010	-0.2292	3.5696	-0.2278	-0.7816	3.2474	-0.3311	-0.8518	3.4579	0.000	
29.538	-0.2711	-0.8219	3.3783	-0.4787	-0.9295	3.2151	-0.5097	-0.9602	3.0443	-0.4533	-0.5498	3.1413	-0.5332	-0.4634	3.5925	-0.4015	-0.2276	3.5705	-0.2051	-0.7783	3.2479	-0.3290	-0.8454	3.4388	0.000	
29.598	-0.2705	-0.8232	3.3777	-0.4757	-0.9267	3.2141	-0.5084	-0.9563	3.0430	-0.4524	-0.5494	3.1416	-0.5338	-0.4632	3.5920	-0.4022	-0.2249	3.5729	-0.2065	-0.7846	3.2502	-0.3272	-0.8458	3.4372	0.000	
29.628	-0.2683	-0.8242	3.3771	-0.4064	-0.9197	3.2028	-0.4349	-0.9556	3.0488	-0.4707	-0.5532	3.1298	-0.5341	-0.4634	3.5923	-0.4023	-0.2248	3.5734	-0.2028	-0.7867	3.2532	-0.3257	-0.8465	3.4347	0.000	
29.658	-0.2656	-0.8248	3.3740	-0.5156	-0.9101	3.1992	-0.4299	-0.9591	3.0389	-0.4573	-0.5482	3.1406	-0.5345	-0.4633	3.5923	-0.3956	-0.2205	3.5767	-0.2022	-0.7870	3.2528	-0.3216	-0.8472	3.4289	0.000	
29.688	-0.2581	-0.8249	3.3725	-0.5080	-0.9145	3.2027	-0.4074	-0.9638	3.0280	-0.4514	-0.5470	3.1425	-0.5350	-0.4648	3.5900	-0.3964	-0.2193	3.5778	-0.1932	-0.7870	3.2556	-0.3158	-0.8474	3.4245	0.000	
29.720	-0.2495	-0.8268	3.3704	-0.5284	-0.8898	3.1771	-0.3791	-0.9614	3.0216	-0.3915	-0.5554	3.1555	-0.4952	-0.4659	3.6039	-0.3956	-0.2178	3.5781	-0.1870	-0.7888	3.2590	-0.3035	-0.8498	3.4149	0.000	
29.754	-0.2247	-0.8231	3.3685	-0.3765	-0.9461	3.1678	-0.3382	-0.9599	3.0129	-0.4510	-0.5515	3.1378	-0.4948	-0.4669	3.6036	-0.3937	-0.2110	3.5775	-0.1585	-0.7814	3.2661	-0.2850	-0.8489	3.4077	0.000	
29.787	-0.2221	-0.8213	3.3623	-0.3867	-0.9516	3.1664	-0.3228	-0.9658	3.0120	-0.4525	-0.5511	3.1382	-0.5266	-0.4713	3.5842	-0.3926	-0.2067	3.5787	-0.1578	-0.7789	3.2604	-0.2808	-0.8480	3.4006	0.000	
29.820	-0.2196	-0.8201	3.3578	-0.3935	-0.9521	3.1689	-0.3166	-0.9689	3.0095	-0.3765	-0.5797	3.1401	-0.5505	-0.4870	3.5588	-0.3880	-0.1990	3.5762	-0.1560	-0.7767	3.2515	-0.2785	-0.8475	3.3989	0.000	
29.853	-0.2123	-0.8198	3.3576	-0.3753	-0.9512	3.1672	-0.2985	-0.9636	2.9967	-0.4581	-0.5382	3.1457	-0.5382	-0.4967	3.5455	-0.3787	-0.1952	3.5653	-0.1499	-0.7775	3.2540	-0.2693	-0.8460	3.3960	0.000	
29.886	-0.2114	-0.8208	3.3566	-0.3606	-0.9214	3.1565	-0.2747	-0.9717	2.9971	-0.4507	-0.5364	3.1534	-0.5447	-0.4946	3.5490	-0.3731	-0.1917	3.5595	-0.1489	-0.7796	3.2540	-0.2686	-0.8464	3.3944	0.000	
29.920	-0.2108	-0.8214	3.3558	-0.3462	-0.9757	3.1133	-0.2735	-0.9717	2.9908	-0.4397	-0.5301	3.1593	-0.5458	-0.4941	3.5488	-0.3707	-0.1885	3.5550	-0.1477	-0.7813	3.2548	-0.2682	-0.8464	3.3907	0.000	
29.953	-0.2103	-0.8229	3.3543	-0.3699	-0.9520	3.0088	-0.2671	-0.9493	2.9751	-0.4207	-0.5398	3.1497	-0.5227	-0.4918	3.5547	-0.3596	-0.1836	3.5353	-0.1471	-0.7850	3.2554	-0.2679	-0.8465	3.3866	0.000	
29.986	-0.2094	-0.8239	3.3538	-0.3682	-0.9528	3.0075	-0.2566	-0.9480	2.9686	-0.4204	-0.5416	3.1434	-0.4767	-0.3439	3.4379	-0.3591	-0.1824	3.5293	-0.1443	-0.7907	3.2632	-0.2667	-0.8455	3.3787	0.000	
30.021	-0.2396	-0.8067	3.4285	-0.3651	-0.9532	3.0026	-0.2467	-0.9511	2.9646	-0.4198	-0.5368	3.1420	-0.4869	-0.3587	3.4243	-0.3607	-0.1754	3.5092	-0.1766	-0.7807	3.3250	-0.2981	-0.8176	3.4684	0.000	
30.053	-0.2396	-0.8079	3.4242	-0.3584	-0.9541	2.9989	-0.2255	-0.9556	2.9673	-0.3745	-0.5458	3.1201	-0.4893	-0.3627	3.4028	-0.3606	-0.1752	3.4862	-0.1770	-0.7810	3.3241	-0.2969	-0.8202	3.4579	0.000	
30.087	-0.2451	-0.8101	3.4159	-0.3466	-0.9548	2.9930	-0.4656	-1.0279	3.1512	-0.3959	-0.5336	3.1140	-0.5048	-0.3789	3.3952	-0.3649	-0.1757	3.4671	-0.1845	-0.7851	3.3187	-0.3008	-0.8204	3.4475	0.000	
30.120	-0.2406	-0.8102	3.4098	-0.3336	-0.9598	2.9941	-0.4606	-1.0243	3.1491	-0.4020	-0.5287	3.1059	-0.5934	-0.4358	3.4045	-0.3665	-0.1768	3.4501	-0.1829	-0.7858	3.3191	-0.2909	-0.8180	3.4258	0.000	
30.153	-0.2395	-0.8109	3.4049	-0.3294	-0.9602	2.9897	-0.4614	-1.0275	3.1395	-0.3426	-0.5349	3.0715	-0.5923	-0.4433	3.3958	-0.3659	-0.1780	3.4220	-0.1823	-0.7873	3.3198	-0.2906	-0.8167	3.4147	0.000	
30.186	-0.2344	-0.8071	3.3944	-0.3294	-0.9567	2.9811	-0.4610	-1.0285	3.1173	-0.3499	-0.5242	3.0615	-0.5150	-0.3599	3.3303	-0.3661	-0.1725	3.3985	-0.1796	-0.7866	3.3214	-0.2841	-0.8088	3.3852	0.000	
30.220	-0.2242	-0.7698	3.3877	-0.3271	-0.9569	2.9779	-0.4570	-1.0310	3.1115	-0.3404	-0.5134	3.0448	-0.5335	-0.3705	3.3063	-0.3705	-0.1627	3.3761	-0.1690	-0.7397	3.3111	-0.2755	-0.7842	3.3952	0.000	
30.254	-0.2264	-0.7640	3.3827	-0.3277	-0.9539	2.9721	-0.4577	-1.0243	3.0939	-0.3203	-0.4992	3.0181	-0.5384	-0.3700	3.3078	-0.3676	-0.1548	3.3634	-0.1709	-0.7377	3.3096	-0.2769	-0.7746	3.3884	0.000	
30.286	-0.2325	-0.7529	3.3713	-0.3247	-0.9540	2.9692	-0.4561	-1.0247	3.0923	-0.3017	-0.4871	3.0097	-0.5449	-0.3584	3.2960	-0.3667	-0.1446	3.3465	-0.1775	-0.7309	3.3017	-0.2820	-0.7603	3.3762	0.000	
30.321	-0.2553	-0.7370	3.3740	-0.3263	-0.9483	2.9629	-0.4547	-1.0232	3.0899	-0.3214	-0.4578	2.9974	-0.5485	-0.3517	3.2931	-0.3671	-0.1229	3.3324	-0.1986	-0.7181	3.3009	-0.3080	-0.7410	3.3836	0.000	
30.354	-0.2639	-0.6946	3.3655	-0.3244	-0.9476	2.9608	-0.4521	-1.0211	3.0865	-0.3206	-0.4415	2.9878	-0.5109	-0.2950	3.2911	-0.3712	-0.0856	3.3197	-0.2088	-0.6766	3.2953	-0.3140	-0.7000	3.3720	0.000	
30.386	-0.2636	-0.6811	3.3605	-0.3233	-0.9470	2.9590	-0.4515	-1.0200	3.0850	-0.2773	-0.4140	2.9818	-0.5368	-0.2910	3.3085	-0.3726	-0.0732	3.3188	-0.2083	-0.6566	3.2853	-0.3139	-0.6912	3.3703	0.000	
30.420	-0.2642	-0.6670	3.3641	-0.3206	-0.9455	2.9565	-0.4506	-1.0180	3.0816	-0.2705	-0.4097	2.9794	-0.5504	-0.3083	3.3130	-0.3747	-0.0421	3.3181	-0.2092	-0.6495	3.2890	-0.3138	-0.6693	3.3739	0.000	
30.453	-0.2521	-0.6191	3.3400	-0.3196	-0.9446	2.9561	-0.4476	-1.0143	3.0814	-0.2893	-0.3530	2.9821	-0.5329	-0.2757	3.2816	-0.3722	-0.0120	3.3142	-0.1969	-0.5978	3.2625	-0.3033	-0.6314	3.3548	0.000	
30.487	-0.2350	-0.5886	3.3333	-0.3170	-0.9432	2.9556	-0.4449	-1.0093	3.0792	-0.2400	-0.3459	2.9702	-0.5539	-0.1919	3.3232	-0.3725	0.0162	3.3148	-0.1798	-0.5657	3.2590	-0.2842	-0.5980	3.3426	0.000	
30.521	-0.2345	-0.5762	3.3309	-0.3081	-0.9434	2.9602	-0.4278	-1.0001	3.0940	-0.1625	-0.3523	2.9616	-0.5562	-0.2009	3.3085	-0.3705	0.0377	3.3168	-0.1802	-0.5549	3.2575	-0.2835	-0.5863	3.3397	0.000	
30.554	-0.2331	-0.5749	3.3277	-0.3039	-0.9437	2.9619	-0.4133	-0.9913	3.1072	-0.1717	-0.3285	2.9584	-0.5530	-0.1802	3.2932	-0.3732	0.0499	3.3254	-0.1785	-0.5535	3.2552	-0.2827	-0.5852	3.3355	0.000	
30.586	-0.2290	-0.5605	3.3179	-0.2064	-0.9157	2.9425	-0.4087	-0.9858	3.1062	-0.1373	-0.2956	2.9547	-0.5580	-0.2598	3.3756	-0.3661	0.0961	3.3212	-0.1746	-0.5378	3.2464	-0.2787	-0.5722	3.3250	0.000	
30.620	-0.2238	-0.5593	3.3087	-0.2036	-0.9202	2.9529	-0.4052	-0.9785	3.1039	-0.1198	-0.2772	2.9578	-0.5533	-0.1310	3.2935	-0.3634	0.1132	3.3236	-0.1672	-0.5372	3.2368	-0.2757	-0.5705	3.3159	0.000	
30.654	-0.2379	-0.5605	3.2998	-0.2027	-0.9206	2.9537	-0.4198	-0.9479	3.1275	-0.0993	-0.2550	2.9300	-0.5505	-0.1265	3.2931	-0.3564	0.1263	3.3264	-0.1873	-0.5475	3.1995	-0.2919	-0.5665	3.3213	0.000	
30.686	-0.2478	-0.5551	3.2937	-0.1982	-0.9224	2.9582	-0.4154	-0.9460	3.1302	-0.0988	-0.2484	2.9267	-0.5511	-0.0746	3.2689	-0.3444	0.1411	3.3340	-0.1916	-0.5432	3.1948	-0.3016	-0.5595	3.3223	0.000	
30.738	-0.2885	-0.5197	3.2919	-0.1948	-0.9221	2.9619	-0.4137	-0.9415	3.1268	-0.0652	-0.2018	2.9117	-0.5335	-0.0712	3.2775	-0.3204	0.1669	3.3285	-0.2348	-0.5057	3.1507	-0.3365	-0.5236	3.3687	0.000	
30.771	-0.2728	-0.5027	3.2235	-0.1825	-0.9242	2.9706	-0.4125	-0.9378	3.1249	-0.0646	-0.2009	2.9123	-0.5041	-0.0703	3.2845	-0.3188	0.1798	3.3296	-0.2229	-0.4756	3.0991	-0.3172	-0.5197	3.2834	0.000	
30.804	-0.2746	-0.5012	3.2203	-0.1562	-0.9138	2.9807	-0.4084	-0.9445	3.1295	-0.0794	-0.2096	2.9345	-0.4931	-0.0349	3.2546	-0.3196	0.2014	3.3396	-0.2229	-0.4760	3.0990	-0.3248	-0.5110	3.2703	0.000	
30.858	-0.2668	-0.5404	3.1852	-0.1528	-0.9193	2.9824	-0.3980	-0.9432	3.1334	-0.0746	-0.2058	2.9359	-0.4918	-0.0503	3.2707	-0.3178	0.2090	3.3368	-0.2095	-0.5208	3.0996	-0.3193	-0.5469	3.2064	0.000	
30.888	-0.2822	-0.5330	3.1865	-0.1533	-0.9221	2.9886	-0.3765	-0.8985	3.0930	-0.0972	-0.1776	2.8805	-0.4715	-0.0186	3.2525	-0.3121	0.2211	3.3332	-0.2321	-0.5170	3.0811	-0.3376	-0.5322	3.2296	0.000	
30.920	-0.2761	-0.5176	3.1856	-0.1468	-0.9072	2.9903	-0.3732	-0.8947	3.0896	0.0950	-0.0650	3.0781	-0.4623	0.0062	3.2377	-0.3113	0.2221	3.3331	-0.2254	-0.5002	3.0791	-0.3255	-0.5211	3.2284	0.000	
30.954	-0.2535	-0.5101	3.1661	-0.1371	-0.8948	2.9921	-0.2382	-0.9473	3.2460	0.0811	-0.0723	3.0762	-0.4626	0.0069	3.2383	-0.3104	0.2251	3.3326	-0.1926	-0.4879	3.0935	-0.3017	-0.5195	3.1606	0.000	
30.986	-0.2446	-0.5100	3.1619	-0.1359	-0.8926	2.9953	-0.2427	-0.9512	3.2443	0.1033	-0.0575	3.0717	-0.4534	0.0546	3.2045	-0.2913	0.2501	3.3195	-0.1788	-0.4875	3.1007	-0.2986	-0.5206	3.1530	0.000	
31.021	-0.2388	-0.5074	3.1588	-0.1279	-0.8829	3.0027	-0.2512	-0.9590	3.2323	0.0590	-0.0811	3.0749	-0.4698	0.0207	3.2456	-0.2892	0.2532	3.3171	-0.1747	-0.4862	3.1024	-0.2942	-0.5173	3.1460	0.000	
31.053	-0.2178	-0.4827	3.1348	-0.1272	-0.8837	3.0028	-0.2379	-0.9380	3.2482	0.0590	-0.0797	3.0707	-0.4463	0.0794	3.2143	-0.2894	0.2562	3.3150	-0.1538	-0.4667	3.1109	-0.2787	-0.4888	3.0856	0.000	
31.086	-0.2214	-0.4956	3.1439	-0.1231	-0.8838	3.0024	-0.2380	-0.9466	3.2429	0.0696	-0.0720	3.0669	-0.4450	0.0761	3.2114	-0.2864	0.2580	3.3099	-0.1572	-0.4741	3.1089	-0.2815	-0.5158	3.1313	0.000	
31.119	-0.2232	-0.4958	3.1472	-0.1209	-0.8842	3.0026	-0.3832	-0.8863	3.0500	0.0578	-0.0774	3.0666	-0.2795	0.0792	3.0279	-0.2882	0.2607	3.3077	-0.1580	-0.4727	3.1060	-0.2855	-0.5151	3.1389	0.000	
31.153	-0.2243	-0.4876	3.1399	-0.1185	-0.8839	3.0027	-0.3844	-0.8855	3.0493	0.0631	-0.0729	3.0637	-0.2795	0.0787	3.0274	-0.2855	0.2608	3.3031	-0.1609	-0.4587	3.0959	-0.2842	-0.5032	3.1189	0.000	
31.186	-0.2250	-0.4883	3.1374	-0.1180	-0.9092	3.0058	-0.3860	-0.8822	3.0484	0.0531	-0.0781	3.0630	-0.2810	0.0726	3.0283	-0.2859	0.2646	3.2962	-0.1640	-0.4597	3.0931	-0.2824	-0.5049	3.1156	0.000	
31.220	-0.2321	-0.4770	3.1449	-0.1126	-0.9025	3.0056	-0.3862	-0.8820	3.0482	0.0637	-0.0723	3.0613	-0.2766	0.0799	3.0156	-0.2937	0.2622	3.2958	-0.1902	-0.4387	3.0832	-0.2763	-0.4930	3.1513	0.000	
31.254	-0.2556	-0.4392	3.1712	-0.1097	-0.8953	3.0022	-0.3908	-0.8946	3.0501	0.0637	-0.0724	3.0603	-0.2682	0.0772	3.0074	-0.2943	0.2617	3.2948	-0.2236	-0.4024	3.0690	-0.2824	-0.4671	3.2088	0.000	
31.287	-0.2532	-0.4346	3.1730	-0.1063	-0.8912	3.0026	-0.3965	-0.9354	3.0606	0.0637	-0.0711	3.0604	-0.2567	0.0081	2.9869	-0.2944	0.2589	3.2940	-0.2181	-0.3979	3.0673	-0.2824	-0.4600	3.2157	0.000	
31.338	-0.2526	-0.4404	3.1744	-0.1049	-0.8895	3.0023	-0.3959	-0.9145	3.0549	0.0383	-0.0832	3.0600	-0.2566	0.0082	2.9869	-0.3003	0.2711	3.2807	-0.2135	-0.4079	3.0645	-0.2851	-0.4659	3.2207	0.000	
31.370	-0.2528	-0.4410	3.1733	-0.1073	-0.8821	3.0027	-0.4006	-0.8970	3.0543	0.0383	-0.0805	3.0587	-0.2541	0.0001	2.9827	-0.3013	0.2658	3.2792	-0.2133	-0.4077	3.0606	-0.2859	-0.4669	3.2205	0.000	
31.403	-0.2514	-0.4388	3.1633	-0.1077	-0.8822	3.0021	-0.4015	-0.8939	3.0547	0.0377	-0.0792	3.0576	-0.2540	-0.0017	2.9820	-0.3013	0.2652	3.2788	-0.2128	-0.4039	3.0608	-0.2832	-0.4692	3.1819	0.000	
31.458	-0.2514	-0.4394	3.1634	-0.1186	-0.9096	2.9999	-0.4198	-0.9337	3.0687	0.0379	-0.0772	3.0541	-0.2560	-0.0031	2.9827	-0.2999	0.2637	3.2764	-0.2126	-0.4059	3.0675	-0.2834	-0.4693	3.1820	0.000	
31.488	-0.2526	-0.4428	3.1649	-0.1165	-0.9126	3.0008	-0.3958	-0.8818	3.0578	0.0417	-0.0892	3.0380	-0.2574	-0.0046	2.9844	-0.3008	0.2625	3.2758	-0.2124	-0.4083	3.0604	-0.2933	-0.4808	3.2200	0.000	
31.519	-0.2527	-0.4431	3.1657	-0.1247	-0.8999	3.0055	-0.3968	-0.8822	3.0581	0.0241	-0.1977	3.0231	-0.2594	-0.0052	2.9861	-0.3020	0.2624	3.2755	-0.2110	-0.4125	3.0851	-0.2912	-0.4694	3.1900	0.000	
31.552	-0.2521	-0.4470	3.1666	-0.1258	-0.8656	3.0021	-0.3992	-0.8853	3.0628	0.0233	-0.1981	3.0233	-0.2598	-0.0066	2.9854	-0.3052	0.2631	3.2648	-0.2126	-0.4165	3.0878	-0.2872	-0.4731	3.1862	0.000	
31.608	-0.2737	-0.4661	3.1811	-0.1047	-0.9220	3.0071	-0.4015	-0.8873	3.0677	-0.2839	-0.2715	2.9391	-0.2642	-0.0202	2.9878	-0.3116	0.2555	3.2507	-0.2381	-0.4552	3.0394	-0.3148	-0.4774	3.2657	0.000	
31.638	-0.2827	-0.4583	3.1865	-0.1047	-0.9219	3.0072	-0.4016	-0.8869	3.0690	-0.2709	-0.2619	2.9721	-0.2651	-0.0347	2.9863	-0.3130	0.2381	3.2513	-0.2578	-0.4253	3.0530	-0.3150	-0.4767	3.2655	0.000	
31.670	-0.2841	-0.4556	3.1872	-0.1057	-0.9222	3.0110	-0.4015	-0.8862	3.0705	-0.2739	-0.2670	2.9776	-0.2683	-0.0277	2.9872	-0.3167	0.2318	3.2403	-0.2571	-0.4226	3.0535	-0.3152	-0.4758	3.2643	0.000	
31.728	-0.2838	-0.4613	3.1961	-0.0449	-0.8752	3.2628	-0.4017	-0.8859	3.0728	-0.2873	-0.2755	2.9956	-0.2711	-0.0256	2.9884	-0.3186	0.2383	3.2228	-0.2542	-0.4361	3.0682	-0.3136	-0.4775	3.2662	0.000	
31.758	-0.2828	-0.4672	3.2037	-0.0465	-0.8742	3.2610	-0.3805	-0.8783	3.0911	-0.3265	-0.2916	3.0288	-0.2678	-0.0300	2.9804	-0.3213	0.2209	3.2055	-0.2479	-0.4528	3.0906	-0.3134	-0.4779	3.2660	0.000	
31.788	-0.2761	-0.5032	3.2274	-0.0502	-0.8676	3.2597	-0.3589	-0.8899	3.1176	-0.3337	-0.3034	3.0316	-0.2248	-0.0148	2.9030	-0.3237	0.2156	3.1880	-0.2250	-0.5044	3.1234	-0.3165	-0.4864	3.2680	0.000	
31.820	-0.2837	-0.5092	3.2395	-0.0573	-0.8640	3.2549	-0.4014	-0.8803	3.0832	-0.3352	-0.3137	3.0359	-0.2265	-0.0140	2.9022	-0.3293	0.2076	3.1659	-0.2361	-0.5195	3.1490	-0.3246	-0.4899	3.2726	0.000	
31.853	-0.2804	-0.5103	3.2414	-0.0613	-0.8557	3.2557	-0.3851	-0.8817	3.1047	-0.3246	-0.3195	3.0343	-0.2434	-0.0254	2.9040	-0.3413	0.1979	3.1571	-0.2278	-0.5169	3.1562	-0.3231	-0.4939	3.2699	0.000	
31.887	-0.2857	-0.5113	3.2543	-0.0728	-0.8588	3.2542	-0.3788	-0.8828	3.1069	-0.3222	-0.3213	3.0349	-0.2450	-0.0266	2.9019	-0.3517	0.1861	3.1412	-0.2355	-0.5167	3.1850	-0.3272	-0.4949	3.2710	0.000	
31.920	-0.2831	-0.5137	3.2548	-0.1242	-0.9008	3.0091	-0.3870	-0.8860	3.0951	-0.3520	-0.3589	3.0619	-0.2701	-0.0352	2.9027	-0.3595	0.1728	3.1266	-0.2335	-0.5167	3.1845	-0.3247	-0.5031	3.2688	0.000	
31.954	-0.2382	-0.5334	3.2814	-0.1888	-0.9382	2.9972	-0.3817	-0.8888	3.0937	-0.3562	-0.3891	3.1031	-0.2834	-0.0800	2.9184	-0.3729	0.1569	3.1190	-0.1820	-0.5258	3.2186	-0.2931	-0.5278	3.2787	0.000	
31.986	-0.2404	-0.5405	3.2986	-0.1888	-0.9383	2.9973	-0.3800	-0.8961	3.0893	-0.4430	-0.4251	3.1073	-0.2813	-0.0927	2.9134	-0.3744	0.1343	3.1117	-0.1882	-0.5329	3.2342	-0.2886	-0.5376	3.3007	0.000	
32.020	-0.2381	-0.5474	3.3060	-0.1924	-0.9379	2.9973	-0.3800	-0.8960	3.0893	-0.3828	-0.4291	3.0799	-0.2794	-0.1290	2.9145	-0.4003	0.1040	3.1131	-0.1846	-0.5394	3.2418	-0.2873	-0.5445	3.3066	0.000	
32.053	-0.2404	-0.5608	3.3046	-0.1921	-0.9355	2.9954	-0.3801	-0.8951	3.0890	-0.3842	-0.4313	3.0814	-0.2785	-0.1359	2.9107	-0.4036	0.0890	3.1172	-0.1842	-0.5507	3.2461	-0.2935	-0.5633	3.2968	0.000	
32.086	-0.2457	-0.5741	3.3098	-0.1962	-0.9316	2.9926	-0.3792	-0.8914	3.0852	-0.3809	-0.4352	3.0809	-0.2753	-0.1482	2.8994	-0.4069	0.0707	3.1012	-0.1901	-0.5658	3.2601	-0.2975	-0.5734	3.2966	0.000	
32.119	-0.2527	-0.5925	3.3253	-0.1987	-0.9311	2.9913	-0.3799	-0.8974	3.0823	-0.3861	-0.4554	3.0820	-0.2782	-0.1617	2.8992	-0.4031	0.0581	3.0942	-0.1962	-0.5830	3.2804	-0.3042	-0.5902	3.3062	0.000	
32.153	-0.2574	-0.6094	3.3260	-0.1989	-0.9310	2.9912	-0.3758	-0.9377	3.0812	-0.4483	-0.4773	3.1078	-0.2774	-0.2138	2.9010	-0.4003	0.0330	3.0850	-0.1993	-0.5962	3.2850	-0.3111	-0.6127	3.3017	0.000	
32.186	-0.2501	-0.6194	3.3231	-0.1996	-0.9332	2.9912	-0.3668	-0.9177	3.0799	-0.4603	-0.4887	3.1131	-0.2774	-0.2136	2.9010	-0.3831	0.0272	3.0702	-0.1906	-0.6055	3.2951	-0.3002	-0.6292	3.2800	0.000	
32.220	-0.2056	-0.6205	3.3346	-0.2002	-0.9361	2.9917	-0.3568	-0.9008	3.0820	-0.4627	-0.4917	3.1146	-0.2776	-0.2137	2.9006	-0.4011	-0.0309	3.1033	-0.1413	-0.5963	3.3277	-0.2695	-0.6320	3.2789	0.000	
32.273	-0.2079	-0.6276	3.3349	-0.2058	-0.9669	2.9914	-0.3636	-0.9329	3.0682	-0.4633	-0.5015	3.1128	-0.2772	-0.2144	2.8968	-0.3970	-0.0527	3.1119	-0.1445	-0.6047	3.3306	-0.2700	-0.6388	3.2764	0.000	
32.305	-0.2095	-0.6401	3.3464	-0.2067	-0.9693	2.9922	-0.3833	-0.9305	3.0665	-0.4622	-0.5064	3.1127	-0.2768	-0.2164	2.8954	-0.4260	-0.1061	3.1301	-0.1431	-0.6188	3.3464	-0.2725	-0.6491	3.2833	0.000	
32.338	-0.2079	-0.6705	3.3699	-0.2053	-0.9707	2.9937	-0.3872	-0.9326	3.0668	-0.4732	-0.5144	3.1143	-0.2818	-0.2476	2.8998	-0.3620	-0.0906	3.1885	-0.1275	-0.6498	3.3580	-0.2868	-0.6819	3.3226	0.000	
32.371	-0.2071	-0.6726	3.3709	-0.2051	-0.9715	2.9946	-0.3786	-0.9216	3.0595	-0.4703	-0.5207	3.1109	-0.2776	-0.3006	2.8931	-0.3498	-0.0964	3.1767	-0.1318	-0.6515	3.3797	-0.2757	-0.6905	3.3034	0.000	
32.418	-0.1986	-0.6914	3.3807	-0.2049	-0.9719	2.9946	-0.3748	-0.9215	3.0590	-0.4652	-0.5314	3.1124	-0.2778	-0.3006	2.8932	-0.3153	-0.1104	3.1908	-0.1237	-0.6602	3.3823	-0.2718	-0.7097	3.3159	0.000	
32.454	-0.1987	-0.6924	3.3821	-0.2049	-0.9720	2.9946	-0.3776	-0.9322	3.0621	-0.4626	-0.5333	3.1114	-0.2794	-0.2999	2.8956	-0.3712	-0.1090	3.1618	-0.1231	-0.6616	3.3823	-0.2725	-0.7103	3.3202	0.000	
32.486	-0.1962	-0.7000	3.3851	-0.2037	-0.9751	2.9953	-0.3764	-0.9310	3.0617	-0.4627	-0.5331	3.1117	-0.2795	-0.3004	2.8962	-0.3592	-0.1740	3.1882	-0.1202	-0.6686	3.3819	-0.2696	-0.7190	3.3264	0.000	
32.521	-0.1939	-0.7169	3.3885	-0.2038	-0.9787	2.9952	-0.3773	-0.9311	3.0614	-0.4631	-0.5332	3.1115	-0.2798	-0.3031	2.9021	-0.3619	-0.1899	3.1847	-0.1169	-0.6939	3.3987	-0.2670	-0.7319	3.3200	0.000	
32.553	-0.1912	-0.7197	3.3941	-0.2051	-0.9815	2.9967	-0.3893	-0.9492	3.0673	-0.4634	-0.5338	3.1114	-0.2787	-0.3139	2.9062	-0.3623	-0.1911	3.1858	-0.1140	-0.6933	3.3991	-0.2658	-0.7384	3.3320	0.000	
32.586	-0.1877	-0.7457	3.3900	-0.2083	-0.9811	2.9953	-0.3906	-0.9533	3.0679	-0.4655	-0.5358	3.1117	-0.2758	-0.3176	2.9224	-0.3655	-0.2039	3.1921	-0.1110	-0.7320	3.3735	-0.2617	-0.7524	3.3367	0.000	
32.620	-0.1930	-0.7526	3.3871	-0.2110	-0.9815	2.9938	-0.3918	-0.9463	3.0647	-0.4659	-0.5367	3.1118	-0.2769	-0.3185	2.9269	-0.3280	-0.2068	3.2396	-0.1133	-0.7359	3.3749	-0.2696	-0.7583	3.3310	0.000	
32.653	-0.1928	-0.7597	3.3894	-0.2126	-0.9816	2.9929	-0.3944	-0.9419	3.0616	-0.4669	-0.5370	3.1123	-0.4879	-0.5141	3.0678	-0.3513	-0.2072	3.2149	-0.1132	-0.7450	3.3757	-0.2691	-0.7629	3.3364	0.000	
32.686	-0.1900	-0.7658	3.3972	-0.2137	-0.9816	2.9923	-0.3997	-0.9484	3.0631	-0.4671	-0.5373	3.1125	-0.4879	-0.5138	3.0667	-0.3549	-0.2176	3.2152	-0.1114	-0.7492	3.3750	-0.2636	-0.7712	3.3698	0.000	
32.721	-0.2065	-0.8143	3.3812	-0.2167	-0.9803	2.9910	-0.4043	-0.9501	3.0651	-0.4604	-0.5420	3.1125	-0.4861	-0.5239	3.1166	-0.3592	-0.2344	3.2365	-0.1393	-0.8025	3.3615	-0.2698	-0.8107	3.3372	0.000	
32.754	-0.2055	-0.8158	3.3845	-0.2162	-0.9862	2.9917	-0.4074	-0.9534	3.0670	-0.4603	-0.5417	3.1132	-0.4848	-0.5391	3.1378	-0.3622	-0.2308	3.2427	-0.1379	-0.8033	3.3633	-0.2694	-0.8133	3.3427	0.000	
32.787	-0.2047	-0.8162	3.3931	-0.2167	-0.9879	2.9920	-0.4088	-0.9532	3.0688	-0.4771	-0.5435	3.1174	-0.4904	-0.5272	3.1806	-0.3547	-0.2312	3.2695	-0.1377	-0.8035	3.3631	-0.2679	-0.8120	3.3806	0.000	
32.820	-0.2053	-0.8182	3.3960	-0.2170	-0.9896	2.9915	-0.4095	-0.9531	3.0698	-0.4530	-0.5551	3.1087	-0.4672	-0.5392	3.1450	-0.3629	-0.2389	3.3270	-0.1375	-0.8052	3.3630	-0.2689	-0.8134	3.3808	0.000	
32.853	-0.2055	-0.8201	3.4004	-0.2304	-0.9813	2.9935	-0.4110	-0.9539	3.0727	-0.4544	-0.5544	3.1092	-0.4631	-0.5408	3.1496	-0.3560	-0.2418	3.3322	-0.1373	-0.8069	3.3633	-0.2696	-0.8148	3.3836	0.000	
32.886	-0.2071	-0.8175	3.4099	-0.2273	-0.9860	2.9934	-0.4142	-0.9454	3.0784	-0.4583	-0.5437	3.1245	-0.4739	-0.5331	3.2222	-0.3434	-0.2365	3.3560	-0.1385	-0.8062	3.3643	-0.2700	-0.8123	3.3990	0.000	
32.919	-0.2132	-0.8177	3.4133	-0.2272	-0.9837	2.9934	-0.4260	-0.9534	3.0853	-0.4511	-0.5456	3.1237	-0.4692	-0.5288	3.2278	-0.3425	-0.2132	3.3647	-0.1490	-0.8069	3.3646	-0.2736	-0.8125	3.4024	0.000	
32.952	-0.2160	-0.8168	3.4152	-0.2278	-0.9811	2.9942	-0.4292	-0.9568	3.0885	-0.4464	-0.5465	3.1223	-0.4666	-0.5221	3.2406	-0.3399	-0.2068	3.3820	-0.1528	-0.8063	3.3658	-0.2752	-0.8118	3.4037	0.000	
32.986	-0.2147	-0.8122	3.4196	-0.2271	-0.9844	2.9955	-0.4301	-0.9582	3.0903	-0.4446	-0.5468	3.1218	-0.4652	-0.4909	3.2683	-0.3284	-0.2032	3.3983	-0.1525	-0.8030	3.3678	-0.2727	-0.8063	3.4097	0.000	
33.019	-0.2138	-0.8116	3.4233	-0.2271	-0.9835	2.9974	-0.4318	-0.9604	3.0940	-0.4421	-0.5473	3.1221	-0.4566	-0.5005	3.2624	-0.3260	-0.1967	3.4089	-0.1519	-0.8024	3.3689	-0.2716	-0.8062	3.4162	0.000	
33.053	-0.2131	-0.8110	3.4271	-0.2287	-0.9814	2.9974	-0.4322	-0.9605	3.0945	-0.4414	-0.5460	3.1226	-0.4543	-0.5042	3.2651	-0.3242	-0.1930	3.4196	-0.1519	-0.8018	3.3693	-0.2696	-0.8061	3.4255	0.000	
