% Time	A1	A2	A3	A4	A5	A6	
25.395	0.9491	0.6861	0.9162	-0.3659	0.1930	-0.6946	-0.0763	
25.426	0.4889	0.4889	-1.1220	-0.4645	-0.3988	-0.5631	-0.0776	
25.455	0.4889	0.2587	-2.7000	-0.2673	-0.7604	-0.0043	-0.0720	
25.485	1.0477	0.5217	-1.1220	-0.2344	0.0286	-0.9576	-0.0734	
25.515	2.1655	0.4889	-0.6947	0.0615	-0.0700	0.3902	-0.0743	
25.545	1.2779	0.0944	1.0149	-0.3001	0.0944	6.8666	-0.0697	
25.575	0.7190	0.0944	-0.1358	-0.3001	-0.5960	-3.1932	-0.0773	
25.605	0.4889	-0.3330	0.4889	-0.7933	0.2587	-1.3193	-0.0704	
25.635	0.9491	0.3902	-0.5960	-0.3001	-0.0043	-0.3330	-0.0717	
25.665	1.0149	0.7190	-3.7849	0.1601	0.5217	0.6532	-0.0885	
25.695	1.2121	0.3574	-0.0371	0.0944	-0.3659	0.3574	-0.0717	
25.725	0.9820	-0.2344	-0.2015	-0.1686	-0.8919	0.0286	-0.0832	
25.755	-4.5410	0.5217	-1.7138	-0.5303	-0.2015	-0.3988	-0.0796	
25.785	0.5217	0.3574	0.0615	-0.3988	0.0944	0.2259	-0.0760	
25.815	1.1135	0.4231	-0.3659	0.2259	0.6532	0.3245	-0.0724	
25.845	1.0149	0.4560	-0.5632	0.1601	-0.4974	1.5409	-0.0707	
25.875	1.0806	-0.3988	0.6532	-2.4041	-0.6946	-0.2015	-0.0780	
25.905	0.7190	0.1272	0.6861	-0.8261	-0.2015	-1.2206	-0.0717	
25.935	0.9820	0.1272	-0.2344	-0.2344	-0.2344	0.0615	-0.0780	
25.965	1.3765	0.5546	-0.4317	0.1272	-0.0371	-0.2015	-0.0789	
25.995	0.7519	0.4889	-0.0043	-0.1029	-0.1029	-0.8261	-0.0724	
26.026	1.0477	-0.1029	-0.4645	-0.2673	-0.5303	-0.8261	-0.0799	
26.055	0.7519	0.1601	-1.9110	4.0722	-0.7275	-0.9576	-0.0711	
26.088	0.5546	-0.5303	0.4560	-0.7275	-0.1358	-1.6151	-0.0747	
26.121	0.8834	-0.4317	0.5875	-0.8261	-0.1686	-0.3988	-0.0753	
26.155	1.6395	-0.2015	-0.0043	-0.5960	-0.6946	-0.6289	-0.0776	
26.188	1.2121	-0.3330	-0.4317	-0.5631	-0.3659	-1.6151	-0.0714	
26.221	0.9820	0.1272	-1.6152	-0.3988	-3.3575	-0.7933	-0.0707	
26.235	0.5546	-0.0043	1.0477	-0.3001	-0.3659	0.6861	-0.0763	
26.265	5.2229	0.0944	-0.5960	0.2259	-0.3330	0.2587	-0.0786	
26.295	0.8505	0.6204	-1.0563	0.0615	-0.0043	-0.8919	-0.0812	
26.325	1.0806	0.2916	-1.5494	-0.3001	-0.2344	-1.8124	-0.0803	
26.355	1.1792	-0.7275	2.1655	-0.8919	-0.1358	-2.7000	-0.0697	
26.388	1.1464	-0.1686	-0.8262	-0.7275	-0.3988	-1.1549	-0.0043	
26.422	0.2916	0.6861	-2.1083	0.4889	-0.9576	0.2259	-0.0766	
26.456	0.7519	0.0286	-1.0234	-0.9248	-0.1686	-1.5823	-0.0865	
26.489	0.6204	-0.1029	-0.1686	-2.4041	-0.7933	-1.4836	-0.0763	
26.505	0.5875	0.4560	-3.2589	-0.1358	-0.7275	-0.7933	-0.0734	
26.535	0.8505	0.0286	1.0477	-0.3330	-0.2344	0.5875	-0.0793	
26.565	1.1792	-0.6289	-0.1358	0.0944	0.4231	-1.1878	-0.0753	
26.595	1.0806	0.1601	0.2587	-0.1358	0.2259	-0.6946	-0.0750	
26.626	1.0806	-0.1686	-1.1878	-0.3659	-0.3659	-1.2206	-0.0750	
26.655	0.4231	3.7435	-1.6152	-0.2015	-1.2535	-1.2535	-0.0737	
26.688	0.9162	-0.4317	0.6532	-0.5960	-0.3988	-1.2864	0.2127	
26.722	0.5875	0.4231	-8.7819	-0.4645	-0.6289	-0.8919	-0.0812	
26.756	0.4889	0.1930	-0.2015	-0.3988	-0.8261	-0.1358	-0.0750	
26.789	0.9162	-0.4974	0.4231	-0.7933	-0.1686	-2.2398	-0.0737	
26.822	0.9491	-1.8453	0.0944	-0.4974	-0.6289	0.8505	-0.0763	
26.856	2.3956	0.1272	-1.0892	-0.6618	-0.1029	-1.2206	-0.0730	
26.889	0.8505	1.7710	-0.3659	-0.4316	-0.8261	-1.6809	-0.0743	
26.922	0.6861	-0.0700	0.7190	-0.9248	-0.2673	-3.7192	-0.0803	
26.955	0.9491	0.6532	-0.1686	-0.9576	-0.0700	-1.8453	-0.0796	
26.989	0.7519	-0.0371	-4.2780	-0.9905	-0.4974	-0.9248	-0.0937	
27.022	0.6204	-0.2015	-0.6289	-0.5960	-0.6618	-1.3850	-0.0776	
27.056	0.7847	0.3245	-2.1083	-0.3988	0.0944	-1.6151	-0.0750	
27.089	1.0477	0.0944	-1.2535	-0.4974	-2.0096	-1.3521	-0.0760	
27.122	0.7847	-0.5960	0.0615	-0.7275	-0.2673	-1.9439	-0.0763	
27.156	0.4889	0.0944	3.2175	-0.4316	-0.9576	-0.6946	-0.0766	
27.189	0.3902	0.1272	-0.1358	0.3902	-0.5960	-1.4508	-0.0740	
27.222	0.1601	0.5546	-2.8973	-0.0700	-1.0234	-0.6289	-0.0750	
27.255	0.3574	0.2916	-0.8262	-0.4316	-0.8261	-0.7275	-0.0809	
27.288	0.7847	-0.2673	0.5546	-0.6946	-0.5631	-1.5494	-0.0937	
27.322	0.9162	0.0286	-0.0043	-0.7933	0.3574	-0.9248	-0.0760	
27.356	0.5546	0.3574	-0.0371	-0.6946	-0.3001	-1.1549	-0.0681	
27.388	0.8505	-0.1358	-0.7604	-0.4316	-0.5960	2.5929	-0.0730	
27.422	-0.6618	0.6204	-2.1740	-0.3988	-0.3659	-0.3330	-0.0678	
27.455	0.8176	-0.1358	-0.4645	-0.3988	-0.7933	2.5929	-0.0760	
27.488	0.7847	1.2779	0.7847	-0.7604	-0.3330	-3.4890	-0.0724	
27.521	0.7190	0.0286	-0.8919	-0.4645	0.1930	-1.9439	-0.0727	
27.555	0.2587	0.5217	-1.9439	-0.3659	-0.6946	0.0615	-0.0717	
27.588	1.0806	-0.2015	-0.0043	-0.6946	-0.0700	0.1272	-0.0743	
27.590	0.6204	0.1272	-1.4837	2.5271	-0.5303	-2.2398	-0.0760	
27.622	1.2121	-0.5632	1.6066	-0.9905	0.2259	-2.1740	-0.0757	
27.655	0.4889	0.6204	-2.8973	-0.3001	-0.6946	-0.0043	-0.0691	
27.688	0.0286	0.6532	-1.4837	-0.4316	-0.5631	-0.4316	-0.0750	
27.722	1.0477	-0.1358	1.2779	-0.0700	0.3902	0.0615	-0.0789	
27.759	0.5217	0.0944	0.2916	-0.6618	0.0615	-1.0563	-0.0812	
27.790	5.4859	-0.2015	-1.7467	-0.3330	-0.6618	-1.7466	-0.0780	
27.824	0.5217	0.1601	1.2121	-0.9248	-0.0371	-1.3850	-0.0776	
27.858	0.9820	0.0944	-1.5494	1.7381	-0.3988	-1.9110	-0.0786	
27.890	1.0477	-0.3659	-0.0700	-0.6289	-0.5303	1.9354	-0.0799	
27.924	-0.3988	0.5217	-1.2535	-0.7604	-0.8261	-2.2398	-0.0763	
27.957	0.6861	0.1601	-6.3163	-0.7604	-0.0043	-2.1740	-0.0865	
27.991	1.0149	-0.3330	-6.0862	-0.3001	-0.8590	-1.2864	-0.0898	
28.024	0.9162	0.2259	-1.1220	-0.3001	-0.2673	-2.2726	-0.0796	
28.058	0.5217	0.5217	-1.6809	-0.7275	0.3902	-2.1740	-0.0773	
28.090	1.1464	-0.2673	-0.2015	-0.5303	-0.8590	-0.2015	-0.0809	
28.124	0.1930	-0.2015	-0.6947	-0.4974	-0.0043	-1.3193	-0.0773	
28.157	1.0477	0.0286	-2.7987	-0.1029	-0.7933	-1.5494	-0.0760	
28.191	0.9162	0.3902	-1.6152	-0.5631	-0.4316	-2.3055	-0.0737	
28.224	1.0477	-0.3659	-0.0371	-0.5303	-0.5631	-0.1686	-0.0730	
28.257	0.7847	0.1272	0.2259	-0.6946	-0.4645	-0.4645	-0.0776	
28.290	1.3107	0.3574	-0.5632	-0.7604	-0.5303	-0.8261	-0.0753	
28.324	0.3902	-0.0043	-1.0563	-1.0891	-0.4316	-0.5631	-0.0730	
28.358	0.6861	0.3574	-1.4837	-0.5303	-0.3001	-10.3271	-0.0793	
28.390	0.9162	-0.1358	-0.5960	-0.6289	0.6532	-2.3055	-0.0766	
28.424	0.6204	0.0615	-0.9577	-0.5631	-0.2344	-0.5303	-0.0816	
28.457	0.7847	-0.3002	0.3902	-0.6289	-0.4974	0.1601	-0.0822	
28.490	0.6204	0.0286	4.7955	-0.9248	-0.5631	-0.3001	-0.0806	
28.524	0.5546	-0.1686	0.3902	-0.7604	2.9216	-1.4836	-0.0753	
28.557	1.2121	-0.2673	-1.1549	-0.3659	-1.0234	-1.5494	-0.0803	
28.590	0.4889	0.1930	-0.6289	-0.3988	-1.8453	-0.5303	-0.0750	
28.624	0.8176	-0.0043	-1.5823	-0.5631	-0.4645	-1.8781	-0.3604	
28.657	0.8834	-0.0700	-1.1878	-0.3659	-1.1220	-1.0563	-0.0743	
28.690	0.2587	0.4889	0.9162	-1.1549	-0.3988	-1.5823	-0.0632	
28.724	0.5217	0.1601	-0.5303	-0.6289	-0.7275	-0.9905	-0.0773	
28.758	0.5546	0.0615	-0.3002	-0.8261	-0.4645	-0.9905	-0.0142	
28.791	0.7519	0.0615	-0.2344	-0.4974	1.8367	-1.4836	-0.0803	
28.824	0.4889	0.3902	-0.5632	-0.6946	-0.5960	-0.7275	-0.0579	
28.857	1.1464	0.4231	-1.6152	-0.6289	-0.9248	-0.6946	-0.0780	
28.890	0.3245	0.1272	0.2916	-1.9110	-0.2015	-1.4179	-0.0789	
28.925	0.6532	-0.2673	0.4560	-0.6618	-2.3055	-0.8261	-0.0786	
28.957	0.8176	-0.2673	0.2916	-0.7275	-0.7275	-0.2673	-0.0734	
28.991	0.4231	0.0286	-0.6618	-0.7604	-4.6068	-0.8261	-0.0734	
29.025	0.4889	0.2916	-7.1053	-1.2206	-0.0043	-1.4836	-0.0674	
29.057	0.4889	1.0477	-0.5632	-0.8261	-0.3001	-0.8590	-0.0717	
29.091	0.9820	-0.6289	-2.0754	-0.2673	-0.6946	-1.2206	-0.0750	
29.124	0.5546	-0.1358	0.6532	-0.7933	-0.6289	-0.5631	-0.2864	
29.157	0.6861	-0.0043	-0.8590	0.3902	-0.9576	-1.2864	-0.0809	
29.190	0.6532	0.0944	0.3245	0.8176	-0.2673	-0.8919	-0.0770	
29.224	1.1135	-0.3002	-1.2207	0.0944	-0.9576	-1.0891	-0.0783	
29.257	0.6204	0.2259	-0.1358	-0.8919	-0.1358	-1.2206	-0.0747	
29.290	0.6204	-1.0892	-2.4370	-0.4645	-0.3988	-1.8781	-0.0747	
29.323	0.9162	0.3902	-1.6152	1.8696	-0.3988	-0.7275	-0.0786	
29.357	0.8505	0.0615	-1.7467	-0.7933	-0.4316	-2.2726	-0.0776	
29.390	0.6204	0.4231	-1.8124	0.2916	-0.4645	-1.5165	-0.0757	
29.424	0.7519	2.1655	-0.4317	-0.8590	-0.2015	-3.4890	-0.0750	
29.457	0.4889	0.0944	-0.1029	-0.7933	-0.5631	-1.0563	-0.0816	
29.491	0.6532	-0.2673	0.5546	-0.4974	-0.5960	0.0286	-0.1529	
29.523	0.3902	0.1930	-0.2344	-0.7275	-0.4974	2.6586	-0.0760	
29.557	0.7190	-0.0700	-0.7275	0.3574	-0.7275	-1.8781	-0.0760	
29.590	1.2450	-0.3002	-0.6289	-0.6946	-0.3988	-0.8590	-0.0711	
29.624	0.7519	-0.1029	-0.0700	-0.3330	-1.1220	0.1601	-0.0809	
29.657	0.3245	0.8834	-0.7275	-0.6946	-0.5631	-1.4179	-0.0783	
29.689	1.6395	0.1930	-2.0097	4.2366	-0.4316	-1.3521	-0.0757	
29.724	0.7847	-0.2015	-0.1358	3.0531	-1.0234	-0.0371	-0.0780	
29.757	0.6532	-0.0043	-0.8919	-0.7604	0.1272	-2.5685	-0.0697	
29.791	1.4751	0.2587	-2.3055	4.2037	-0.4316	-1.7138	-0.0760	
29.823	0.7519	0.0615	-1.6152	-0.3330	-0.6289	-1.8453	-0.0747	
29.857	0.5875	-0.2015	0.4560	-1.0891	-0.5631	-0.3659	-0.1177	
29.890	1.1792	-0.4645	-0.8590	-0.3659	-0.7933	-0.6618	-0.0799	
29.923	-0.3002	-0.0043	0.2259	-0.5303	-1.2206	-1.3850	-0.0734	
29.957	0.5546	1.0149	-2.7658	-0.5303	-0.2673	-1.8781	-0.0711	
29.990	1.1792	-0.1358	-1.7795	-0.4645	-0.7275	-12.1023	-0.0770	
30.024	0.6204	0.3902	-3.9164	-0.5303	-0.5303	-1.1878	-0.0766	
30.057	1.2121	0.1930	-1.5823	-0.4974	-0.0700	-2.5685	-0.0780	
30.091	0.8505	-0.0043	-1.3193	-0.4974	-0.3659	-4.6068	-0.0730	
30.124	0.8505	-0.2015	0.1930	-0.5960	-0.5960	-1.9768	-0.0734	
30.156	0.8176	-0.3002	-6.2177	-0.7604	-0.5303	-1.2206	-0.0921	
30.190	0.8505	0.7190	-2.4370	-0.4645	-0.4316	-2.4041	-0.0803	
30.223	0.7519	-0.2673	0.2587	-0.6946	-0.3001	-5.5602	-0.0822	
30.257	0.6532	0.4889	-1.5823	-0.5631	1.7381	-2.0425	-0.0799	
30.290	0.4231	0.3245	-0.7933	-1.8453	-0.6289	-0.3330	-0.0806	
30.324	0.5546	0.2259	-0.3330	-0.7604	-0.5303	3.3490	-0.0753	
30.357	0.5217	0.0944	0.0615	-1.0563	-0.3330	-2.3384	-0.0770	
30.390	0.3902	0.0944	-0.5960	-0.6289	-0.4316	6.0119	-0.0773	
30.424	0.4231	0.3574	0.0286	-0.8590	-0.0371	-1.6480	-0.0734	
30.457	0.4231	0.2587	-0.3330	0.1601	-0.3659	-0.5960	-0.0711	
30.490	0.9820	0.0944	-1.5494	-0.5631	-0.3330	0.3902	-0.0737	
30.524	0.6861	-0.1686	-0.6947	-0.5303	-0.5631	4.4667	-0.0737	
30.557	4.5654	0.3902	-1.9439	-0.5960	-1.4179	-1.6151	-0.0734	
30.590	-0.5303	0.5875	-1.6809	-0.7275	-0.3988	-1.8124	-0.0786	
30.624	1.2779	-0.3988	-0.7933	-0.4316	-0.1358	-1.1878	-0.0750	
30.657	0.4231	-0.0371	0.1272	-0.7933	-0.3988	-1.3193	-0.0638	
30.690	0.8505	0.0944	-0.2344	-0.7604	-0.4645	3.1846	-0.0743	
30.723	0.1601	0.3574	-0.3988	-1.5165	-0.3988	-1.6809	-0.0763	
30.757	0.7519	0.3902	-2.5357	-0.2015	-0.4645	-1.8781	-0.0753	
30.790	0.2916	-0.1358	0.5546	-0.8261	-0.3659	-1.1549	-0.0697	
30.824	0.8505	-0.1029	0.1272	-0.7275	-0.7604	-0.1358	-0.0770	
30.857	1.0149	-0.1358	6.1105	-0.5960	-0.6289	-0.9905	-0.0704	
30.890	0.5217	-0.1686	-1.2207	-0.3001	-0.5303	-1.3850	-0.0737	
30.923	0.6861	-0.1686	2.2641	-0.3988	-0.9576	-0.0371	-0.0711	
30.956	0.6204	0.0615	-0.4974	-0.7604	-0.5631	-0.2344	-0.1624	
30.989	0.9162	0.1272	0.6532	-0.9905	-0.1686	-2.2069	-0.0658	
31.024	0.9162	-0.3002	-2.7000	-0.4974	-0.7275	-1.1878	-0.0760	
31.057	0.7190	-0.2015	-5.4615	-0.7604	-0.6618	-0.9905	-0.0891	
31.090	-1.6809	-0.0043	0.3902	-0.8919	-0.6618	-0.4316	-0.0720	
31.123	1.1792	-0.7275	0.4889	-0.4316	-2.2726	-0.3988	-0.0776	
31.156	0.4231	0.7190	-1.9439	-0.6618	4.3352	-1.1878	-0.0720	
31.190	0.2916	0.6861	-0.4974	-0.7275	-0.3001	-0.6289	-0.0730	
31.224	0.7847	0.0944	-1.2207	-0.7933	-0.1686	-2.0754	-0.4994	
31.257	0.3902	0.3245	-1.2864	-0.6618	-0.2015	-0.8590	-0.0734	
31.290	0.9162	-0.2344	-0.7933	-0.7933	-0.9248	-1.3521	-0.0783	
31.324	0.9820	-0.3002	-0.8919	-0.5631	-3.9822	-1.7795	-0.0734	
31.357	1.1792	-0.3002	-0.9248	-0.3330	-0.9248	-1.4179	-0.0757	
31.390	0.5546	0.2916	-0.8919	-0.7275	-0.1358	-1.1549	-0.0967	
31.424	0.9820	-0.0043	-0.7933	-0.2673	-0.7275	0.2259	-0.0766	
31.457	0.8505	-0.0043	-0.8919	-0.2344	-1.0563	-1.2206	-0.0602	
31.489	0.7519	0.1601	0.2259	-0.9905	-0.2344	-2.6014	-0.0793	
31.523	0.6532	-0.1029	-0.2344	-0.3001	-0.6289	-1.4508	-0.0970	
31.556	0.9820	-0.2673	0.4231	-0.7275	-0.4974	-1.0563	-0.0763	
31.589	1.0149	-1.4179	0.7190	-0.7604	-0.4645	-1.7466	-0.0799	
31.623	0.9820	-0.1686	-0.6947	-0.9248	-0.3659	-1.8124	-0.2341	
31.656	0.7847	0.2587	-2.0425	-0.5960	-0.5631	-5.2643	-0.0743	
31.690	1.1464	-0.3002	-1.1878	-3.6534	-0.8919	-1.2206	-0.0760	
31.724	0.3574	0.3574	-1.0234	-1.5165	-0.4645	-1.7466	-0.0780	
31.757	0.8505	-0.1358	-0.5632	-0.4316	-0.7275	-1.9768	-0.0763	
31.789	0.9491	0.4560	-1.5494	-0.5960	-0.2015	-2.5028	-0.0789	
31.823	1.0477	0.0615	-1.7467	-0.9248	-0.5960	-1.3521	-0.6750	
31.857	1.0149	0.2259	-1.9768	2.3956	-0.1358	-2.0096	-0.0737	
31.890	0.4231	0.1272	-0.3002	-0.3659	-0.7275	5.0914	-0.0760	
31.924	0.3574	0.1272	-0.7933	-1.1878	-0.3988	-0.3001	-0.0786	
31.956	0.8834	-0.4645	0.6204	-0.8590	-0.6946	-0.1358	-0.0770	
31.990	0.6861	-0.2015	-0.2344	-0.8919	-0.7604	-1.1878	-0.0773	
32.023	0.3902	0.5875	0.1601	-0.6946	-0.5631	-0.6946	-0.0737	
32.057	0.5546	-0.0700	0.0944	-0.1686	-0.4974	-0.5303	-0.0750	
32.090	-0.0043	-0.1686	-0.7604	-0.5303	-0.3330	-1.7138	-0.0757	
32.123	0.6861	-0.4317	-0.4317	-4.5410	-0.9576	-0.3988	-0.0757	
32.157	0.8176	0.6204	-2.3713	-0.3988	-0.3988	-2.2069	-0.0773	
32.190	0.4231	-0.0371	-0.2673	-0.8919	-0.7604	-1.5165	-0.0776	
32.224	0.6204	0.5546	-0.8262	-0.8590	-0.2344	-1.4836	-0.0766	
32.257	0.8834	-0.2344	0.0944	-0.5303	-1.0234	-0.3330	-0.0773	
32.290	0.9820	0.0286	-1.3850	-0.3659	-0.3330	-4.2123	-0.0770	
32.323	0.9491	-0.3659	0.2916	-1.4836	-0.7933	-0.5303	-0.0737	
32.356	0.9162	-0.3330	-0.0371	-0.4974	-0.9576	-0.9248	-0.0704	
32.390	0.3902	0.0615	-1.1878	-0.6946	-0.1029	-1.3850	-0.0730	
32.423	0.9491	0.0944	-1.7138	-0.3988	-1.1549	-2.2726	-0.0757	
32.457	1.0477	-0.2015	-1.4508	-0.2673	-0.7933	2.1984	-0.0786	
32.490	0.4560	0.0615	-0.7604	1.7710	-1.2535	-0.4974	-0.0803	
32.523	0.9491	-0.4645	-0.6947	-0.7275	-0.6289	-1.3850	-0.0750	
32.557	0.4231	-0.2673	-0.0371	-0.2673	-0.6946	-1.0234	-0.0789	
32.590	0.4560	-0.2015	0.8176	-0.5631	-0.2344	-1.0234	-0.0737	
32.623	0.0615	0.0944	-0.5632	-0.6946	-0.8590	-0.6946	-0.0757	
32.657	0.5217	-0.0043	-0.8262	-0.6289	-0.8261	-6.3163	-0.0740	
32.690	0.6861	0.0944	-0.8262	0.6532	-0.1358	-1.6480	-0.0727	
32.723	1.1135	0.4560	-2.6672	-1.4508	-0.3659	-2.4041	-0.0780	
32.757	0.8176	-0.1358	0.1601	-0.2673	-0.2673	-0.5303	-0.0763	
32.790	1.2121	-0.0371	-0.8590	-0.8261	-0.3659	-2.0096	-0.0734	
32.823	0.2916	0.6204	-1.6480	-1.3850	-0.2015	-1.6480	-0.0770	
32.856	0.7190	0.0286	-2.2069	-0.4316	-0.5960	-7.6971	-0.0763	
32.890	1.9682	-0.3988	-1.1220	-0.3001	-0.3330	-0.8919	-0.0819	
32.924	1.0806	-0.1358	-1.0892	-0.2673	-1.8124	-1.1220	-0.0776	
32.957	0.5875	0.4231	-1.3522	-0.7275	0.0286	0.5546	-0.0757	
32.990	0.8176	0.2259	-2.4042	-0.6618	-0.3001	-2.2069	-0.0770	
33.023	0.2916	0.0615	-0.1358	-0.9576	-0.4316	2.1984	-0.0799	
33.057	1.4422	0.0944	-1.3193	-0.3659	-0.0371	-1.9439	-0.0776	
33.090	1.7381	-0.2015	0.7847	-0.8261	-0.6289	-0.7933	-0.0743	
33.124	0.3902	-0.0043	-0.4974	-0.8590	-1.7138	-1.2535	-0.0786	
33.157	0.6204	0.3574	-1.5165	-0.5303	-0.1686	-1.9768	-0.1079	
33.190	0.4889	-0.0043	-0.7933	-0.6946	-0.4316	-1.2206	-0.0776	
33.224	1.1464	-0.1358	-1.4837	-0.3001	-0.3001	-1.4179	-0.0786	
33.226	0.7519	-0.0043	0.1930	-0.4316	-0.4974	-0.1358	-0.0753	
33.227	1.2450	-0.2015	1.1792	0.0286	-0.3659	-2.0425	-0.0743	
33.229	1.0149	0.6204	0.4231	0.0615	-0.0371	1.3107	-0.0730	
33.231	0.9162	0.2587	2.9545	-0.2673	0.2587	1.4422	-0.0740	
33.233	1.1792	0.0615	1.2779	-0.1358	0.0615	0.7519	-0.0799	
33.234	0.7519	0.2259	0.9491	-0.3001	-0.1358	0.7847	-0.0773	
33.235	0.8505	0.0944	0.5546	-0.5631	-0.2344	-0.7275	-0.0753	
33.237	0.6532	0.0286	-2.1740	-0.4316	-0.8261	-0.1686	-0.0849	
33.239	1.0806	-0.0043	0.3574	-0.2673	-0.4974	-1.5494	-0.0648	
33.240	0.9820	0.1272	-1.7467	-0.6289	-0.2673	-2.1411	-0.0904	
33.242	0.4889	0.6204	-1.4508	-0.5303	-0.0043	-1.3193	-0.0931	
33.243	1.1135	-0.0043	0.3902	-0.2344	-0.3330	0.2916	-0.0770	
33.245	0.7190	0.8505	-1.7795	0.2587	-2.7000	1.4094	-0.0766	
33.246	1.2450	-0.1029	0.9162	-0.2344	-0.5631	-0.4974	-0.0773	
33.248	1.3107	0.5217	1.3107	0.0944	0.5217	-0.3001	-0.0599	
33.250	1.2779	0.6532	-1.6152	0.3245	0.2587	-0.1686	-0.0796	
33.251	1.0149	0.1601	-0.4317	-0.1358	0.0615	-0.2015	-0.0750	
33.252	0.9491	0.3902	-1.1549	-0.3001	-0.1686	-0.6946	-0.0753	
33.254	0.5875	0.2916	-0.3330	-0.7275	0.0944	-0.6289	-0.0757	
33.272	0.7847	0.3245	-1.7795	-0.3988	-0.5631	9.1679	-0.0780	
33.274	0.9491	0.1272	-2.1083	-0.2344	-1.1549	-1.8453	-0.0793	
33.276	1.0149	-0.2673	-0.5960	-0.2015	-0.2673	-0.9905	-0.0747	
33.286	1.1792	0.1601	-1.1878	-0.2344	-0.4316	0.0615	-0.0461	
33.315	0.9162	0.2916	6.6365	0.2259	0.3902	1.1464	-0.0740	
33.345	1.1792	-0.3659	2.1326	-2.9302	0.5217	-0.8919	-0.0780	
33.376	0.7519	-0.1029	-0.0700	-0.4316	-0.3330	-2.0096	-0.0760	
33.407	0.9820	0.3245	-2.0425	-0.3001	-0.5631	-1.8781	-0.0753	
33.440	0.8505	0.2587	-1.3193	-0.4974	-0.4645	-1.0563	-0.0651	
33.465	0.6861	0.7519	4.9927	-0.5631	0.8176	-0.0043	-0.0609	
33.495	1.3765	-0.1358	0.7847	-0.4645	0.0615	-0.4645	-0.0757	
33.525	0.5875	0.1272	1.7381	-0.4645	-0.3330	-0.9248	-0.0727	
33.557	0.6204	0.4560	-1.1878	-0.5303	-0.0700	-2.3713	-0.0770	
33.589	1.0477	-0.4317	0.0286	-0.2015	-0.7275	-1.0563	-0.1983	
33.623	0.7519	-0.1029	-2.7987	-0.2344	-1.0891	-0.3988	-0.0885	
33.656	0.9162	0.4560	7.7214	-0.5303	-0.5631	-1.9439	-0.0697	
33.689	2.0997	-0.4974	-0.9248	-0.5303	-1.5165	-2.0096	-0.0780	
33.723	0.9820	0.0615	-1.6809	-0.4974	-0.4645	-1.7795	-0.0605	
33.758	0.4231	0.3245	-0.8590	-0.6289	0.2587	-0.3330	-0.0806	
33.790	0.9820	0.0944	-0.4974	-1.3521	-0.1358	-2.0096	-0.0760	
33.824	0.5546	0.5546	-1.4508	-0.6289	-0.1358	-1.6151	-0.0753	
33.856	0.5546	-2.5685	-0.7933	-0.7275	-0.1686	-0.4645	-0.0757	
33.890	0.7847	0.3245	-2.1740	-1.6809	-0.1358	-2.5356	-0.0773	
33.923	0.5875	0.3245	-0.7275	-0.5631	-0.5960	-1.2206	-0.0747	
33.957	-0.2015	0.0944	-0.2344	-0.7604	-0.1029	-0.8261	-0.0796	
33.990	0.8834	0.0286	-1.8782	-0.4974	-0.5303	6.0119	-0.0796	
34.023	0.7847	0.1601	-0.5960	-0.6946	-0.4316	-0.4645	-0.0737	
34.057	0.9820	-0.3002	-0.7933	-0.4645	-0.6289	-1.4508	-0.1089	
34.090	0.7190	-0.0043	-4.5082	-0.3001	-0.6946	-1.8124	-0.0937	
34.123	1.1464	-0.4974	-0.4974	-0.3659	-0.8919	2.0669	-0.0803	
34.156	0.3902	0.3902	-3.0945	-0.7933	-0.0700	-1.7466	-0.0697	
34.190	0.5546	1.4422	-1.9439	-0.5303	-0.1686	-2.9630	-0.0750	
34.223	0.5546	0.5546	-2.1412	-0.4316	-0.4974	-1.8781	-0.0799	
34.257	0.9162	1.0149	-2.5028	-0.1358	-0.4316	-2.2398	-0.0766	
34.290	0.4560	-0.0371	0.3902	-0.7275	-0.2673	-0.8261	-0.0734	
34.323	0.6861	0.2259	-0.6947	-1.2535	-0.1686	-1.5823	-0.0773	
34.358	1.2121	1.7052	-1.0234	-0.2344	-0.5303	-0.5960	-0.0763	
34.389	1.0149	-0.2344	-0.7604	-0.5631	-0.3659	2.0340	-0.0780	
34.424	0.5875	-0.1686	0.6532	-1.0234	-0.4645	-0.9576	-0.0780	
34.458	0.6861	0.1601	-0.5632	-0.5960	-0.4316	-0.2673	-0.0766	
34.491	0.6204	-0.0043	-0.2015	-1.0234	-0.4974	0.0615	-0.0780	
34.524	0.3902	0.4889	-0.1029	-0.8261	-0.0371	-5.4615	-0.0753	
34.558	0.9491	-0.2015	-0.2673	-0.2673	-0.5960	-2.2398	-0.0760	
34.593	1.0477	0.0615	-0.6289	-0.0700	-0.1029	-0.9576	-0.0944	
34.625	1.1792	-0.0700	-1.1220	-0.6946	-0.4645	-0.5303	-0.0747	
34.661	1.3436	0.0615	0.8834	-0.3001	0.2587	-0.4316	-0.0750	
34.695	0.9162	0.5546	-0.7604	-1.0234	0.0944	0.2587	-0.0747	
34.726	0.9820	0.6861	-1.6480	-0.3001	0.2587	-0.4974	-0.0743	
34.760	0.9162	0.3574	-1.0892	0.2587	-0.3001	0.0944	-0.0760	
34.793	0.8834	0.4889	-0.9248	-0.2344	0.2916	-1.1878	-0.0747	
34.826	1.1792	0.0286	-0.3659	-0.0700	-0.2673	-0.4974	-0.0740	
34.859	0.9820	0.1601	0.1930	-0.3659	-0.2344	0.0944	-0.0789	
34.892	1.0477	0.2259	-0.9577	-0.0700	-0.0371	-1.0891	-0.0747	
34.895	1.2779	0.1272	0.8505	-0.4645	0.7190	-0.2344	-0.0727	
34.896	2.4285	-0.0371	-0.0043	0.2259	0.0944	0.6861	-0.0743	
34.899	1.1464	0.3574	0.3574	-0.1029	0.2259	0.0615	-0.0780	
34.901	0.9820	0.0944	-0.7604	-0.2673	0.0944	-1.0891	-0.0717	
34.905	-0.2344	-0.3002	0.1272	-0.4316	-0.6289	-1.2535	-0.0730	
34.935	0.8834	0.2916	-1.0234	-0.1686	-0.3659	-0.9248	-0.0783	
34.965	0.7519	0.7847	-0.4317	-0.6289	0.6532	-0.0700	-0.0954	
34.995	1.4422	-0.1686	1.0477	-0.1358	0.6861	-0.5303	-0.0720	
35.025	0.9491	0.2259	-1.0892	-0.3988	-0.2344	-0.7275	-0.0911	
35.059	1.3107	0.1930	-1.4508	-0.1029	-0.2015	-0.5960	-0.0747	
35.094	0.7519	0.6861	-3.1274	0.2259	-0.1029	0.0615	-0.0737	
35.127	1.0149	0.0615	0.7847	-0.3659	0.0286	0.8834	-0.0714	
35.158	0.8834	-0.0043	-0.5303	-0.1686	-0.3001	-0.6946	-0.0780	
35.191	0.7519	0.3245	-1.1878	-0.5631	0.0286	-1.3850	-0.0796	
35.225	1.0149	-0.3002	0.0615	-0.2673	-0.5303	-0.6289	-0.0750	
35.258	0.6861	0.0286	0.0615	-0.5303	-0.4974	0.9162	-0.0773	
35.292	1.0806	0.0944	-1.1878	-0.1358	-0.2673	-1.1878	-0.0743	
35.325	0.8176	-0.0043	0.0286	-0.4645	-0.6289	0.0944	-0.0730	
35.359	1.2121	-0.2015	-0.3988	-0.0371	-0.2673	-0.7275	-0.0747	
35.385	0.8505	0.2916	0.6861	-0.2344	-0.3988	-0.6946	-0.0714	
35.387	1.3107	0.2259	-0.9577	-0.5631	-0.9905	-0.2344	-0.0766	
35.415	0.6204	0.4560	0.3902	-0.0371	-0.1358	1.3765	-0.0793	
35.445	1.4422	0.0286	0.5217	-0.0371	0.3574	2.5600	-0.0770	
35.475	0.5217	0.4231	-0.9248	-0.4645	-0.2015	-1.1549	-0.0803	
35.506	0.6861	0.2259	-1.4508	-0.4645	-0.2344	1.8367	-0.0832	
35.540	0.9491	-0.2015	-0.8262	-0.3330	-0.5631	-1.4836	-0.1049	
35.573	1.1135	-0.4974	-0.6289	-0.3988	-0.6946	-1.3850	-0.0849	
35.607	0.6861	-0.0371	0.6204	-0.5303	-0.3659	-0.2673	-0.0796	
35.640	0.5546	-0.1686	-1.4837	-0.2673	-1.1878	-1.7138	-0.0806	
35.674	1.0806	-0.1358	-1.1220	-0.3988	-0.7604	-1.3850	-0.0586	
35.706	0.7519	-1.5165	-0.5960	-0.4974	-0.8261	0.8834	-0.0806	
35.739	0.3574	0.3574	-0.5632	-0.7604	1.6066	-1.0891	-0.0773	
35.773	1.3765	-0.2673	-1.1220	-0.2015	-0.8590	-1.1549	-0.0789	
35.807	1.3765	-0.1358	-1.1220	-0.2673	-0.6289	-1.1220	-0.0678	
35.840	0.9491	0.4889	-1.6480	-0.4316	-0.2015	-2.5028	-0.0799	
35.873	1.2779	-0.0371	-0.7604	-0.4316	-0.4974	-1.8453	-0.0799	
35.907	0.7847	0.1272	-1.5494	-0.1686	-0.4974	-1.1878	-0.0783	
35.940	0.6861	-0.0043	-0.6289	-0.2015	-0.5303	-1.0563	-0.0855	
35.973	0.8176	-0.0700	-0.5632	-0.3988	-0.5631	-1.8124	-0.0773	
36.007	0.8505	0.3245	-1.5823	-0.3659	-0.1358	-1.7795	-0.0789	
36.040	0.8505	0.4231	-2.4042	-0.2015	-0.2344	-2.0096	-0.0812	
36.073	0.8505	0.3574	-1.3522	-0.3330	-0.1686	-2.2069	-0.0766	
36.107	0.6861	0.4889	-1.6152	-0.4316	-0.0700	-1.5823	-0.0816	
36.140	0.7190	-0.5960	0.7519	-0.6289	-0.4974	-0.6946	-0.0760	
36.173	1.0149	-1.3522	-0.6618	-0.3988	-0.9576	-0.3659	-0.0806	
36.206	0.6204	-0.1358	-1.0563	-0.3659	0.0615	-1.1220	-0.0753	
36.240	0.5546	0.4889	-2.5028	-0.4316	-0.1029	-1.9768	-0.0799	
36.273	0.2259	-0.2015	-0.5632	-0.5303	-0.4316	0.2916	-0.0743	
36.307	0.1272	0.3574	0.1601	-0.8261	0.1601	-1.2864	-0.0711	
36.340	0.0944	0.1601	-1.4508	-0.2673	-0.2673	-2.0096	-0.4826	
36.373	-0.1029	-1.2535	-0.0043	-0.4316	-0.5631	-1.2864	-0.0737	
36.407	-0.0043	-0.2015	0.1930	-0.4645	-0.6946	0.2259	-0.0760	
36.440	0.7519	-0.3659	-0.3002	-0.1358	-1.4836	0.1272	-0.0816	
36.474	-0.1029	0.1272	-1.0234	-0.9576	-0.1686	-1.7795	-0.0812	
36.507	0.4889	0.1272	-1.6152	0.3574	-0.2673	-1.5494	-0.0793	
36.540	-0.2015	0.3574	-0.6618	-0.7933	-0.2015	-1.5165	-0.0799	
36.573	-0.5632	1.7710	-0.6618	-0.6618	-0.1686	0.3574	-0.0799	
36.607	0.5875	0.0286	0.0944	-0.4974	0.0286	-1.0563	-0.0763	
36.640	0.1272	-0.1686	-0.8262	-0.2673	-3.2260	-1.1878	-0.0832	
36.673	-0.2673	-0.9577	0.1601	-0.5631	-0.4316	-1.5494	-0.0789	
36.707	0.1930	0.7519	-0.1358	-0.3330	-0.5303	-0.9248	-0.0796	
36.740	0.2916	-0.1686	0.5875	-3.2260	-0.4974	-0.5631	-0.0737	
36.773	0.7519	-0.4974	-1.3522	-0.3659	-0.5960	-0.6618	-0.0855	
36.807	0.5875	0.0286	0.1601	-0.4974	-0.4316	-0.0371	-0.1187	
36.840	0.4889	-0.0043	-0.3330	-0.1686	-0.6946	-0.3001	-0.0773	
36.873	0.4560	-0.2015	-0.3330	-0.1686	-0.5631	-0.6289	-0.0816	
36.906	0.4560	0.3574	-1.8782	-3.2918	0.1930	-2.2069	-0.0740	
36.940	0.2259	0.4231	-0.8262	-0.5631	-0.0700	-0.6618	-0.0776	
36.973	0.6204	-0.3659	-0.2344	-0.0700	-0.3001	-1.4508	-0.0720	
37.007	0.8834	-0.5960	0.3902	-0.3988	-0.8261	4.3024	-0.0816	
37.040	0.7519	-0.2344	-0.6289	-0.4974	-0.3001	-1.0563	-0.0773	
37.073	-0.1029	0.2259	-0.8262	-0.4974	-0.3988	-0.6289	-0.0803	
37.107	0.7190	-0.0371	-0.5632	-0.3001	-0.5631	-0.8590	-0.0793	
37.140	0.3245	-0.0371	-0.4974	-0.5303	-0.1686	-1.8781	-0.0747	
37.173	0.0615	0.5546	-1.2207	-0.6289	0.1272	4.1709	-0.0776	
37.206	0.7190	0.3574	-1.6480	-0.4974	-0.3001	0.2259	-0.0786	
37.239	1.7381	0.5217	-1.0892	-0.6946	-0.7275	-2.3055	-0.0796	
37.273	-0.1358	0.3245	-1.0234	-0.5631	-0.5960	-0.6946	-0.0816	
37.306	1.8696	-0.1029	-1.6152	-0.3001	-0.5303	-1.8453	-0.0845	
37.339	0.3902	-0.0371	0.7519	-0.5303	-0.3659	-2.3055	-0.0770	
37.374	-0.2015	-0.4317	0.2916	-0.5631	-0.6946	-0.7933	-0.0783	
37.406	0.1272	-0.2344	0.1272	-0.5631	1.3436	-0.3001	-0.0793	
37.440	0.2259	-0.0043	-1.2864	-1.3521	-0.2344	-2.1083	-0.0776	
37.473	0.4560	0.2916	-1.4508	-2.0425	-0.5631	-1.0891	-0.0793	
37.506	0.3574	-0.0700	-0.4317	-0.4974	-0.6289	0.0615	-0.0793	
37.539	0.7847	-0.1358	0.4231	-0.0371	-0.3659	-0.5631	-0.0780	
37.573	0.8834	0.0615	-1.0563	-0.3988	-1.0891	-0.9576	-0.0789	
37.606	0.8176	0.2916	-1.9768	-0.7604	-0.2673	-2.1411	-0.0881	
37.639	0.7190	-0.0371	-3.5548	-0.3659	-0.3988	-0.8590	-0.0868	
37.672	0.3245	0.7519	-1.3522	-0.4316	-0.6618	-0.8261	-0.0822	
37.706	1.3107	-0.2015	-0.3988	-0.4974	-0.7275	-1.0891	-0.0839	
37.738	0.6204	0.2259	-0.4645	-0.4645	-0.6289	-4.3109	-0.0849	
37.772	0.2259	-0.4645	-0.9248	-0.4645	0.2259	-1.8781	-0.0852	
37.807	0.6204	-0.1358	-0.0371	-0.4645	-0.5631	-0.0043	-0.0803	
37.840	0.8176	0.2259	-1.1220	-0.2673	-0.2673	0.6861	-0.0803	
37.873	0.5217	-0.0043	-0.0043	-0.3001	-0.8261	0.2587	-0.0780	
37.907	0.2916	0.4231	-1.7795	-0.3988	-0.0371	-1.1549	-0.0773	
37.940	-0.3002	0.0944	0.0944	-0.7933	-0.3988	-0.4974	-0.0872	
37.973	-0.1029	-0.2015	0.4560	-0.4645	-0.3001	-1.2535	-0.0724	
38.007	-0.3988	0.1930	2.1326	-0.6289	-0.3001	-0.8261	-0.0799	
38.040	-0.3330	0.1272	-0.8590	-0.6289	-0.5303	-0.9576	-0.0901	
38.074	-0.0371	0.2916	-1.8124	1.0149	-0.4316	-1.2864	-0.0747	
38.107	-0.1358	-0.1358	0.3902	-0.5631	-0.4645	-0.2673	-0.0786	
38.140	0.2916	-0.3659	-0.2673	-0.2673	-0.8590	-0.4974	-0.0901	
38.173	0.3902	-0.1358	-1.3850	-0.1358	-0.7604	-0.3988	-0.0763	
38.206	2.1326	0.3574	-2.5685	-0.2673	-0.1029	-1.9439	-0.0750	
38.239	0.3574	-0.0371	-1.0563	-0.4316	-0.6946	-1.5494	-0.0352	
38.272	0.2916	-0.2344	0.3574	-0.8590	-5.1657	-0.6946	-0.0760	
38.306	0.6532	-0.1686	-0.2673	-0.3001	-0.8261	-0.8919	-0.0438	
38.339	0.2916	0.0615	-0.9577	-0.8590	-0.5303	-1.9768	-0.0793	
38.373	0.4889	-0.1358	4.0065	-0.4316	-0.5631	-0.1358	-0.0789	
38.407	0.6532	-0.1358	-0.5303	-0.3330	-0.3001	0.0615	-0.0799	
38.440	1.2450	-0.2015	-1.4837	-0.4316	-0.5631	-0.9576	-0.0839	
38.473	1.2779	0.8834	-1.8782	-0.3001	-0.4316	-1.0234	-0.0842	
38.507	1.0477	-0.1358	-0.1358	-0.5631	-0.1029	-0.6946	-0.0766	
38.540	1.2121	0.5875	-1.7795	-0.0700	-0.4974	-1.1549	-0.0839	
38.573	1.1135	0.2587	0.2587	-0.5631	-0.4316	-0.1686	-0.0826	
38.607	1.3107	0.0286	-0.2344	-0.5303	-0.2344	-0.7933	-0.0796	
38.640	1.2121	-0.2015	-1.6152	-0.3001	-0.4974	-1.0234	-0.0789	
38.673	1.0477	0.2259	-1.6809	-1.3193	-0.4645	-0.7604	-0.0776	
38.707	1.1135	-0.0043	-0.7604	-1.4508	-0.2344	-1.1878	-0.0809	
38.739	0.4560	-0.1358	0.4889	-1.5165	-0.3001	-0.9576	-0.0839	
38.774	0.6532	0.3245	0.2259	-0.4645	-0.3330	-2.0754	-0.0786	
38.807	0.9820	-0.3002	-0.1686	-1.8781	-0.4974	-0.9248	-0.0806	
38.839	0.2916	0.1601	-0.5303	-0.2673	-0.4645	-0.9248	-0.0526	
38.873	0.6204	0.4231	-1.4508	-0.7604	-0.4316	-0.9248	-0.0832	
38.906	0.2587	0.4231	-1.0892	-0.3001	-0.2015	-0.6289	-0.0783	
38.939	0.2916	-0.0700	-0.4645	-0.3988	-0.6946	-1.0563	-0.0835	
38.972	0.4231	-0.5303	-0.1029	-0.3988	-0.7604	-1.2206	-0.0809	
39.005	0.3902	0.1272	-1.9110	-3.7849	-0.5631	-1.6480	-0.0776	
39.039	-0.0700	0.2587	-0.8590	-0.5631	-0.3988	-0.1029	-0.0793	
39.073	0.5217	0.0286	-1.2207	-0.4316	-0.3659	-1.0563	-0.0786	
39.107	0.8505	-0.1029	0.1272	-0.4645	-0.4316	-1.0563	-0.0717	
39.141	1.1792	0.1272	-1.0234	-0.1358	-0.2344	-0.5631	-0.0566	
39.175	1.0477	0.0944	0.0286	-0.5960	-0.3001	-0.0700	-0.0543	
39.207	0.7847	-0.1029	0.0615	-0.3659	-0.7275	-0.3659	-0.0418	
39.241	0.9162	0.1272	-0.7604	-0.3001	-0.3659	-0.3988	-0.0398	
39.274	0.6861	-0.1358	-0.1686	-0.6618	-0.5303	-0.0371	-0.0398	
39.308	0.8176	0.1601	-1.1549	-0.2015	-0.1358	-1.0563	-0.0323	
39.341	0.6861	0.0286	0.8176	-0.4974	-0.5303	-0.3330	-0.0286	
39.374	1.0806	0.3574	-1.7467	-0.4316	-0.1358	-0.8590	-0.0244	
39.407	0.9820	0.2259	-0.9905	-0.4645	-0.1686	-0.8261	-0.0240	
39.441	0.8176	0.4231	-0.3002	-0.5303	-0.0700	-0.7275	-0.0224	
39.475	0.7847	0.0944	-0.0371	-0.3659	-0.2015	-0.8919	-0.0214	
39.508	1.0477	0.0286	-0.9577	-0.2015	-0.4316	-1.1878	-0.0168	
39.541	1.0477	0.1601	-0.4317	-0.5631	-0.1686	-0.2673	-0.0191	
39.574	1.2779	0.2259	-0.9248	-0.3001	-0.5303	-1.1220	-0.0188	
39.607	1.4422	0.1272	0.9820	-0.4645	-0.3001	-0.3330	-0.0191	
39.641	1.3765	0.3574	-0.7275	-0.3001	-0.3001	-0.5960	-0.0185	
39.674	1.3107	0.2587	-0.5632	-0.3330	-0.3330	-1.0563	-0.0198	
39.708	1.4422	-0.2673	0.2916	-0.1358	-0.6618	0.6532	-0.0201	
39.740	1.4751	0.2259	-1.9768	-0.3659	-0.3988	-1.2864	-0.0178	
39.774	1.5080	-0.0371	-0.0043	-0.3330	-0.2673	-0.3001	-0.0188	
39.808	1.7381	0.4231	-1.1549	-0.3659	0.0615	-0.8919	-0.0158	
39.840	1.4422	-0.0700	-0.4974	-0.1029	-0.5303	-1.1878	-0.0188	
39.873	1.3765	-0.3002	0.1272	-0.3659	-0.4316	0.0944	-0.0139	
39.908	1.3436	-0.1358	-0.4645	-0.6618	-0.6946	-0.6946	-0.0188	
39.940	1.6066	0.0615	-0.8590	-0.4316	-0.3659	-1.3521	-0.0263	
39.974	1.4094	-0.2344	-0.1686	-0.1358	-0.9576	-0.7933	-0.0145	
40.008	0.6861	0.2916	0.5217	-0.4316	-0.5303	-0.0700	-0.0142	
40.041	0.7519	0.3245	0.1930	-0.5631	-0.0700	-0.1358	-0.0135	
40.044	2.2312	-0.2015	0.5217	-0.1686	-0.4316	-1.0891	-0.0181	
40.045	0.9162	0.2587	0.1272	-0.1686	0.1272	-1.0234	-0.0155	
40.048	1.0806	0.6532	-0.6618	-0.1686	0.5217	2.1984	-0.0102	
40.049	0.7519	-0.0371	0.8176	-0.2673	0.2259	0.2259	-0.0162	
40.051	0.9162	0.2916	-1.5165	0.5217	-0.6289	-0.4316	-0.0168	
40.053	1.3436	-0.8262	0.6861	-0.8919	0.1930	-2.6671	-0.0168	
40.055	0.2259	0.3245	-1.7138	-0.7604	-0.4316	3.8421	-0.0112	
40.075	1.0477	-0.1358	0.3574	-0.0371	-0.8590	-0.3001	-0.0178	
40.077	1.1792	0.1272	0.0944	-0.8919	0.2259	-0.4316	-0.0155	
40.079	1.4094	-0.2673	1.1135	1.2450	0.1601	-0.0371	-0.0125	
40.080	1.3436	0.4231	0.3245	0.1930	0.2259	0.1272	-0.0162	
40.082	0.6861	0.5875	-0.1029	-0.3001	0.2259	-1.5165	-0.0135	
40.084	0.8505	-0.0043	1.2779	-0.3659	-0.3330	0.5217	-0.0135	
40.085	0.9162	-0.4317	1.3107	-0.8261	0.0615	-1.9768	-0.0372	
40.087	0.4889	0.5546	-3.4562	-0.4645	-0.3330	-2.1411	-0.0175	
40.109	0.8176	-0.0043	-0.0043	-0.0700	-0.4974	0.0944	-0.0148	
40.111	0.6532	0.3574	-0.1029	0.0944	-0.2015	0.7190	-0.0139	
40.125	0.9491	0.4889	-1.4508	-0.5631	0.0944	-1.6151	-0.0129	
40.157	0.5546	-0.1029	-1.1549	-0.4645	-0.1029	-0.9248	-0.0142	
40.191	0.6532	0.3902	-0.8262	-0.2344	0.1272	-1.2206	-0.0178	
40.224	0.2916	0.2259	-0.4645	-0.4316	-0.3659	-0.6289	-0.0148	
40.258	0.4231	0.1272	0.1601	-0.3659	-0.1029	0.2916	-0.0139	
40.291	0.5875	0.0615	-0.8590	-0.1029	-0.1686	-0.7604	-0.0139	
40.325	-0.0043	0.4889	-0.6618	-0.3001	0.1930	-0.8590	-0.0115	
40.359	0.0286	0.4231	-0.3002	-0.3001	0.1272	-0.6289	-0.0155	
40.392	0.0286	0.1272	0.7847	-0.4974	-0.2344	0.4231	-0.0152	
40.425	0.2587	0.1272	0.8505	-0.2015	-0.4316	0.3574	-0.0155	
40.459	0.4889	0.7190	-1.1220	-0.0700	-0.1686	-0.2344	-0.0139	
40.492	1.1792	-0.1029	-0.8590	0.4231	-0.3988	0.1930	-0.0155	
40.526	0.5875	0.7190	-0.8262	0.2916	0.1272	-0.0371	-0.0135	
40.558	0.9162	-0.2673	0.4889	-0.1686	-0.2344	0.1272	-0.0139	
40.590	0.8834	-0.0700	0.3245	-0.4316	-0.4316	0.1930	-0.0158	
40.624	0.9491	0.1930	-0.8262	-0.8261	-0.0371	-0.7275	-0.0135	
40.657	0.7190	0.1930	0.0286	-0.6946	-0.3330	-1.6809	-0.0155	
40.691	0.5875	0.3574	-1.0892	-0.5303	-0.5960	-1.2864	-0.0132	
40.724	0.6532	0.5217	-1.2535	-0.5303	-0.4974	-1.2864	-0.0132	
40.758	1.2121	0.2587	-2.0425	-0.1358	-0.0700	-0.8919	-0.0168	
40.791	0.8834	0.0944	0.2916	-0.2673	-0.3659	0.1601	-0.0145	
40.825	0.8505	0.5217	0.2916	-0.5631	0.0286	-0.2015	-0.0139	
40.858	0.7519	0.3902	0.1930	-0.3001	-0.0043	-0.2673	-0.0096	
40.891	0.6532	0.2259	0.5217	-0.3659	-0.2015	-0.0371	-0.0162	
40.925	0.6532	0.4560	-0.5303	-0.4316	0.2916	0.1601	-0.0145	
40.958	0.9491	0.4560	-1.1549	-0.2015	0.0944	-0.7604	-0.0181	
40.960	1.0477	0.3902	-0.0371	-0.2015	0.0944	0.3245	-0.0079	
40.962	1.3107	0.7847	-1.2864	0.1930	3.3819	-0.6946	-0.0165	
40.965	1.1464	0.0944	-0.6947	0.0286	-0.2015	0.3902	-0.0148	
40.995	0.7190	0.3902	0.8834	0.0615	-0.0043	0.8834	-0.0296	
41.026	0.7519	0.2587	0.1601	-0.8590	0.2259	-0.6289	-0.0129	
41.059	0.8834	0.0286	0.3245	-0.1686	-0.1686	0.7190	-0.0194	
41.090	0.1930	0.1272	-0.1029	-0.5303	-0.2344	-1.1878	-0.0283	
41.124	-0.0371	-0.2673	-0.2015	-0.2344	-0.6946	0.8834	-0.0155	
41.158	0.1272	0.1272	-0.4317	-0.0700	-0.2344	-0.8919	-0.0122	
41.191	-0.3659	0.3902	-0.5960	-0.4645	-0.2673	-0.7275	-0.0158	
41.223	-0.1686	0.3245	-0.0700	-0.4645	-0.4974	-1.1220	-0.0115	
41.255	-0.2673	-1.2864	0.8505	-0.9248	-0.2673	-0.1029	-0.0148	
41.288	0.2259	-0.3330	-1.0892	0.3902	-0.7933	-1.5494	-0.0329	
41.323	-0.0371	-0.2344	0.3902	-0.3659	-0.5631	-0.5631	-0.0434	
41.356	-0.0700	0.1930	-1.7138	-0.3330	-0.3001	2.2312	-0.0388	
41.389	-0.1029	0.1272	-0.5632	-0.3988	-0.5631	-0.9905	-0.0434	
41.423	-0.3002	0.0286	-0.1029	-0.6289	-0.2673	-0.5303	-0.0405	
41.455	-0.2344	-0.7275	-0.4317	-0.7275	-0.2015	0.2916	-0.0441	
41.488	-0.3659	0.6861	-2.1083	0.3902	-0.2673	-1.3850	-0.0471	
41.521	-0.0371	0.5546	-1.6809	-0.7275	-0.3659	-2.1740	-0.0434	
41.555	0.6204	0.0944	-1.7795	-0.4645	-0.6618	-1.2206	-0.0441	
41.589	-0.3988	0.2259	-0.7604	-0.8261	0.0615	-2.1083	-0.0444	
41.621	-0.4974	0.1601	-1.2207	-0.7275	-0.6289	-4.3767	-0.0471	
41.623	0.1272	0.1272	0.4231	0.0286	-0.1358	-0.3001	-0.0454	
41.655	-0.0371	0.1930	-1.6152	-0.4316	-0.2673	-1.5165	-0.0789	
41.689	0.1272	-0.2673	-0.1686	0.1930	-0.5960	-1.0563	-0.0500	
41.722	0.6204	-0.2344	-0.3988	-0.3330	-0.6618	-0.7604	-0.0497	
41.756	-0.1686	0.0944	0.0615	-0.2673	-0.6946	-0.6618	-0.0451	
41.789	-0.3330	-0.0371	0.9162	-0.6289	-0.1358	-3.1274	-0.0494	
41.822	-0.0371	-0.0700	0.0615	-0.6289	-0.4645	-0.1358	-0.0599	
41.856	-0.6947	0.0615	0.2916	-0.8261	-0.0371	-0.4645	-0.0477	
41.889	-0.2673	-0.1029	0.0944	-0.5631	-0.5631	-0.1686	-0.0480	
41.922	-0.1686	-0.2673	1.8039	-0.8919	-0.4316	-0.1358	-0.0490	
41.956	-0.1358	0.1930	-0.4974	-0.4974	-0.4974	-1.4179	-0.0510	
41.989	-0.1029	-0.3659	1.5737	-0.5631	-0.4316	-0.3659	-0.0523	
42.022	-0.3988	0.1930	-1.1549	-0.4974	0.0286	-1.8124	-0.0543	
42.056	0.1272	-0.0700	-1.2207	-0.1358	-0.4974	-1.6151	-0.0546	
42.089	-0.2673	0.5546	-2.7329	-0.6289	-0.1029	-1.7138	-0.0549	
42.122	-0.1358	0.3574	-2.2727	-1.2206	-0.3330	-1.7795	-0.0533	
42.156	0.0286	-0.3659	0.4889	1.2779	-0.7933	-0.1029	-0.0556	
42.189	-0.2344	0.4231	-1.9768	-0.5960	-0.0043	-1.7466	-0.0533	
42.222	-0.3659	0.4231	-0.7604	0.6532	-0.1686	-1.0234	-0.0559	
42.255	0.4560	-0.1029	-1.7138	-0.1358	-0.8261	-1.4836	-0.0569	
42.290	-0.6289	0.0944	-0.5632	-0.5631	-0.1358	-0.2015	-0.0549	
42.323	-0.1029	-0.1358	-0.1029	-0.4974	-0.3330	-1.1549	-0.0553	
42.357	-0.0371	0.1272	-1.4837	-0.2673	-0.3330	-1.8124	-0.0559	
42.389	0.1601	-0.2344	-1.1878	-0.3659	-0.8261	-1.4836	-0.0875	
42.422	0.1601	1.8696	-2.1083	-0.1686	-0.4974	-1.1878	-0.0530	
42.456	-0.0043	-0.2344	0.4889	-0.4974	-0.8261	-0.0043	-0.0543	
42.489	-0.1358	-0.0371	-3.6205	-0.0371	-0.7275	-0.2673	-0.0674	
42.491	0.1272	0.1601	-2.4370	-0.3330	-0.0371	-1.6480	-0.0566	
42.493	0.0944	0.1272	0.8176	-1.3521	0.0944	0.5217	-0.0513	
42.495	-0.1358	0.6532	-0.5632	-0.1358	0.0944	0.8834	-0.0618	
42.496	0.1601	0.2587	0.3574	-0.2015	0.6861	0.2587	-0.0546	
42.525	0.0944	0.4560	-0.8919	-0.3330	0.0615	1.4094	-0.0553	
42.556	-0.4317	0.4231	-0.6289	-0.7933	-0.0700	-1.2206	-0.0540	
42.589	0.0615	-0.2344	-0.3659	-0.5960	-0.1358	-1.8453	-0.0546	
42.622	0.0944	0.1272	-0.8919	-0.3001	-0.1686	-1.8124	-0.0549	
42.656	-0.1358	0.1272	-0.3659	-0.3001	-1.4508	-0.7275	-0.0572	
42.689	0.0615	-0.1686	-0.8262	-0.3988	-0.4316	-1.3521	-0.0858	
42.722	-0.2015	0.1272	-1.4508	-0.3001	-0.2673	0.0944	-0.0618	
42.756	0.0615	-0.1686	-0.5303	-0.3659	-0.4316	-2.7658	-0.0549	
42.789	-0.4645	0.6532	-1.2864	-0.5303	-0.1029	-2.4370	-0.0553	
42.822	-0.2015	-0.2015	0.5875	-0.8261	-0.3659	-1.0891	-0.0382	
42.856	-0.3002	0.1601	-0.2673	-0.7604	-0.1029	-0.4316	-0.0572	
42.889	-0.3659	0.2916	-0.7604	-0.4316	-0.5303	-0.6946	-0.0618	
42.922	-0.3330	0.3245	-0.4317	-0.7604	0.0286	1.5737	-0.0602	
42.956	-0.2673	-0.0700	0.2259	-0.6946	-0.3001	-1.3193	-0.0365	
42.989	0.1930	-0.0371	-1.0563	-0.4645	-0.3330	-1.1220	-0.0872	
43.023	-1.3193	0.4231	-0.6947	-0.5631	0.3245	-0.8919	-0.0605	
43.056	-0.1358	-0.0371	-2.2069	-0.2673	-0.3001	-1.5165	-0.0589	
43.089	0.0615	-0.3988	-1.6152	-0.0043	-0.7933	-0.4316	-0.0638	
43.122	-0.0700	0.3902	-2.0097	-0.4316	-0.1358	-1.6480	-0.0589	
43.155	-0.0371	-0.2673	-0.4317	-0.3988	1.0149	-0.6946	-0.0605	
43.189	-0.5303	-0.0371	0.0944	-0.6289	-0.3001	-1.0234	-0.0595	
43.222	-0.3659	-0.1358	0.1272	-0.7604	-4.2123	-0.7933	-0.0602	
43.255	0.1601	0.1601	1.4094	-0.2015	-0.3659	-1.9110	-0.0444	
43.289	-0.0371	-0.2015	0.0944	-0.3330	-0.6946	-0.1686	-0.0300	
43.322	-0.0371	0.0944	-0.4645	-0.6946	-0.4974	-0.3988	-0.0753	
43.356	-0.0371	-0.2015	0.1930	-0.4974	-0.5960	-0.5960	-0.0592	
43.390	-0.1029	0.2587	-1.1878	-0.2015	-0.3659	-0.3001	-0.0576	
43.422	-0.1029	0.5546	-2.2727	-0.3988	-0.1358	-2.1411	-0.0612	
43.456	-0.0043	-0.1686	-0.0700	-0.1029	-0.8261	-0.5631	-0.0645	
43.489	-0.1358	-0.2015	0.1601	0.2587	-0.5960	-0.1029	-0.0602	
43.521	-0.1029	-0.3330	2.4614	-0.3988	-0.7275	-0.4316	-0.0572	
43.555	-0.2015	0.2259	-1.5494	-0.6618	-0.1029	-1.8453	-0.0579	
43.588	0.0615	0.0286	-1.0234	-0.5960	0.3902	-1.3850	-0.0618	
43.621	-0.8262	-0.3988	0.5875	-0.5960	-0.3001	-0.9576	-0.0628	
43.655	-0.0700	-0.1686	-1.4508	-0.3001	-0.9248	-1.4836	-0.0635	
43.689	-0.0371	0.0615	0.5546	-0.5303	-0.5631	-0.5303	-0.0622	
43.723	0.1930	0.0286	-1.5494	-0.3988	-0.3988	-1.1878	-0.0589	
43.757	-0.1358	0.2916	-0.8919	-0.5303	-0.0043	-0.7275	-0.0572	
43.791	-0.0700	0.0615	1.0806	-0.2015	-0.4316	0.2259	-0.0444	
43.824	-0.0043	0.4560	-0.5960	-0.3330	0.0286	-0.5960	-0.0405	
43.858	0.2259	0.2259	-0.9248	0.0286	-0.1029	0.2259	-0.0362	
43.891	-0.1686	0.2259	0.7190	-0.4645	-0.1358	-0.2673	-0.0319	
43.925	-0.0700	0.6204	-0.8262	-0.3001	0.0286	-1.0234	-0.0267	
43.958	0.1930	0.3574	-1.5494	-0.1358	-0.1029	-0.6946	-0.0260	
43.991	0.2259	0.3574	-1.4179	-0.1358	0.0615	0.0944	-0.0237	
44.025	0.3574	0.0615	-0.9905	0.0615	0.0286	-0.1358	-0.0237	
44.058	0.2587	-0.0371	-0.1686	-0.1686	0.0615	-0.0043	-0.0204	
44.091	-0.0700	0.2587	0.3902	-0.3659	-0.0371	0.2587	-0.0198	
44.125	-0.0043	0.5875	-1.0563	-0.3988	0.4231	-0.5960	-0.0188	
44.157	0.0286	0.1272	-0.6289	-0.4974	-0.2673	-1.4836	-0.0188	
44.191	0.0286	-0.2015	0.8834	-0.3001	-0.5631	0.1272	-0.0165	
44.224	0.0615	0.4231	-1.4508	-0.3001	0.1272	-0.9248	0.0009	
44.257	0.1601	-0.0371	-0.3330	-0.4974	-0.3659	0.2259	-0.0188	
44.291	0.2259	-0.1358	-0.4317	0.0286	-0.2673	0.0615	-0.0158	
44.324	0.1272	-0.2344	0.6204	-0.2344	-0.5960	0.4889	-0.0155	
44.358	0.0615	0.0286	-0.1686	-0.2015	-0.2344	-0.4645	-0.0148	
44.391	0.3245	-0.0043	-1.2864	-0.0371	-0.2344	-0.3659	-0.0168	
44.424	-0.2015	0.0286	0.8505	-0.4316	-0.2673	-0.0043	-0.0132	
44.458	0.1930	-0.0700	-0.1686	-0.0371	-0.0700	-0.2015	-0.0162	
44.492	0.4889	-0.5303	0.9491	-0.0043	-0.4316	2.8559	-0.0162	
44.525	0.0286	0.0944	0.7519	-0.3988	0.0944	1.1464	-0.0152	
44.558	-0.0043	0.2587	-0.1358	-0.2344	0.0615	0.1601	-0.0132	
44.590	0.0615	0.4889	-1.8124	-0.6289	0.0615	-1.2206	-0.0139	
44.624	0.1601	0.1930	-0.3988	-0.2673	-0.0371	-0.2673	-0.0148	
44.658	0.1272	0.3574	-0.8919	-0.1358	-0.1029	-0.9905	-0.0129	
44.691	-0.1029	0.2916	-0.0700	-0.2015	-0.1358	-0.3001	-0.0142	
44.724	0.0286	0.1601	0.1601	-0.3988	-0.1029	0.6204	-0.0139	
44.758	-0.1686	0.3902	0.0286	-0.1686	-0.0371	-0.2015	-0.0145	
44.791	-0.0043	-0.0700	0.7519	-0.2673	-0.3001	0.2916	-0.0139	
44.824	0.0286	0.3245	-0.7275	-0.3001	0.0286	-0.3988	-0.0132	
44.858	0.0286	-0.1358	0.8834	-0.2673	-0.2344	0.6204	-0.0168	
44.891	0.2916	0.1601	-0.8590	-0.1358	0.0615	-1.9768	-0.0148	
44.924	0.2916	0.0286	-0.2344	-0.0700	-0.4316	-0.6289	-0.0125	
44.958	0.6204	-0.1029	0.0615	-0.0043	-0.4974	0.4231	-0.0119	
44.991	0.6532	-0.0043	-0.2673	-0.2015	-0.2673	-0.5631	-0.0162	
45.024	0.3245	0.1601	0.8505	-0.3988	-0.2673	0.5217	-0.0168	
45.057	0.5875	0.0944	-0.6947	-0.2344	-0.0043	-0.8919	-0.0135	
45.091	0.6532	0.1272	-0.4974	-0.2344	-0.1686	-0.4974	-0.0122	
45.124	0.4231	0.1272	0.3245	-0.3330	-0.2015	0.3245	-0.0145	
45.157	0.4560	0.3245	-0.2015	-0.2015	-0.2344	-0.3659	-0.0162	
45.191	0.6532	0.3574	-0.6618	-0.2673	0.3574	-1.1220	-0.0069	
45.224	0.8176	0.2916	-1.4508	-0.0700	0.5875	-0.5303	-0.0115	
45.257	0.8834	0.1601	-0.7933	-0.3330	-0.3330	-0.4645	-0.0162	
45.291	0.4231	0.0286	0.6204	-0.2015	-0.3659	0.2259	-0.0040	
45.325	0.4889	0.3902	-0.2344	-0.3330	-0.0043	-1.1220	-0.0119	
45.357	0.6204	0.0944	-0.4974	-0.3988	-0.1686	-0.4316	-0.0569	
45.391	0.3245	0.0286	0.5875	-0.4316	0.1272	-0.1029	-0.0139	
45.425	0.7847	0.0944	0.0615	-0.5631	-0.1029	0.4889	-0.0148	
45.457	0.4889	0.3574	-0.1029	-0.5631	0.0944	-0.2344	-0.0112	
45.491	0.2587	0.2259	0.6204	-0.3330	-0.4316	0.4560	-0.0165	
45.524	0.2587	0.0615	0.1272	-0.2344	-0.3988	0.1272	-0.0122	
45.557	0.4889	-0.1358	0.0615	-0.6946	-0.2015	-0.3659	-0.0162	
45.590	0.5546	0.0286	-0.0371	-0.3988	-0.3330	-0.0371	-0.0142	
45.624	0.4889	-0.1029	0.4560	-0.3659	-0.1686	0.0944	-0.0162	
45.657	0.4231	0.2916	0.3245	-0.5303	-0.2673	0.2916	-0.0139	
45.693	0.9162	0.8505	0.4560	-0.3001	1.4094	-0.8590	-0.0119	
45.723	0.4889	0.2259	-0.2673	-0.5960	0.0615	-0.0700	-0.0109	
45.757	0.2916	0.2259	0.4560	-0.8261	-0.1029	0.1601	-0.0112	
45.791	0.5875	0.2916	-0.7933	-0.3659	0.0286	-0.7604	-0.0109	
45.824	0.8505	0.3902	-1.4179	-0.2015	-0.0043	-0.8261	-0.0148	
45.858	0.4231	0.6861	-0.8262	-0.3001	0.5546	-1.1220	-0.0102	
45.891	0.6861	-0.0700	0.5875	-0.0043	-0.3659	1.6066	-0.0162	
45.924	0.7190	0.1601	-0.7933	-0.1358	-0.2015	0.0615	-0.0208	
45.957	0.7847	0.4889	-1.7467	-0.1686	0.0944	-1.0891	-0.0148	
45.991	0.7847	-0.0043	-0.1686	-0.1686	-0.1686	-0.2015	-0.0135	
46.025	1.0806	0.1272	-0.6947	0.1272	-0.0700	0.7847	-0.0125	
46.057	0.6204	0.2259	-0.3988	-0.3001	-0.0700	-0.0700	-0.0152	
46.091	0.4889	0.0944	0.0286	-0.1358	-0.1029	-0.0371	-0.0132	
46.124	0.6532	-0.0043	-0.1686	0.0944	-0.9905	-0.6618	-0.0168	
46.157	0.2259	0.1601	1.2779	-0.1686	-0.3001	0.2916	-0.0109	
46.191	0.6861	-0.1029	-0.4317	0.0286	-0.0043	-0.2344	-0.0175	
46.224	0.4560	0.3245	0.9162	-0.3659	-0.2673	0.2916	-0.0106	
46.258	0.7847	-0.1358	0.0944	-0.2015	-0.3330	-0.2344	-0.0063	
46.291	0.6532	-0.2673	1.2121	-0.1358	-0.3988	0.7847	-0.0158	
46.325	0.5217	0.1601	0.2259	0.0615	-0.0700	-0.2344	-0.0162	
46.358	0.6532	0.1272	1.0806	-0.7933	0.2587	0.3245	-0.0099	
46.391	0.5217	-0.2015	0.4231	-0.0371	-0.4316	0.4231	-0.0158	
46.425	0.0286	0.4231	-0.5960	0.1272	0.2587	-0.7275	-0.0109	
46.458	0.4231	0.6532	-0.8919	-0.1686	0.1930	-0.8261	-0.0152	
46.491	0.5875	-0.2015	1.4094	-0.1686	-0.3330	0.5546	-0.0286	
46.524	0.4560	0.0944	-0.0043	-0.0371	-0.3001	-0.0043	-0.0152	
46.558	0.8505	0.2587	-0.9905	0.1272	-0.0700	-0.2344	-0.0122	
46.591	0.9820	0.3245	-1.0892	-0.2673	0.1601	-0.7933	-0.0132	
46.624	1.1135	0.3574	-0.6618	0.1272	-0.1686	-0.5303	-0.0382	
46.658	0.8176	0.3574	-0.9577	0.3245	-0.1029	0.0615	-0.0145	
46.691	0.5217	0.2259	0.0615	-0.3988	-0.0371	-0.2344	-0.0129	
46.725	0.0286	0.2259	-0.3988	-0.2344	0.1601	0.1930	-0.0122	
46.757	0.5546	0.3245	-0.8262	0.2587	0.0615	-0.7604	-0.0148	
46.791	0.4231	0.4231	-0.1358	-0.5960	0.2259	-0.0043	-0.0257	
46.824	0.6532	0.3902	-1.2535	-0.5303	0.1601	-1.5823	-0.0112	
46.857	0.4889	0.0944	1.1464	-0.1686	-0.0700	0.4889	-0.0168	
46.890	0.5875	0.5875	-1.4179	-0.3988	0.2587	-0.4316	-0.0096	
46.924	0.3574	0.3245	0.1930	-0.3988	-0.0371	-0.3001	-0.0076	
46.957	0.7519	-0.1358	0.3902	-0.0371	-0.3988	0.1930	-0.0145	
46.990	0.9491	0.1272	-0.2673	-0.4974	-0.1358	0.0615	-0.0109	
47.024	0.9491	0.1272	-0.9577	0.3574	-0.1686	0.3574	-0.0139	
47.058	0.6532	0.1930	-0.5632	-0.2015	0.1272	1.5080	-0.0139	
47.090	0.7190	0.2916	-1.2207	-0.1686	-0.0043	-1.6480	-0.0122	
47.124	0.4231	0.2916	0.0286	-0.6618	-0.4316	-0.1029	-0.0168	
47.158	0.3245	0.6532	-0.5303	-0.4316	0.2916	-0.3001	-0.0099	
47.191	0.6204	0.0286	0.2916	-0.0371	0.0615	0.1601	-0.0106	
47.224	0.3902	0.1272	-0.3659	-0.0043	-0.1358	-0.3330	-0.0142	
47.258	0.5875	0.3574	-0.0371	-0.3659	0.1601	0.2916	-0.0125	
47.290	0.4560	0.4231	-0.4317	-0.2344	0.0944	-0.4974	-0.0112	
47.324	0.4231	0.1930	-0.3988	-0.3001	0.0615	0.1930	-0.0119	
47.357	0.9820	-0.1358	0.1930	0.1930	-0.0700	0.4889	-0.0109	
47.391	0.9820	0.4231	-1.0234	0.1930	-0.1029	-0.1686	-0.0129	
47.424	0.8834	0.1272	-0.8590	0.1930	-0.1029	-0.0700	-0.0106	
47.457	0.8505	0.2587	-1.6809	-0.0043	0.0944	-1.4179	-0.0129	
47.490	0.6861	-0.0371	-0.0700	-0.5631	-0.5631	0.2259	-0.0152	
47.523	0.5875	0.3902	-1.0563	-0.5303	0.0615	-0.6289	-0.0125	
47.557	0.7190	-0.1358	0.9491	-0.3001	-0.3330	0.8505	-0.0155	
47.590	0.6204	0.1272	0.6861	-0.4316	-0.1686	0.3574	-0.0162	
47.624	0.6204	0.4231	-1.2207	-0.2344	-0.0043	-0.3988	-0.0145	
47.657	0.4889	0.2916	-0.3988	-0.6946	0.0286	-0.6618	-0.0142	
47.690	0.4231	0.4231	-0.1358	-0.7275	0.0944	-0.2015	-0.0155	
47.723	0.3245	-0.0371	-0.5303	-0.5631	-0.1686	-0.0371	-0.0125	
47.757	0.6532	0.4560	-0.6618	-0.3001	-0.2673	-0.9576	-0.0125	
47.791	0.3902	0.3574	0.3902	-0.3330	-0.0043	0.0944	-0.0145	
47.824	0.8176	0.6861	-0.7275	0.3245	-0.3988	0.1601	-0.0125	
47.858	0.9491	-0.0700	0.8834	0.0286	0.4560	-0.5303	-0.0033	
47.891	0.3574	0.0944	0.1930	-1.4508	-0.0043	-0.2015	-0.0132	
47.924	0.3902	0.3574	-0.3330	-0.1686	-0.0371	-0.4645	-0.0119	
47.958	0.1601	0.2587	0.8505	-0.4316	0.2587	-0.0700	0.0121	
47.991	0.6204	0.4889	-1.4179	-0.0043	-0.3001	-0.1686	-0.0122	
48.024	0.6861	-0.0700	-0.6289	0.2259	-0.3988	0.2916	-0.0155	
48.058	0.5546	0.0286	1.1464	-0.3001	0.2259	-0.2015	-0.0119	
48.091	-0.0043	1.3107	-0.2673	-0.3001	0.3245	-0.8919	-0.0155	
48.124	0.2259	0.4889	-1.4179	0.0286	0.0286	-0.3988	-0.0096	
48.157	0.3574	-0.3330	0.5217	-0.2015	-0.0371	0.6204	-0.0096	
48.190	0.3574	0.1601	-0.2673	-0.1358	0.0286	0.2259	-0.0139	
48.224	0.0286	0.0944	0.7519	-0.4974	0.4560	-1.0891	-0.0129	
48.257	0.0944	0.8834	-1.2864	-0.0043	-0.1029	-0.6289	-0.0139	
48.290	0.0286	0.2259	-0.0043	-0.1686	0.0944	0.4231	-0.0109	
48.324	0.0615	-0.2344	1.3107	0.2259	-0.2673	0.7847	-0.0175	
48.357	-0.1358	0.1930	1.0806	-0.2344	0.1601	0.2587	-0.0106	
48.390	0.2587	0.0286	-0.4317	0.2259	-0.6289	0.4889	-0.0185	
48.392	-0.3988	0.5875	-0.8919	0.6861	0.2259	-0.0043	0.0739	
48.394	0.5875	-0.8919	0.1601	0.3245	0.1601	0.6861	-0.0162	
48.396	0.1930	0.5546	-0.9577	-0.1029	0.5217	-1.5165	-0.0155	
48.397	-0.0043	0.6861	-0.9905	-0.1029	0.3245	-0.2673	-0.0129	
48.399	-0.1029	-0.1686	0.7847	-0.3330	-0.4316	0.2587	-0.0132	
48.400	0.1272	-0.3002	0.6861	-0.8919	0.0615	-2.3055	-0.0158	
48.402	-0.0700	-0.2673	-1.0892	-1.0563	-0.2673	-2.5356	-0.0336	
48.404	0.0944	-0.2344	0.3902	-0.5631	-0.6618	-2.3384	-0.0129	
48.405	0.2259	-0.0371	-1.5823	-0.1029	-0.4645	-1.3193	-0.0076	
48.407	0.1930	-0.1029	0.4231	-0.3659	-0.3659	0.6204	-0.0129	
48.408	-0.0371	0.3245	-1.0234	0.3574	-0.5303	1.6395	-0.0112	
48.410	0.8834	-0.3002	1.2450	-0.3001	0.1930	0.2587	-0.0655	
48.412	1.4422	0.1601	-0.8590	0.7519	-0.2673	0.2916	-0.0165	
48.413	0.0615	0.4889	-0.3988	-1.0234	-0.0371	0.7847	-0.0155	
48.414	0.2259	0.2916	-1.5494	-0.3988	-0.1686	-0.8590	-0.0119	
48.416	-0.3659	0.1930	-0.2344	-0.4316	0.0615	-1.5823	-0.0145	
48.417	0.0286	0.0615	-1.2535	-0.5631	-0.4316	-1.2206	-0.0217	
48.419	0.1272	-0.1686	-0.8262	-0.4316	-0.2344	-2.0754	-0.0145	
48.421	-0.1029	-0.1686	-1.0234	-1.3193	-0.7275	-1.2864	-0.0171	
48.422	-0.0043	0.1930	-1.4837	-0.4645	-0.2015	-2.1740	-0.0145	
48.436	-0.0043	0.4560	-3.1932	-0.4645	-0.4645	0.7847	-0.0142	
48.465	0.1930	0.2587	-1.6152	-0.1029	-0.1029	-0.8919	-0.0112	
48.495	0.8834	-0.2344	1.3436	-0.3001	0.2587	0.6861	-0.0135	
48.525	0.5546	-0.1686	1.1135	-0.4974	0.8176	-1.3193	-0.0106	
48.558	0.2259	0.0286	0.3574	-0.3988	0.3245	-0.4974	-0.0115	
48.588	0.1601	-0.4317	-0.2673	-0.1686	-0.5303	-0.7275	-0.0155	
48.622	0.5217	-0.1029	-0.2344	-0.5303	-0.7933	0.2587	-0.0162	
48.655	-0.0043	-0.0043	-0.3988	-0.1686	-0.5303	-0.2015	-0.0267	
48.688	0.0615	0.0615	-1.1220	-0.3988	-0.1358	-0.8590	-0.0303	
48.721	-0.2673	0.3574	-0.9248	-0.5631	-0.3659	-0.8261	-0.0365	
48.756	0.1930	-0.0043	-0.4645	-0.0700	-0.3330	-0.9905	-0.0329	
48.788	-0.1029	-0.3002	0.2916	-0.1358	-0.6618	-0.1686	-0.0402	
48.821	0.2587	0.0615	-1.0892	-0.4316	-0.3988	-0.5960	-0.0425	
48.855	0.0615	0.1930	-0.5960	-0.4316	-0.3001	-0.5631	-0.0408	
48.889	-0.3002	0.3574	-0.1686	-0.4316	-0.3001	-0.6946	-0.0411	
48.922	-0.0700	0.1272	-0.9248	-0.2673	-0.6618	-0.6289	-0.0448	
48.955	-0.0371	-0.2344	0.6532	-0.6946	-0.4974	0.1272	-0.0471	
48.988	-0.1358	0.1601	-0.9577	-0.6946	-0.0043	-1.2206	-0.0444	
49.021	0.1601	1.2450	-0.9248	-0.3659	-0.4974	-0.2673	-0.0477	
49.023	0.0286	0.2916	-0.3330	-0.3988	0.1930	-0.0700	-0.0474	
49.055	-0.1029	-0.1029	-0.6947	-0.5631	-0.1029	-1.2864	-0.0480	
49.088	0.0944	-0.0700	-1.0563	-0.1029	-0.6946	-0.8590	-0.0533	
49.121	-0.3330	0.4889	-0.6289	0.1930	-0.0371	-1.1878	-0.0500	
49.155	-0.0700	0.4231	-1.0892	-0.4974	-0.1686	-1.1549	-0.0513	
49.188	0.1272	-0.3330	-0.3659	-0.2015	-0.5631	-0.9248	-0.0500	
49.221	-0.3002	0.4560	-0.8590	-0.5631	-0.5631	-1.1220	-0.0494	
49.256	0.3902	-0.1029	-0.0043	-0.2673	-0.4645	0.1930	-0.0510	
49.288	-0.4317	0.5217	-0.5632	-0.6618	-0.4316	-1.0891	-0.0530	
49.322	0.0286	0.2587	-0.0700	-0.5960	-0.1358	-0.5303	-0.0490	
49.355	0.2259	0.1601	-0.8919	-0.2673	0.0286	-1.4836	-0.0517	
49.389	0.0615	0.0944	0.6861	-0.6289	-0.2015	0.3245	-0.0503	
49.421	-0.0371	-0.0371	0.0286	-0.5631	-0.0043	-1.5823	-0.0520	
49.423	0.1930	0.0944	1.4751	-0.4645	0.1272	2.1984	-0.0484	
49.454	-0.0371	-0.1029	0.5546	-0.5631	-0.5631	-0.7604	-0.0510	
49.488	0.6204	-0.1358	-0.0700	-0.3988	-0.3988	-0.3001	-0.0507	
49.521	0.6532	-0.0043	-0.3659	-0.5303	-0.1686	-1.3521	-0.0553	
49.523	-0.0043	0.4560	0.1272	-0.2015	0.1601	-0.5303	-0.0563	
49.545	0.8834	0.4889	-0.7275	-0.1029	0.1601	0.3245	-0.0556	
49.576	0.3574	0.7847	-2.8644	0.4231	-0.2344	1.0806	-0.0536	
49.605	0.3245	0.0615	-0.9248	-0.2015	-0.4974	-0.2015	-0.0592	
49.638	0.3245	0.4889	-1.0892	-0.5631	-0.0371	-0.9576	-0.0530	
49.671	-0.0371	0.0944	0.3902	-0.5960	-0.3659	-0.6946	-0.0549	
49.705	0.4231	-0.3002	0.1930	-0.3330	-0.5631	-0.4316	-0.0566	
49.738	0.0944	0.0286	-0.1358	-0.5960	-0.3988	0.2259	-0.0566	
49.772	0.3902	0.0286	0.1930	-0.4974	-0.8919	-0.2344	-0.0569	
49.805	0.4889	-0.0043	-0.8262	-0.3659	-0.3330	-0.7275	-0.0572	
49.838	0.3245	0.0286	-0.9248	-0.2673	-0.4974	-0.8590	-0.0566	
49.871	0.3574	-0.0043	-0.8262	-0.5631	0.2916	-1.6480	-0.0566	
49.905	0.3574	0.1930	-0.3002	-0.8919	-0.0043	-0.8919	-0.0569	
49.938	0.4231	-0.2015	0.1601	-0.3988	-0.3659	-0.4974	-0.0530	
49.971	0.3902	0.1930	-0.6947	-0.4645	-0.3330	-0.5303	-0.0582	
50.005	0.1601	-0.1029	0.5875	-0.5631	-0.4645	-0.0371	-0.0540	
50.038	0.3574	-0.1029	0.3902	-0.4645	-0.4316	0.2259	-0.0579	
50.071	0.8505	0.0944	-1.3850	-0.3330	-0.3001	-1.1878	-0.0543	
50.105	0.7190	0.3245	-1.2864	-0.3330	-0.1358	-0.7933	-0.0566	
50.138	0.3245	0.2587	0.1601	-0.4645	-0.0371	0.2259	-0.0500	
50.171	0.4231	0.2587	-0.3988	-0.3988	-0.3001	-1.3850	-0.0589	
50.205	0.4889	0.4560	-0.7933	-0.4974	0.0615	-0.4645	-0.0526	
50.239	0.5217	0.1601	-0.5303	-0.2015	-0.2015	-0.2673	-0.0572	
50.271	0.9162	-0.0700	-0.1029	-0.3001	-0.3330	-0.8919	-0.0576	
50.305	0.8176	-0.1686	-0.4317	-0.1029	-0.3988	-0.8590	-0.0566	
50.338	-0.0043	0.6204	-0.0700	-0.5303	-0.1358	-0.3330	-0.0526	
50.371	0.6532	0.1930	-0.3659	-0.4974	-0.2015	-0.5631	-0.0559	
50.405	0.5546	0.0944	-0.1029	-0.3659	-0.1358	0.1930	-0.0566	
50.439	0.5875	0.2587	-0.2673	-0.1358	-0.2673	0.0286	-0.0559	
50.471	0.7190	-0.3002	-0.3002	-0.2344	-0.4316	-0.7604	-0.0595	
50.505	0.6204	-0.1029	0.6204	-0.2344	-0.3988	0.3902	-0.0546	
50.538	0.5217	0.1930	0.2259	-0.3330	-0.3330	-0.1358	-0.0572	
50.571	0.3245	0.1601	0.2587	-0.6618	-0.3330	-0.2344	-0.0563	
50.605	0.6861	0.1601	-0.7933	-0.3001	-0.1358	-1.2206	-0.0556	
50.639	0.8834	-0.2344	-0.0043	-0.1686	-0.4974	-0.3001	-0.0602	
50.671	0.6861	0.0286	-0.3988	-0.9248	-0.2015	-1.1220	-0.0563	
50.705	0.1930	0.3902	0.3574	-0.4974	-0.1686	-0.2015	-0.0569	
50.739	0.5217	0.6204	-0.9905	-0.4974	0.1601	-0.8919	-0.0553	
50.772	0.5875	0.4889	-1.0563	-0.3988	0.1930	-0.8590	-0.0592	
50.805	0.6204	0.0944	-0.2015	-0.2673	-0.0043	-0.6289	-0.0556	
50.838	0.3574	0.2259	0.2587	-0.6946	-0.2673	-0.1358	-0.0592	
50.871	0.2259	-0.0371	-0.3330	-0.3659	-0.3001	-1.2206	-0.0556	
50.905	0.4560	0.2916	0.5875	-0.4645	-0.2015	0.5217	-0.0641	
50.938	0.1930	0.0944	-0.3002	-0.4645	-0.0371	-0.7275	-0.0566	
50.940	0.2916	0.9491	-1.3193	0.2587	-0.3001	0.6204	-0.0546	
50.943	0.6204	0.6204	-1.0234	0.3245	0.3245	0.2587	-0.0553	
50.945	0.6204	0.6861	-0.2015	-0.2673	0.5546	-0.0043	-0.0602	
50.946	0.4889	0.1601	-0.1686	-0.1686	0.1272	-0.4974	-0.0530	
50.955	0.4231	0.2587	-0.7275	-0.8919	-0.3330	-0.6946	-0.0595	
50.988	0.8176	-0.1358	-0.4317	-0.1686	-0.3988	-0.8919	-0.0576	
51.021	0.1930	0.2916	-0.5632	-0.4316	-0.1686	-0.2673	-0.0563	
51.045	0.1272	0.7847	-1.0892	0.0944	0.2259	-0.3001	-0.0599	
51.075	0.1930	0.3902	0.1930	-0.5631	-0.1686	1.4094	-0.0592	
51.105	0.1930	0.3574	-1.0892	-0.2673	0.0615	-1.1878	-0.0572	
51.138	0.2916	-0.1358	-0.7933	-0.2344	-0.4316	-0.4974	-0.0605	
51.171	-0.0043	0.2259	-1.1220	-0.3330	-0.0371	-0.8919	-0.0563	
51.205	0.1601	0.3245	-1.6152	-0.1686	0.0615	-1.5823	-0.0740	
51.239	0.0286	0.1272	-0.1029	-0.3330	-0.2673	-0.2344	-0.0556	
51.271	-0.6947	0.1930	0.1601	-0.4974	-0.1686	0.0944	-0.0592	
51.304	0.4889	0.0615	-1.4508	-0.6289	-0.3330	-1.2864	-0.0622	
51.338	0.3574	0.1601	-1.2535	-0.2673	-0.1686	-1.1878	-0.0605	
51.371	0.0615	-0.1358	-0.3002	-0.2344	-0.4974	-0.8590	-0.0579	
51.405	-0.2673	0.2916	-0.1358	-0.3988	-0.2344	-0.4316	-0.0615	
51.438	0.3574	0.1272	-0.5632	-0.2673	-0.1686	-0.3001	-0.0556	
51.440	0.1930	-0.7604	-0.3002	-0.0700	0.1272	0.5546	-0.0582	
51.465	-0.0043	0.1272	-0.5960	-0.4316	-0.3988	-1.1878	-0.0586	
51.495	0.3574	0.1930	-0.1686	-0.0043	0.2259	-0.1358	-0.0569	
51.525	-0.0700	0.2916	0.8505	2.1655	0.2916	0.1272	-0.0566	
51.555	-0.1686	0.6532	-0.6289	-0.3330	0.0944	-0.2673	-0.0553	
51.587	-0.0700	0.2916	0.0286	-0.4974	-0.5303	-0.1358	-0.0618	
51.620	0.0286	0.3574	-0.3659	-0.5631	-0.2015	-0.6946	-0.0563	
51.646	0.2916	0.2259	-1.2864	-0.0371	0.0944	0.1272	-0.0566	
51.675	0.0286	0.7190	-2.0425	0.2259	0.1601	0.2916	-0.0602	
51.705	0.1601	0.3245	0.2587	-0.2673	-0.3330	0.1930	-0.0605	
51.739	-0.1029	0.5217	-0.2344	0.1601	-0.1029	-0.3001	-0.0589	
51.771	0.1272	0.2259	-0.3988	-0.4316	-0.4316	-0.0700	-0.0559	
51.805	0.4231	0.4560	-0.8590	0.0615	-0.2344	-1.2206	-0.0536	
51.839	0.0615	0.6861	-0.2015	-0.4645	0.0615	0.0286	-0.0520	
51.872	0.0615	0.3574	0.8834	-0.3659	-0.1686	0.4231	-0.0517	
51.905	0.0286	0.5217	-0.6618	-0.2673	-0.0043	-0.7604	-0.0586	
51.939	0.1272	0.2587	0.1272	-0.3988	0.3574	-0.7933	-0.0576	
51.971	-0.1358	0.4560	-0.1686	-0.3001	-0.1358	-0.4645	-0.0549	
52.005	0.2587	0.7190	-1.8124	-0.1029	-0.1029	-0.8919	-0.0556	
52.038	-0.2344	0.7519	0.0944	-0.5303	0.0286	0.1272	-0.0592	
52.071	0.0944	0.4560	-0.5303	-0.2015	-0.1029	-0.8919	-0.0605	
52.105	0.0944	0.7519	-1.4508	-0.2673	0.1601	-0.7275	-0.0868	
52.139	-0.3330	0.8834	0.8505	-0.6618	0.3574	-0.3659	-0.0323	
52.172	0.1272	0.6532	-0.7275	-0.3330	-0.1358	-0.2673	-0.0641	
52.205	-0.0700	0.8176	-0.3002	-0.3988	-0.0043	-0.3988	-0.0533	
52.238	0.0615	0.3574	0.3245	-0.3330	-0.1686	0.0944	-0.0609	
52.271	-0.1029	0.6204	0.0944	-0.4974	0.0286	-0.0700	-0.0559	
52.305	-0.0371	0.3902	0.4889	-0.3330	0.0615	-0.1029	-0.0582	
52.338	0.1930	0.5875	-0.8262	-0.2673	-0.1686	-0.3988	-0.0595	
52.371	-0.3330	0.5546	0.4231	-0.5303	-0.2015	0.2916	-0.0595	
52.405	0.1930	0.7519	-0.2015	-0.1029	-0.2015	0.3574	-0.0595	
52.439	-0.0700	1.0806	-1.0234	0.0286	-0.1686	0.2916	-0.0628	
52.471	0.2916	0.4560	-0.7933	-0.1686	-0.1686	-0.1358	-0.0579	
52.473	0.4231	0.1930	1.5409	-0.4645	0.3245	-1.0891	-0.0553	
52.475	0.0615	1.0477	-1.5494	0.3902	0.6532	0.7847	-0.0556	
52.485	-0.2344	0.2259	-0.3659	-0.5631	4.3681	-1.3193	-0.0595	
52.515	-0.3988	0.6861	-2.8644	-0.1686	-0.5631	-0.4974	-0.0592	
52.545	0.0944	0.7190	-0.3330	-0.1686	-0.1029	0.6861	-0.0599	
52.575	0.4231	0.2259	1.1464	-0.1358	0.4560	-0.6618	-0.0737	
52.605	0.2259	0.6532	-0.4974	-0.0043	-0.2344	0.4560	-0.0605	
52.639	-0.1029	0.8505	-0.1358	-0.4316	0.2587	-0.0371	-0.0549	
52.671	-0.0371	0.7847	-1.0234	-0.3659	0.4889	-1.1878	-0.0586	
52.705	0.0286	0.4889	-0.2015	-0.1029	-0.4645	-0.3988	-0.0592	
52.739	-0.1029	0.6861	0.8505	-0.5303	0.0944	0.2587	-0.0533	
52.771	0.1601	0.4889	-0.6289	-0.2344	-0.2015	0.0286	-0.0569	
52.805	0.2916	0.7190	-0.6289	-0.0371	-0.2344	0.2259	-0.0421	
52.839	0.3902	0.6204	-1.3522	0.2587	-0.2673	-0.2344	-0.0599	
52.871	0.0286	0.5546	-0.4317	-0.4645	-0.0043	0.4231	-0.0592	
52.905	0.2916	0.1272	-0.1358	-0.1029	-0.4316	-0.3659	-0.0579	
52.939	0.0944	0.5875	-0.8262	-0.0371	-0.1358	0.1930	-0.0582	
52.971	0.1601	0.4889	-0.8262	-0.3330	-0.0700	-0.6618	-0.0622	
53.006	0.0944	0.7519	-0.9577	0.8834	0.0615	-0.7275	-0.0572	
53.038	0.2259	0.0615	0.3245	-0.1686	-0.2015	-0.1686	-0.0592	
53.071	0.0944	0.5875	-0.6947	-0.2344	-0.1358	-0.7933	-0.0556	
53.104	-0.1358	0.6861	-0.9905	-0.3659	0.0944	-0.5303	-0.0556	
53.139	0.0286	0.8176	0.0615	-0.3659	0.0286	-0.0371	-0.0556	
53.171	0.3245	0.3245	-0.7604	-0.0700	-0.2673	-0.8919	-0.0553	
53.204	0.1272	0.6861	-0.6618	-0.4316	0.1272	-0.3330	-0.0582	
53.238	0.1272	0.6532	-0.6947	-0.0700	-0.2344	-0.7604	-0.0602	
53.271	0.1601	0.1930	-0.0371	-0.2673	-0.0700	-0.4974	-0.0589	
53.304	0.0615	0.3574	0.6532	-0.3988	-0.2344	0.1930	-0.0536	
53.338	0.0944	0.3574	0.1272	-0.3659	-0.1358	-0.0700	-0.0595	
53.371	0.2916	0.2916	-0.3988	-0.2673	-0.2673	-0.2344	-0.0586	
53.405	0.1272	0.5546	-0.6618	-0.1358	-0.7275	-0.9248	-0.0582	
53.438	0.0286	0.5217	0.1272	-0.2344	-0.0043	-0.1686	-0.0595	
53.471	0.2259	0.5546	-1.0892	-0.1686	-0.0371	-0.9576	-0.0592	
53.504	0.0944	0.6204	-0.6618	-0.3988	-0.0371	-0.6946	-0.0582	
53.538	0.3902	0.4889	-0.7604	-0.2344	-0.1358	-0.3659	-0.0579	
53.571	0.1272	0.4889	-0.8590	-0.2673	-0.0371	-0.4974	-0.0566	
53.605	0.5546	0.2916	-0.4645	-0.0043	-0.3330	0.3574	-0.0543	
53.637	-0.1029	0.2587	0.6861	-0.3988	-0.3988	-0.0371	-0.0602	
53.670	0.2587	0.1930	-0.4645	-0.4645	-0.3659	-0.4645	-0.0599	
53.704	0.3245	0.3902	-0.2673	-0.3001	-0.4974	-0.1029	-0.0615	
53.737	0.2916	0.2916	-0.0700	-0.2344	-0.4974	-0.0043	-0.0628	
53.770	-0.0371	0.6204	-0.7933	-0.3330	-0.2673	-0.9248	-0.0628	
53.804	0.1601	-0.1686	-0.6289	-0.0371	-0.3330	-0.4974	-0.0595	
53.838	0.1930	0.6204	-0.4974	-0.3659	0.1930	0.2259	-0.0563	
53.871	0.1601	0.5546	-0.2344	-0.3659	-0.2344	-0.2015	-0.0569	
53.904	0.2916	0.6204	-0.7604	-0.2015	-0.0043	-0.4316	-0.0556	
53.937	0.0615	-0.0371	0.5546	-0.3330	-0.2015	-0.1686	-0.0556	
53.971	0.3245	0.0944	-0.1358	0.0286	-0.2344	-0.7604	-0.0579	
54.004	0.1272	0.1930	-0.3330	-0.1686	-0.2673	-0.8590	-0.0602	
54.037	0.3574	0.6204	-0.8262	-0.2344	-0.1358	-0.4645	-0.0941	
54.070	0.4231	0.3902	-1.0563	-0.1358	-0.1358	-0.5631	-0.0569	
54.105	0.0944	0.6532	-0.3002	-0.3330	0.0286	0.0944	-0.0549	
54.137	0.1272	0.2259	0.3574	-0.3001	-0.5631	0.1272	-0.0589	
54.170	-0.7933	0.1930	0.7190	-0.5303	-0.3659	0.2587	-0.0556	
54.204	0.2259	0.6861	-1.4837	-0.1686	0.0286	-0.8590	-0.0572	
54.238	0.3245	0.4889	-0.0371	-0.3001	-0.1358	0.4560	-0.0553	
54.271	0.1272	0.8834	-1.4179	-0.3659	0.1272	-1.1220	-0.0546	
54.304	0.1601	0.5875	0.1601	-0.6289	0.1601	0.2587	-0.0543	
54.337	0.3574	0.1930	0.0615	0.1601	-0.3659	-0.0700	-0.0572	
54.371	0.3574	0.2916	-2.0425	-0.3988	-0.1029	-1.0234	-0.0579	
54.404	0.0286	0.6861	-0.7604	-0.3330	0.0615	-1.1220	-0.0576	
54.438	0.1930	0.4231	-0.7275	0.0286	-0.2673	-0.0371	-0.0612	
54.471	-0.1029	0.5546	-0.0371	-0.3330	-0.1686	-0.2015	-0.0556	
54.505	0.2916	0.3574	0.1930	-0.1029	-0.2673	0.8834	-0.0566	
54.538	0.0286	0.3574	0.8176	-0.3330	-0.0700	0.6861	-0.0549	
54.571	0.1601	0.5875	-0.9905	-0.2015	-0.4974	-1.2206	-0.0572	
54.604	0.0615	0.8834	-1.2535	-0.2673	0.2916	-0.8919	-0.0536	
54.638	0.2916	0.3902	0.2916	-0.0043	-0.3001	-0.3988	-0.0540	
54.671	0.1601	0.2916	0.3574	-0.1029	-0.3659	-0.0371	-0.0589	
54.704	0.0944	0.9162	-0.9248	-0.3330	0.1930	-0.7275	-0.0507	
54.737	0.4889	0.2916	-0.5303	-0.2673	-0.3001	-0.4316	-0.0566	
54.770	0.3574	0.2587	-0.8590	0.0286	-0.2015	-1.1220	-0.0572	
54.804	0.1930	0.7519	-0.3659	-0.3001	0.0615	-0.3659	-0.0595	
54.837	0.4889	-0.0043	-0.2015	0.0286	-0.3988	-0.1029	-0.0625	
54.871	0.1601	0.5217	-0.3330	-0.3330	-0.1686	-0.2344	-0.0576	
54.904	0.1930	0.7190	-0.8919	-0.2673	0.0944	-0.6618	-0.0553	
54.935	0.0615	0.0944	0.3245	-0.4974	-2.0425	-0.7275	-0.0612	
