% Time	SBX	SBY	SBZ	FRX	FRY	FRZ	FLX	FLY	FLZ	WRX	WRY	WRZ	WLX	WLY	WLZ	HDX	HDY	HDZ	HRX	HRY	HRZ	HRLX	HLY	HLZ	SpdCom	ax	ay	az	gx	gy	gz	mx	my	mz	Angle
37.629	-0.1213	-0.7956	3.7795	0.0080	-0.7324	3.2634	-0.1743	-0.2113	2.9938	-0.2989	-0.5755	3.0605	-0.3271	-0.8316	4.0524	-0.2009	-0.1809	3.4133	-0.1302	-0.8239	3.7908	-0.1103	-0.7526	3.6982	0.000	
37.661	-0.1745	-0.6774	3.6614	-0.0042	-0.7185	3.2568	-0.1692	-0.1754	2.9139	-0.2987	-0.5732	3.0573	-0.2641	0.1785	3.3595	-0.1499	0.0905	3.0230	-0.0972	-0.7624	3.6186	-0.2485	-0.5793	3.6339	0.000	
37.694	-0.1502	-0.7428	3.7623	-0.0641	-0.7151	3.2255	-0.1695	-0.1848	2.9615	-0.2984	-0.5732	3.0581	-0.2637	0.1795	3.3610	-0.2129	-0.1744	3.4139	-0.1175	-0.8008	3.7476	-0.1801	-0.6711	3.7067	0.000	
37.728	-0.0509	-0.2134	3.0490	0.0186	-0.7261	3.2778	-0.3760	0.1603	2.2785	-0.3850	0.0969	2.2315	-0.2332	0.7134	2.4850	-0.1457	0.3673	2.5640	-0.0167	-0.2855	3.0479	-0.0839	-0.1362	2.9786	0.000	
37.762	-0.0449	-0.3024	2.9684	0.0139	-0.7051	3.2698	-0.3760	0.1609	2.2788	-0.3850	0.0975	2.2317	-0.2309	0.7096	2.4851	-0.1458	0.3676	2.5645	-0.0125	-0.3614	2.9658	-0.0761	-0.2360	2.8996	0.000	
37.797	-0.0409	-0.3045	2.9659	0.0154	-0.7064	3.2719	-0.3746	0.1624	2.2775	-0.1806	0.2343	2.2632	-0.2661	0.7937	2.3969	-0.1450	0.3697	2.5639	-0.0085	-0.3636	2.9636	-0.0724	-0.2381	2.8966	0.000	
37.828	-0.0866	-0.2817	2.9839	-0.0324	-0.7027	3.2412	-0.2868	-0.1440	2.5174	-0.1887	0.2335	2.2616	-0.2218	0.7874	2.4586	-0.1701	0.4044	2.5751	-0.0491	-0.3423	2.9807	-0.1211	-0.2149	2.9153	0.000	
37.865	-0.0863	-0.2808	2.9835	-0.0320	-0.7017	3.2415	-0.3549	0.0137	2.6210	-0.1814	0.2296	2.2639	-0.2194	0.7873	2.4707	-0.1699	0.4046	2.5749	-0.0489	-0.3408	2.9805	-0.1208	-0.2144	2.9149	0.000	
37.897	-0.0428	-0.1608	2.8003	-0.0164	-0.7021	3.2199	-0.3107	0.1361	2.4547	-0.1798	0.2317	2.2649	-0.2208	0.7907	2.4701	-0.1529	0.4007	2.5494	-0.0101	-0.2091	2.8053	-0.0744	-0.1085	2.7239	0.000	
37.929	-0.0484	-0.1590	2.8158	-0.0186	-0.7012	3.2276	-0.3166	0.1335	2.4631	-0.2398	0.2979	2.2806	-0.2175	0.7900	2.4766	-0.1556	0.4007	2.5579	-0.0156	-0.2075	2.8199	-0.0800	-0.1064	2.7403	0.000	
37.962	-0.0230	-0.1517	2.8281	-0.0121	-0.6861	3.2297	-0.3113	0.1427	2.4701	-0.2367	0.2974	2.2784	-0.2044	0.7788	2.4336	-0.1495	0.4153	2.5597	0.0195	-0.1947	2.8475	-0.0620	-0.1030	2.7427	0.000	
38.030	-0.0115	-0.7863	3.4467	0.0047	-0.6836	3.2693	-0.1426	-0.7332	3.3588	-0.0661	-0.2135	3.0461	-0.2308	-0.0149	3.0202	-0.1575	-0.3807	3.3492	0.0201	-0.7540	3.6278	-0.0429	-0.8028	3.1958	0.000	
38.060	-0.0384	-0.9363	3.5839	0.0052	-0.6531	3.2796	-0.1287	-0.7651	3.3731	-0.1511	-0.2574	3.0158	-0.2284	0.0569	2.9465	-0.2138	-0.3407	3.3044	-0.0009	-0.9635	3.6071	-0.0752	-0.8911	3.4916	0.000	
38.094	-0.0270	-0.9777	3.6246	0.0000	-0.6663	3.2809	-0.1586	-0.8268	3.3796	-0.1392	-0.2637	3.0260	-0.2167	-0.0147	3.0162	-0.1624	-0.3960	3.4098	0.0073	-1.0096	3.6395	-0.0608	-0.9272	3.5409	0.000	
38.127	-0.0216	-0.7942	3.4623	0.0543	-0.7907	3.3440	-0.1006	-0.7376	3.2566	-0.1291	-0.2451	3.0447	-0.2070	-0.0450	2.9957	-0.1556	-0.4224	3.4244	0.0107	-0.7606	3.6367	-0.0536	-0.8121	3.2183	0.000	
38.161	-0.0661	-0.7994	3.4306	0.0439	-0.7573	3.3916	-0.0943	-0.7384	3.2475	-0.0975	-0.2384	3.0580	-0.1628	-0.0342	3.0418	-0.1548	-0.4275	3.4232	-0.0279	-0.7607	3.6314	-0.0974	-0.8222	3.1610	0.000	
38.194	-0.0638	-0.7581	3.4396	0.0408	-0.6974	3.3846	-0.1030	-0.7142	3.2414	-0.0442	-0.2759	3.0684	-0.1575	0.1327	3.1071	-0.1745	-0.4065	3.4577	-0.0361	-0.7403	3.6309	-0.0856	-0.7628	3.1808	0.000	
38.227	-0.0741	-0.8627	3.6393	0.0632	-0.8716	3.4325	-0.0877	-0.7467	3.2779	-0.1424	-0.2568	3.0227	-0.1559	0.1328	3.1061	-0.1743	-0.4068	3.4567	-0.0572	-0.9134	3.6232	-0.0897	-0.7955	3.5860	0.000	
38.261	-0.0422	-0.9430	3.6346	0.0854	-0.9379	3.4619	-0.0647	-0.7952	3.3039	-0.1523	-0.3167	3.0152	-0.1698	-0.1550	3.1616	-0.1736	-0.4099	3.4545	-0.0233	-0.9808	3.6472	-0.0603	-0.8873	3.5531	0.000	
38.294	-0.0402	-0.9299	3.6364	0.0135	-0.7081	3.2645	-0.0610	-0.7832	3.3011	-0.1514	-0.3171	3.0168	-0.1699	-0.1558	3.1620	-0.1738	-0.4124	3.4545	-0.0218	-0.9710	3.6459	-0.0577	-0.8700	3.5588	0.000	
38.328	-0.0379	-0.9270	3.6370	0.0062	-0.7052	3.2584	-0.0724	-0.7856	3.3121	-0.1500	-0.3190	3.0176	-0.1661	-0.1584	3.1636	-0.1724	-0.4146	3.4537	-0.0196	-0.9689	3.6439	-0.0547	-0.8654	3.5627	0.000	
38.360	-0.0380	-0.9269	3.6365	0.0026	-0.7056	3.2568	-0.0795	-0.7890	3.3129	-0.1505	-0.3212	3.0180	-0.1552	-0.1518	3.1563	-0.1735	-0.4201	3.4508	-0.0197	-0.9690	3.6420	-0.0547	-0.8654	3.5627	0.000	
38.394	-0.0350	-0.9232	3.6385	0.0130	-0.7123	3.2653	-0.0794	-0.7879	3.3157	-0.1520	-0.3246	3.0204	-0.1623	-0.1509	3.1545	-0.1720	-0.4203	3.4511	-0.0174	-0.9668	3.6415	-0.0513	-0.8602	3.5681	0.000	
38.427	-0.0330	-0.9225	3.6384	0.0154	-0.7129	3.2655	-0.0791	-0.7879	3.3165	-0.1490	-0.3249	3.0217	-0.1651	-0.1505	3.1532	-0.1693	-0.4216	3.4516	-0.0151	-0.9659	3.6414	-0.0498	-0.8601	3.5678	0.000	
38.460	-0.0432	-0.9323	3.6368	-0.0070	-0.9071	3.1601	-0.1769	-0.7862	3.3958	-0.1210	-0.3230	3.0320	-0.1789	-0.1777	3.1769	-0.1736	-0.4176	3.4511	-0.0243	-0.9735	3.6426	-0.0623	-0.8743	3.5615	0.000	
38.494	-0.0708	-0.9027	3.6405	0.0300	-0.9266	3.1720	-0.1561	-0.7445	3.4100	-0.1239	-0.3213	3.0279	-0.2229	-0.2057	3.1250	-0.1770	-0.4194	3.4498	-0.0541	-0.9532	3.6243	-0.0896	-0.8299	3.5906	0.000	
38.527	-0.0716	-0.9088	3.6410	0.0122	-0.9329	3.1595	-0.0896	-0.7757	3.2889	-0.1240	-0.3199	3.0259	-0.2219	-0.2091	3.1264	-0.1786	-0.4172	3.4471	-0.0552	-0.9675	3.6144	-0.0892	-0.8371	3.5983	0.000	
38.560	-0.0622	-0.9145	3.6445	0.0092	-0.9112	3.2219	-0.0756	-0.7842	3.3061	-0.1035	-0.3244	3.0326	-0.2142	-0.1862	3.0931	-0.1665	-0.4207	3.4465	-0.0450	-0.9721	3.6148	-0.0788	-0.8421	3.6054	0.000	
38.593	-0.0612	-0.9151	3.6442	0.0119	-0.9499	3.1894	-0.0703	-0.7865	3.3120	-0.1142	-0.3193	3.0319	-0.2207	-0.2005	3.0867	-0.1664	-0.4207	3.4465	-0.0418	-0.9708	3.6184	-0.0775	-0.8454	3.6001	0.000	
38.627	-0.0609	-0.9157	3.6456	0.0513	-0.9599	3.2336	-0.0691	-0.7889	3.3248	-0.1141	-0.3192	3.0322	-0.2434	-0.1806	3.0652	-0.1666	-0.4210	3.4471	-0.0415	-0.9715	3.6177	-0.0780	-0.8447	3.6092	0.000	
38.661	-0.0652	-0.9188	3.6488	0.0442	-0.9448	3.2222	-0.0649	-0.7850	3.3529	-0.1173	-0.3183	3.0306	-0.2027	-0.1896	3.0956	-0.1728	-0.4217	3.4484	-0.0455	-0.9756	3.6156	-0.0847	-0.8464	3.6188	0.000	
38.693	-0.0557	-0.9098	3.6452	0.0970	-0.9617	3.3563	-0.1222	-0.7529	3.3335	-0.1426	-0.3123	3.0195	-0.2027	-0.1808	3.0983	-0.1619	-0.3942	3.4485	-0.0315	-0.9573	3.6254	-0.0707	-0.8383	3.5918	0.000	
38.727	-0.1287	-0.7842	3.3511	0.1995	-0.9261	3.4695	-0.1234	-0.6556	3.2840	-0.1637	-0.2914	3.0138	-0.2136	-0.2366	3.1341	-0.2805	-0.1713	3.5705	-0.0771	-0.7328	3.1924	-0.1776	-0.8193	3.4405	0.000	
38.762	-0.0611	-0.8972	3.4261	0.0955	-0.7561	3.2512	-0.0736	-0.7194	3.2801	-0.1429	-0.2419	3.0467	-0.1999	-0.2681	3.0889	-0.1648	-0.4151	3.4497	-0.0089	-0.9300	3.3222	-0.1120	-0.8465	3.4611	0.000	
38.796	-0.0758	-0.8363	3.2857	-0.2677	-0.5855	3.3987	-0.1133	-0.6557	3.2782	-0.1915	-0.2454	3.0382	-0.1785	-0.3112	3.0579	-0.1673	-0.4105	3.4477	-0.0101	-0.7974	3.1220	-0.1398	-0.8577	3.3803	0.000	
38.826	-0.0616	-0.9265	3.4297	0.0477	-0.8644	3.1952	-0.1570	-0.6606	3.3114	-0.1830	-0.2512	3.0279	-0.2009	-0.2726	3.0792	-0.1672	-0.4107	3.4480	-0.0047	-0.9439	3.3160	-0.1172	-0.8906	3.4746	0.000	
38.860	-0.0728	-0.8529	3.2629	0.0717	-0.8407	3.1918	-0.1634	-0.6093	3.3213	-0.1899	-0.2650	3.0252	-0.2038	-0.2725	3.0783	-0.1709	-0.4108	3.4469	0.0011	-0.8263	3.1458	-0.1451	-0.8615	3.3109	0.000	
38.894	-0.0673	-0.8344	3.2744	-0.0566	-0.7460	3.0914	-0.1545	-0.6725	3.3036	-0.1849	-0.2430	3.0351	-0.2032	-0.2743	3.0789	-0.1685	-0.4136	3.4469	0.0057	-0.8152	3.1538	-0.1389	-0.8341	3.3267	0.000	
38.926	-0.0714	-0.8323	3.2740	0.0650	-0.7873	3.3072	-0.1554	-0.6663	3.3073	-0.1829	-0.2418	3.0356	-0.2111	-0.2658	3.0877	-0.1697	-0.4140	3.4462	0.0021	-0.8103	3.1558	-0.1452	-0.8347	3.3232	0.000	
38.960	-0.1062	-0.4703	3.3212	-0.0015	-0.9507	3.3793	-0.1551	-0.6628	3.3096	-0.1783	-0.2425	3.0385	-0.1943	-0.2694	3.1014	-0.1529	-0.4144	3.4614	-0.0506	-0.4462	3.5918	-0.1598	-0.4847	2.9800	0.000	
38.993	-0.1333	-0.2387	3.0522	-0.0854	-0.2214	2.8195	-0.1602	-0.6576	3.3190	-0.0898	0.3666	2.4280	-0.1944	0.5657	2.4549	-0.1053	0.3980	2.5456	-0.0830	-0.2123	2.9302	-0.1803	-0.2595	3.1033	0.000	
39.027	-0.1362	-0.1807	2.9177	-0.1153	-0.1395	2.8561	-0.1771	-0.6615	3.3390	-0.0900	0.3660	2.4260	-0.2146	0.5558	2.4652	-0.0976	0.3912	2.5470	-0.0894	-0.0424	3.0108	-0.1799	-0.3150	2.7534	0.000	
39.062	-0.1349	-0.1769	2.9175	-0.1143	-0.1649	2.8408	-0.1534	-0.5444	3.3181	-0.0857	0.3733	2.4227	-0.2111	0.6081	2.4602	-0.0975	0.3913	2.5470	-0.0893	-0.0405	3.0104	-0.1764	-0.3084	2.7536	0.000	
39.096	-0.1240	-0.2208	3.0483	-0.1069	-0.2090	2.8211	-0.1647	-0.5989	3.3704	-0.1057	0.3873	2.4259	-0.2155	0.6136	2.4676	-0.0931	0.3926	2.5475	-0.0723	-0.1933	2.9250	-0.1727	-0.2431	3.1008	0.000	
39.127	-0.1347	-0.2430	3.0238	-0.1085	-0.2091	2.8301	-0.1714	-0.6453	3.4185	-0.1092	0.3882	2.4258	-0.2157	0.6130	2.4688	-0.0912	0.3920	2.5493	-0.0851	-0.1784	2.9485	-0.1818	-0.3156	3.0111	0.000	
39.160	-0.1245	-0.2486	3.0393	-0.1009	-0.2214	2.8357	-0.1813	-0.6619	3.3491	-0.1112	0.3893	2.4265	-0.2309	0.4902	2.4268	-0.0913	0.3916	2.5496	-0.0685	-0.2118	2.9377	-0.1676	-0.2815	3.0908	0.000	
39.195	-0.1221	-0.2449	3.0492	-0.0987	-0.2157	2.8423	-0.1827	-0.6629	3.3490	-0.1161	0.3939	2.4263	-0.2186	0.5523	2.4513	-0.0905	0.3903	2.5500	-0.0678	-0.2112	2.9390	-0.1690	-0.2756	3.0969	0.000	
39.226	-0.1081	-0.2374	3.0513	-0.0719	-0.2429	2.8106	-0.1671	-0.6141	3.3682	-0.1792	0.5000	2.4270	-0.2126	0.6074	2.4574	-0.0902	0.3902	2.5499	-0.0535	-0.2003	2.9424	-0.1586	-0.2701	3.0936	0.000	
39.260	-0.1122	-0.2446	3.0523	-0.0900	-0.2231	2.8384	-0.1698	-0.6179	3.3538	-0.1763	0.4970	2.4272	-0.2348	0.4937	2.4270	-0.0897	0.3895	2.5499	-0.0588	-0.2061	2.9478	-0.1633	-0.2807	3.0876	0.000	
39.294	-0.1123	-0.2448	3.0516	-0.0902	-0.2224	2.8391	-0.1814	-0.6845	3.3466	-0.1703	0.4936	2.4252	-0.2170	0.5294	2.4261	-0.0882	0.3901	2.5497	-0.0588	-0.2059	2.9479	-0.1636	-0.2817	3.0838	0.000	
39.327	-0.1122	-0.2896	3.0798	-0.0601	-0.2637	2.8684	-0.1786	-0.6753	3.3457	-0.1677	0.5031	2.4285	-0.2221	0.4620	2.4422	-0.0852	0.3497	2.5767	-0.0580	-0.2416	2.9889	-0.1639	-0.3308	3.0999	0.000	
39.360	-0.1198	-0.1101	2.8996	-0.0760	-0.0928	2.6955	-0.1423	-0.5438	3.2994	-0.1679	0.5074	2.4276	-0.1907	0.5426	2.4218	-0.0785	0.4046	2.5390	-0.0666	-0.0436	2.8319	-0.1700	-0.1739	2.8963	0.000	
39.396	-0.1198	-0.1102	2.8990	-0.0760	-0.0929	2.6952	-0.1407	-0.5423	3.2987	-0.1672	0.5079	2.4264	-0.1905	0.5426	2.4210	-0.0798	0.4048	2.5381	-0.0667	-0.0436	2.8315	-0.1699	-0.1742	2.8953	0.000	
39.428	-0.1079	-0.1143	2.8922	-0.0711	-0.1009	2.6688	-0.1258	-0.5054	3.3052	-0.1649	0.5096	2.4230	-0.1888	0.5421	2.4201	-0.0796	0.4046	2.5372	-0.0393	-0.1016	2.7601	-0.1524	-0.1316	2.9414	0.000	
39.462	-0.1115	-0.1057	2.8915	-0.0750	-0.0778	2.6850	-0.1376	-0.5224	3.2891	-0.1671	0.5687	2.4207	-0.2218	0.5631	2.4062	-0.0727	0.4186	2.5355	-0.0622	-0.0289	2.8198	-0.1678	-0.1566	2.8905	0.000	
39.495	-0.1156	-0.0948	2.8880	-0.0758	-0.0689	2.6793	-0.1388	-0.5264	3.2922	-0.1670	0.5720	2.4220	-0.2198	0.5736	2.4033	-0.0256	0.4000	2.5304	-0.0636	-0.0292	2.8075	-0.1700	-0.1457	2.8966	0.000	
39.528	-0.1077	-0.0921	2.8815	-0.0651	-0.0742	2.6702	-0.1619	-0.5814	3.1884	-0.1514	0.5536	2.4252	-0.1856	0.6315	2.4373	-0.0198	0.3930	2.5287	-0.0562	-0.0298	2.8025	-0.1584	-0.1452	2.8884	0.000	
39.562	-0.0925	-0.1102	2.8892	-0.0529	-0.0884	2.6878	-0.1582	-0.6042	3.1949	-0.1491	0.5567	2.4211	-0.1826	0.6254	2.4377	-0.0102	0.3863	2.5280	-0.0398	-0.0426	2.8202	-0.1375	-0.1828	2.8877	0.000	
39.596	-0.0919	-0.0894	2.8745	-0.0549	-0.0718	2.6598	-0.1496	-0.5649	3.1880	-0.1488	0.5590	2.4184	-0.1780	0.6282	2.4429	-0.0066	0.3866	2.5261	-0.0385	-0.0323	2.7867	-0.1427	-0.1289	2.8858	0.000	
39.629	-0.0865	-0.0784	2.8655	-0.0482	-0.0668	2.6520	-0.1142	-0.6212	3.1512	-0.1461	0.5589	2.4158	-0.1723	0.6334	2.4324	0.0009	0.3931	2.5229	-0.0343	-0.0255	2.7807	-0.1390	-0.1255	2.8804	0.000	
39.662	-0.0708	-0.0815	2.8776	-0.0285	-0.0810	2.7033	-0.1068	-0.6693	3.1398	-0.1432	0.5603	2.4126	-0.1707	0.5774	2.4209	0.0125	0.3897	2.5278	-0.0112	-0.0017	2.8555	-0.1101	-0.1629	2.8434	0.000	
39.695	-0.0706	-0.0692	2.8765	-0.0273	-0.0582	2.7019	-0.1443	-0.6133	3.1680	-0.1394	0.5584	2.4068	-0.1689	0.5962	2.4253	0.0282	0.4050	2.5279	-0.0160	0.0155	2.8519	-0.1158	-0.1487	2.8359	0.000	
39.729	-0.0547	-0.0888	2.8812	-0.0161	-0.0731	2.6939	-0.1309	-0.6039	3.1856	-0.1189	0.5267	2.4122	-0.1593	0.5776	2.4008	-0.0515	0.4197	2.4811	0.0008	-0.0153	2.8331	-0.1009	-0.1682	2.8598	0.000	
39.762	-0.0532	-0.0819	2.8783	-0.0169	-0.0692	2.6835	-0.1190	-0.5460	3.2290	-0.1254	0.5488	2.3950	-0.1534	0.6369	2.4188	-0.0580	0.4184	2.4827	0.0007	-0.0111	2.8226	-0.1008	-0.1443	2.8637	0.000	
39.794	-0.0427	-0.1408	2.8741	-0.0655	-0.1307	2.8438	0.0296	-0.3988	3.0433	-0.1117	0.5496	2.4102	-0.1703	0.5110	2.3938	-0.0444	0.4034	2.4970	-0.0071	0.0016	3.0026	-0.0773	-0.2802	2.6746	0.000	
39.827	-0.0629	-0.1594	3.0920	-0.0598	-0.1792	2.8671	-0.1331	-0.5305	3.3534	-0.1104	0.5505	2.4065	-0.1416	0.6282	2.4485	-0.0524	0.4004	2.4904	-0.0142	-0.1194	2.9948	-0.1101	-0.1958	3.1185	0.000	
39.860	-0.1259	-0.5851	3.6052	0.0282	-0.6317	3.3180	-0.1568	-0.6348	3.3231	-0.2539	-0.0856	3.0696	-0.2187	-0.2287	3.1515	-0.1969	-0.2147	3.3958	-0.0544	-0.6321	3.3132	-0.1948	-0.5272	3.8273	0.000	
39.893	-0.1723	-0.4183	3.5102	0.0598	-0.8748	3.1738	-0.1509	-0.6042	3.3261	-0.2577	-0.0807	3.0687	-0.2190	-0.2273	3.1511	-0.2008	-0.2107	3.3945	-0.1320	-0.3417	3.4549	-0.2091	-0.4865	3.4951	0.000	
39.927	-0.1601	-0.4304	3.5007	0.0627	-0.8838	3.1693	-0.1521	-0.6078	3.3280	-0.1701	-0.1275	3.0673	-0.2158	-0.2158	3.1597	-0.1987	-0.2040	3.3936	-0.1219	-0.3479	3.4548	-0.1936	-0.5090	3.4690	0.000	
39.960	-0.1273	-0.3986	3.5493	0.0912	-0.8842	3.1480	-0.1082	-0.6552	3.3034	-0.0676	-0.3303	3.0612	-0.2241	-0.2189	3.1485	-0.2088	-0.1806	3.3871	-0.0924	-0.3533	3.4560	-0.1688	-0.4343	3.5719	0.000	
39.993	-0.0082	0.0066	3.0113	0.2505	-0.2360	2.2717	0.1390	-0.0869	2.3391	0.1539	0.2133	2.1568	-0.1363	0.4778	2.3559	-0.0426	0.4032	2.4738	0.0402	0.0554	2.9259	-0.0564	-0.0423	3.0258	0.000	
40.026	-0.0057	0.0031	3.0109	0.2516	-0.2381	2.2706	0.1393	-0.0884	2.3391	0.1542	0.2118	2.1569	-0.1391	0.4796	2.3581	-0.0341	0.4093	2.4755	0.0422	0.0515	2.9252	-0.0534	-0.0454	3.0258	0.000	
40.059	-0.0056	0.0055	3.0110	0.2514	-0.2358	2.2709	0.1400	-0.0866	2.3373	0.1549	0.2136	2.1551	-0.1380	0.4894	2.3574	-0.0318	0.4087	2.4703	0.0421	0.0538	2.9252	-0.0531	-0.0428	3.0260	0.000	
40.093	-0.0059	0.0061	3.0107	0.2499	-0.2333	2.2703	0.1401	-0.0844	2.3330	0.1550	0.2159	2.1509	-0.1332	0.4934	2.3565	-0.0318	0.4115	2.4665	0.0417	0.0548	2.9251	-0.0534	-0.0426	3.0255	0.000	
40.126	-0.0095	0.0148	3.0104	-0.0577	0.1017	2.4138	0.1397	-0.0744	2.3265	0.1664	0.2411	2.1393	-0.1320	0.5061	2.3533	-0.0428	0.4060	2.4538	0.0378	0.0656	2.9258	-0.0566	-0.0359	3.0244	0.000	
40.159	-0.0234	0.0537	3.0124	-0.0755	0.1186	2.4290	0.1383	-0.0523	2.3132	0.0568	0.3733	2.1340	-0.1292	0.5042	2.3511	-0.0567	0.4068	2.4376	0.0237	0.1103	2.9298	-0.0699	-0.0038	3.0246	0.000	
40.193	0.0026	-0.2331	2.8926	-0.3468	0.1916	2.2886	0.0204	-0.7413	3.2993	0.0849	-0.1001	2.2186	-0.0476	0.2856	2.3013	-0.0143	0.2853	2.4430	0.0262	-0.2879	2.6056	-0.0209	-0.1730	3.1090	0.000	
40.230	-0.2077	-0.4809	3.3195	-0.5490	-0.2012	3.1233	0.0204	-0.7454	3.2988	-0.0150	-0.6638	3.2158	-0.2194	-0.1277	3.1014	-0.2078	-0.1516	3.2669	-0.1872	-0.4643	2.9437	-0.2239	-0.4876	3.6254	0.000	
40.260	0.0083	-0.0897	2.5043	0.0346	0.0624	2.3175	0.2672	-0.1740	2.4229	0.2305	-0.0837	2.3411	-0.1175	0.5254	2.3478	-0.0573	0.4088	2.4384	0.0654	-0.0793	2.4565	-0.0491	-0.0975	2.4813	1.061	
40.296	0.0071	-0.0883	2.5039	0.0336	0.0648	2.3176	0.2662	-0.1719	2.4229	0.2295	-0.0816	2.3411	-0.1143	0.5257	2.3479	-0.0578	0.4099	2.4372	0.0644	-0.0784	2.4569	-0.0506	-0.0954	2.4797	0.000	
40.329	0.0071	-0.0885	2.5038	0.0317	0.0629	2.3196	0.2662	-0.1725	2.4225	0.2295	-0.0821	2.3407	-0.1132	0.5253	2.3465	-0.0576	0.4102	2.4370	0.0644	-0.0786	2.4568	-0.0506	-0.0955	2.4796	0.000	
40.363	-0.1803	-0.4399	3.2113	-0.0376	-0.6435	3.1940	-0.0831	-0.6129	3.2390	-0.0730	-0.3461	3.0881	-0.3801	-0.0110	3.1372	-0.2448	-0.0981	3.1851	-0.1280	-0.4407	3.1733	-0.2286	-0.4295	3.1793	0.000	
40.394	-0.1335	-0.4121	3.1628	-0.0583	-0.8020	3.4358	-0.0706	-0.6164	3.2452	-0.0792	-0.3352	3.0861	-0.4845	-0.5247	3.2375	-0.2475	-0.0989	3.1821	-0.0912	-0.4002	3.1061	-0.1728	-0.4149	3.1493	0.000	
40.427	-0.2222	-0.4109	3.2063	-0.0744	-0.7351	3.2710	-0.0747	-0.5334	3.3503	-0.0959	-0.3273	3.0827	-0.4784	-0.5151	3.2283	-0.2490	-0.0960	3.1773	-0.1999	-0.4161	2.8234	-0.2396	-0.3970	3.5189	0.000	
40.460	-0.2199	-0.5290	3.1923	-0.2440	-0.5245	3.0257	-0.0675	-0.6144	3.2329	-0.1461	-0.3133	2.9998	-0.4930	-0.5007	3.2181	-0.2646	-0.0931	3.1854	-0.1884	-0.5364	2.8431	-0.2465	-0.5104	3.4715	0.000	
40.493	-0.2246	-0.5282	3.1896	-0.3478	-0.5935	2.9563	-0.0663	-0.6139	3.2319	-0.4139	-0.4549	3.0984	-0.5024	-0.4932	3.2149	-0.2551	-0.0519	3.1491	-0.1943	-0.5352	2.8406	-0.2501	-0.5100	3.4686	0.000	
40.526	-0.2280	-0.5153	3.1907	-0.2406	-0.5137	3.0255	-0.0601	-0.5975	3.2351	-0.4125	-0.4049	3.0874	-0.5290	-0.4577	3.2633	-0.2756	-0.0328	3.1841	-0.1969	-0.5237	2.8482	-0.2551	-0.4928	3.4624	0.000	
40.560	-0.2295	-0.4920	3.1818	-0.1293	-0.7312	2.9879	-0.0406	-0.5912	3.2586	-0.4135	-0.4124	3.0907	-0.4053	-0.2682	3.3590	-0.2741	-0.0109	3.1761	-0.1980	-0.4838	2.8480	-0.2562	-0.4820	3.4474	0.000	
40.592	-0.2270	-0.4753	3.1823	-0.3092	-0.8506	3.0956	-0.0578	-0.5963	3.2305	-0.3545	-0.4557	3.0985	-0.4811	-0.3970	3.2309	-0.2655	-0.0112	3.1714	-0.1959	-0.4611	2.8468	-0.2543	-0.4765	3.4480	0.000	
40.643	-0.2218	-0.4020	3.1994	-0.3498	-0.8627	3.0694	-0.0525	-0.5908	3.2316	-0.3402	-0.3772	3.0907	-0.4553	-0.3230	3.2251	-0.2817	0.0370	3.2099	-0.1945	-0.3804	2.8646	-0.2441	-0.4149	3.4639	0.000	
40.677	-0.2201	-0.3990	3.2028	-0.3663	-0.8709	3.0645	-0.0386	-0.4576	3.2060	-0.3589	-0.3636	3.0829	-0.4553	-0.3308	3.2266	-0.2961	0.0384	3.2326	-0.1950	-0.3749	2.8681	-0.2400	-0.4135	3.4681	0.000	
40.710	-0.2196	-0.3976	3.2012	-0.3656	-0.8682	3.0626	-0.0361	-0.4604	3.2017	-0.3623	-0.3503	3.0814	-0.4541	-0.3331	3.2294	-0.2954	0.0396	3.2310	-0.1943	-0.3697	2.8651	-0.2395	-0.4139	3.4669	0.000	
40.745	-0.1158	-0.1907	2.9615	-0.3600	-0.8614	3.0590	-0.1881	-0.8966	2.9340	-0.1576	-0.0891	2.5260	-0.4540	-0.2794	3.4285	-0.0768	0.3731	2.4225	-0.1563	-0.2010	2.7050	-0.0728	-0.1759	3.1471	0.000	
40.790	-0.1492	-0.2492	3.0677	-0.3575	-0.8571	3.0589	-0.2066	-0.9266	2.9471	-0.1579	-0.0964	2.5541	-0.4414	-0.2511	3.4110	-0.0965	0.2643	2.3928	-0.1324	-0.2653	2.8090	-0.1626	-0.2275	3.2556	0.000	
40.827	-0.1490	-0.3041	3.0691	-0.3054	-0.8979	3.0830	-0.2139	-0.8658	2.9512	-0.1681	-0.1263	2.6093	-0.3538	-0.1057	3.3055	-0.0928	0.2987	2.4011	-0.1318	-0.2942	2.8239	-0.1628	-0.2997	3.2399	0.000	
40.861	-0.1491	-0.2037	3.0636	-0.2917	-0.8681	3.0773	-0.2049	-0.9130	2.9605	-0.1267	-0.0474	2.5375	-0.3694	-0.1662	3.3517	-0.0705	0.3211	2.4307	-0.1212	-0.2004	2.8159	-0.1736	-0.2024	3.2404	0.000	
40.893	-0.1147	-0.2168	3.1540	-0.2506	-0.8412	3.1030	-0.2046	-0.9534	2.9381	-0.1677	-0.0963	2.6300	-0.4049	-0.2294	3.3936	-0.0798	0.2722	2.4002	-0.0607	-0.1954	3.0505	-0.1661	-0.2332	3.1868	0.000	
40.928	-0.1089	-0.2153	3.1484	-0.2298	-0.8670	3.1311	-0.2050	-0.9395	2.9438	-0.0982	-0.0395	2.6381	-0.3999	-0.2224	3.3837	-0.0665	0.2449	2.3991	-0.0602	-0.2042	3.0598	-0.1386	-0.2088	3.1400	0.000	
40.960	-0.0835	-0.1049	2.9538	-0.2402	-0.8168	3.1094	-0.1896	-0.8406	2.9070	-0.1003	-0.0412	2.6399	-0.4020	-0.2194	3.3794	-0.0790	0.2821	2.3992	-0.0527	-0.0977	2.9147	-0.1123	-0.1095	2.9220	0.000	
40.996	-0.0654	0.0694	2.9968	-0.2227	-0.5943	3.1381	-0.1841	-0.6683	2.9560	-0.0826	0.1750	2.6772	-0.3818	0.0052	3.4054	-0.0603	0.4771	2.4052	-0.0346	0.0717	2.9467	-0.0947	0.0655	2.9757	0.000	
41.029	-0.0631	0.0685	2.9979	-0.2233	-0.5807	3.1435	-0.1866	-0.6670	2.9623	-0.0832	0.1886	2.6827	-0.3824	0.0188	3.4108	-0.0520	0.4922	2.4205	-0.0319	0.0710	2.9494	-0.0924	0.0643	2.9757	0.000	
41.063	-0.1142	-0.0995	3.1601	-0.2077	-0.7158	3.0636	-0.3062	-0.7452	3.1136	-0.3344	-0.3137	2.9838	-0.3809	-0.0676	3.3285	-0.3285	-0.1648	3.3362	-0.1373	-0.1652	2.8097	-0.0887	-0.0321	3.4395	0.000	
41.093	0.2235	0.2862	2.1773	0.2463	-0.3948	1.9785	0.0717	-0.4108	2.0167	0.0837	0.4006	2.2361	-0.0307	0.4838	2.3956	0.0596	0.2545	2.2913	0.2473	0.2082	2.1345	0.1925	0.3549	2.1499	1.200	
41.129	0.3402	0.3950	2.3919	0.1231	-0.2489	1.9959	0.0321	-0.2813	2.0457	0.0351	0.4628	2.2125	-0.0792	0.5459	2.3720	0.0105	0.3328	2.2747	0.3692	0.3403	2.3415	0.3012	0.4382	2.3728	0.000	
41.162	0.1121	-0.0716	2.9944	-0.1078	-0.3502	3.1300	-0.2799	-0.8873	3.0809	-0.1014	0.3421	2.7388	-0.2166	0.3442	2.9332	-0.2393	0.1871	3.1916	0.1398	-0.0233	2.8647	0.0819	-0.1182	3.0530	0.000	
41.195	0.0744	0.0458	2.8554	-0.0809	-0.1693	2.5301	-0.2931	-0.9187	3.0835	-0.0796	0.3738	2.4703	-0.3312	0.2379	3.1914	-0.1067	0.2216	2.6669	0.2163	0.1079	2.5543	-0.0684	-0.0171	3.0851	0.311	
41.228	-0.1028	-0.1383	3.0487	-0.1451	-0.8637	2.9978	-0.2995	-0.9059	3.0784	-0.1431	-0.0019	2.8586	-0.3475	0.1353	3.2446	-0.2731	0.0021	3.0855	-0.0537	-0.1227	3.0322	-0.1496	-0.1508	2.9942	0.000	
41.261	-0.1213	0.0785	3.3283	-0.1382	-0.7501	3.0336	-0.2995	-0.9041	3.0771	-0.0788	-0.0026	2.7602	-0.3378	0.1951	3.2070	-0.2385	0.0090	2.9762	-0.0707	0.0902	3.2650	-0.1693	0.0652	3.3205	0.000	
41.294	-0.0898	0.0340	3.3340	-0.1313	-0.8507	3.0256	-0.2984	-0.9031	3.0776	-0.1403	-0.0266	2.7579	-0.3335	0.1939	3.2314	-0.2540	0.0095	3.0042	-0.0436	0.0456	3.2709	-0.1342	0.0217	3.3261	0.000	
41.327	-0.1149	-0.2362	3.0709	-0.1275	-0.8520	3.0350	-0.2989	-0.9028	3.0777	-0.1271	0.1693	2.7035	-0.3226	0.3535	3.1584	-0.3775	0.3010	3.3219	-0.1747	-0.2301	2.9243	-0.0527	-0.2369	3.1466	0.000	
41.360	-0.1226	-0.2502	3.0717	-0.1951	-0.8723	3.0509	-0.2957	-0.9019	3.0783	-0.1261	0.1694	2.7070	-0.2744	0.3389	3.1609	-0.3778	0.2971	3.3235	-0.1782	-0.2351	2.9264	-0.0660	-0.2647	3.1443	0.000	
41.393	-0.1309	-0.2486	3.0776	-0.2097	-0.8898	3.0397	-0.2933	-0.9026	3.0782	-0.1253	0.1663	2.7086	-0.3200	0.3746	3.1829	-0.3822	0.2965	3.3276	-0.1808	-0.2368	2.9334	-0.0851	-0.2535	3.1511	0.000	
41.428	-0.1758	-0.3015	3.1340	-0.2063	-0.8836	3.0282	-0.2940	-0.9029	3.0802	-0.1208	0.1735	2.7102	-0.3289	0.3664	3.1849	-0.3827	0.2948	3.3310	-0.2166	-0.2834	3.0820	-0.1311	-0.3127	3.1153	0.000	
41.460	-0.1697	-0.3065	3.1285	-0.1899	-0.8799	3.0097	-0.2942	-0.9031	3.0821	-0.1037	0.1580	2.6832	-0.3473	0.3645	3.1905	-0.3865	0.2961	3.3338	-0.2028	-0.3052	3.0732	-0.1280	-0.3102	3.1107	0.000	
41.494	-0.1666	-0.3078	3.1133	-0.1868	-0.8788	3.0075	-0.2944	-0.9043	3.0859	-0.0986	0.1583	2.6817	-0.3214	0.3662	3.1974	-0.3790	0.2986	3.3388	-0.2038	-0.3070	3.0649	-0.1221	-0.3039	3.0887	0.000	
41.528	-0.2359	-0.3036	3.1674	-0.1708	-0.8938	3.0457	-0.2942	-0.9047	3.0897	-0.0962	0.1596	2.6816	-0.3319	0.3635	3.2034	-0.3789	0.2942	3.3406	-0.2865	-0.2950	2.8729	-0.1804	-0.3055	3.3912	0.000	
41.561	-0.2199	-0.2959	3.1662	-0.1645	-0.8918	3.0362	-0.2933	-0.9142	3.0974	-0.0924	0.1605	2.6827	-0.3074	0.3910	3.1912	-0.3779	0.2913	3.3409	-0.2709	-0.2853	2.8714	-0.1641	-0.2997	3.3903	0.000	
41.593	-0.2206	-0.2967	3.1674	-0.1583	-0.8671	2.9504	-0.2812	-0.9104	3.0862	-0.0878	0.1634	2.6825	-0.2745	0.3921	3.2115	-0.3805	0.2924	3.3410	-0.2700	-0.2925	2.8766	-0.1668	-0.2978	3.3905	0.000	
41.627	0.0844	-0.3588	2.5646	0.1618	-0.9064	2.3858	0.0565	-0.9230	2.4406	-0.0104	0.2970	2.2974	-0.0635	0.4752	2.6587	-0.0009	0.2899	2.6204	0.0308	-0.3559	2.5227	0.1356	-0.3519	2.5362	0.470	
41.661	-0.2174	-0.2463	3.0719	-0.1468	-0.9427	3.0164	-0.2776	-0.9106	3.0936	0.0267	0.2632	2.3103	-0.1217	0.4980	2.6758	-0.3767	0.3005	3.3445	-0.1826	-0.2735	3.0271	-0.2471	-0.2134	3.0461	0.000	
41.693	-0.2425	-0.2922	3.0927	-0.1469	-0.9420	3.0164	-0.2511	-0.9522	3.1182	0.0241	0.2720	2.3059	-0.0161	0.3511	2.4770	-0.3761	0.2980	3.3440	-0.2289	-0.3535	2.8857	-0.2505	-0.2246	3.2291	0.000	
41.727	-0.2329	-0.2975	3.0902	-0.1755	-0.9425	3.0376	-0.2924	-0.9325	3.1061	0.0257	0.2720	2.3053	-0.0112	0.3548	2.4733	-0.3799	0.2963	3.3444	-0.2194	-0.3607	2.8816	-0.2408	-0.2281	3.2281	0.000	
41.760	-0.2372	-0.3386	3.1581	-0.1796	-0.9404	3.0397	-0.2815	-0.9976	3.1120	-0.0575	0.1594	2.6667	-0.4222	0.3094	3.1854	-0.3798	0.2966	3.3437	-0.2053	-0.3012	2.9062	-0.2637	-0.3685	3.3396	0.000	
41.792	-0.2422	-0.3441	3.1582	-0.1806	-0.9406	3.0383	-0.2971	-0.9376	3.1088	-0.0624	0.1760	2.6708	-0.4224	0.3092	3.1856	-0.3792	0.2961	3.3434	-0.2105	-0.3084	2.9086	-0.2688	-0.3727	3.3378	0.000	
41.827	-0.2494	-0.3437	3.1610	-0.1827	-0.9078	3.0350	-0.2973	-0.9365	3.1089	-0.0506	0.1607	2.6710	-0.4237	0.3077	3.1855	-0.3793	0.2959	3.3435	-0.2165	-0.3074	2.9088	-0.2776	-0.3729	3.3439	0.000	
41.860	-0.2723	-0.3366	3.1629	-0.1812	-0.9029	3.0288	-0.2980	-0.9366	3.1100	-0.0662	0.1803	2.6725	-0.4247	0.3062	3.1847	-0.3790	0.2954	3.3429	-0.2347	-0.3014	2.9078	-0.3044	-0.3645	3.3486	0.000	
41.893	-0.2716	-0.3365	3.1629	-0.1810	-0.9126	3.0290	-0.2982	-0.9367	3.1099	-0.0614	0.1937	2.6785	-0.4310	0.3047	3.1886	-0.3793	0.2941	3.3436	-0.2344	-0.3009	2.9077	-0.3023	-0.3650	3.3486	0.000	
41.927	-0.2707	-0.3321	3.1640	-0.1816	-0.9127	3.0291	-0.2987	-0.9343	3.1100	-0.0617	0.1942	2.6785	-0.2309	0.3630	2.9958	-0.3824	0.2942	3.3426	-0.2341	-0.2981	2.9076	-0.3006	-0.3583	3.3512	0.000	
41.956	-0.2710	-0.3348	3.1608	-0.1821	-0.9128	3.0294	-0.2999	-0.9348	3.1099	-0.0509	0.1694	2.6688	-0.2311	0.3640	2.9949	-0.3841	0.2944	3.3425	-0.2338	-0.3032	2.9079	-0.3023	-0.3598	3.3395	0.000	
41.993	-0.2700	-0.3339	3.1598	-0.1811	-0.9126	3.0265	-0.3000	-0.9344	3.1094	-0.0515	0.1693	2.6694	-0.2270	0.3450	3.0041	-0.3930	0.3030	3.3390	-0.2308	-0.3020	2.9046	-0.3021	-0.3588	3.3400	0.000	
42.026	-0.2694	-0.3265	3.1619	-0.1604	-0.9862	3.0281	-0.3007	-0.9339	3.1089	-0.0476	0.1672	2.6700	-0.2273	0.3441	3.0037	-0.3952	0.3030	3.3360	-0.2305	-0.2964	2.9045	-0.3017	-0.3477	3.3483	0.000	
42.060	-0.2694	-0.3204	3.1643	-0.1617	-0.9879	3.0134	-0.3112	-0.9284	3.1099	-0.0411	0.1280	2.6674	-0.2381	0.3404	3.0213	-0.3974	0.3142	3.3311	-0.2316	-0.2906	2.9055	-0.3007	-0.3419	3.3525	0.000	
42.093	-0.2697	-0.3130	3.1672	-0.1826	-0.8990	2.9946	-0.3140	-0.9265	3.1106	-0.0365	0.0847	2.6687	-0.2458	0.4214	2.9739	-0.3951	0.3216	3.3272	-0.2317	-0.2841	2.9056	-0.3014	-0.3336	3.3594	0.000	
42.126	-0.2705	-0.3126	3.1675	-0.1860	-0.8933	2.9833	-0.3161	-0.9257	3.1107	-0.0400	0.1023	2.6700	-0.2475	0.4126	2.9653	-0.3941	0.3241	3.3220	-0.2328	-0.2837	2.9056	-0.3019	-0.3335	3.3597	0.000	
42.160	-0.2710	-0.3118	3.1675	-0.1896	-0.8920	2.9799	-0.3219	-0.9235	3.1122	-0.0458	0.1297	2.6697	-0.2506	0.3850	2.9737	-0.3930	0.3279	3.3154	-0.2344	-0.2820	2.9059	-0.3019	-0.3333	3.3597	0.000	
42.193	-0.2716	-0.3084	3.1671	-0.1955	-0.8887	2.9694	-0.3240	-0.9238	3.1116	-0.0423	0.1011	2.6732	-0.2572	0.3918	2.9776	-0.3936	0.3297	3.3145	-0.2358	-0.2778	2.9053	-0.3019	-0.3312	3.3591	0.000	
42.226	-0.2738	-0.3055	3.1667	-0.1986	-0.8852	2.9628	-0.3243	-0.9229	3.1111	-0.0482	0.1299	2.6739	-0.2591	0.3644	3.0511	-0.3905	0.3362	3.3088	-0.2379	-0.2750	2.9044	-0.3039	-0.3286	3.3593	0.000	
42.260	-0.2807	-0.3028	3.1641	-0.2044	-0.8793	2.9480	-0.3257	-0.9183	3.1068	-0.0470	0.0838	2.6656	-0.2586	0.3615	3.0484	-0.3850	0.3420	3.3033	-0.2446	-0.2724	2.9011	-0.3106	-0.3262	3.3572	0.000	
42.293	-0.2817	-0.3014	3.1625	-0.2075	-0.8720	2.9343	-0.3264	-0.9217	3.1044	-0.0556	0.1150	2.6620	-0.4069	0.0275	3.1913	-0.3846	0.3452	3.2933	-0.2459	-0.2693	2.8993	-0.3114	-0.3259	3.3555	0.000	
42.326	-0.2818	-0.2966	3.1616	-0.2072	-0.8687	2.9269	-0.3264	-0.9221	3.1041	-0.0691	0.1460	2.6654	-0.3992	0.0078	3.1742	-0.3781	0.3576	3.2853	-0.2464	-0.2596	2.8977	-0.3113	-0.3246	3.3552	0.000	
42.360	-0.2811	-0.2934	3.1588	-0.2071	-0.8634	2.9097	-0.3270	-0.9223	3.1034	-0.0637	0.1502	2.6482	-0.4077	0.0294	3.1776	-0.3820	0.3635	3.2792	-0.2455	-0.2580	2.8953	-0.3107	-0.3204	3.3522	0.000	
42.393	-0.2815	-0.2929	3.1525	-0.2053	-0.8653	2.8987	-0.3278	-0.9212	3.1023	-0.0624	0.1577	2.6477	-0.4109	0.0111	3.1673	-0.3753	0.3647	3.2674	-0.2448	-0.2580	2.8903	-0.3123	-0.3201	3.3444	0.000	
42.426	-0.2831	-0.2969	3.1462	-0.2052	-0.8646	2.8872	-0.3253	-0.9142	3.1029	-0.0468	0.3111	2.7178	-0.4051	0.0309	3.1504	-0.3773	0.3629	3.2625	-0.2448	-0.2663	2.8840	-0.3153	-0.3213	3.3369	0.000	
42.460	-0.2809	-0.2977	3.1386	-0.2023	-0.8615	2.8749	-0.3247	-0.9143	3.1032	-0.0518	0.1615	2.6355	-0.4090	0.0517	3.1536	-0.3774	0.3615	3.2552	-0.2423	-0.2673	2.8800	-0.3138	-0.3213	3.3255	0.000	
42.493	-0.2775	-0.3003	3.1260	-0.1971	-0.8595	2.8589	-0.3246	-0.9149	3.1010	-0.0502	0.1574	2.6166	-0.4086	0.0548	3.1488	-0.3669	0.3649	3.2413	-0.2384	-0.2700	2.8717	-0.3110	-0.3236	3.3090	0.000	
42.527	-0.2748	-0.3004	3.1181	-0.1932	-0.8729	2.8474	-0.3252	-0.9149	3.0995	-0.0498	0.1570	2.6131	-0.4047	0.0412	3.1268	-0.3619	0.3663	3.2361	-0.2344	-0.2706	2.8658	-0.3095	-0.3233	3.2996	0.000	
42.560	-0.2576	-0.2654	3.0407	-0.1803	-0.9116	2.8568	-0.3257	-0.9117	3.0964	0.0233	0.3830	2.2612	-0.2311	0.3518	2.7409	-0.2099	0.1971	2.7830	-0.2430	-0.3289	2.8507	-0.2662	-0.1961	3.1605	0.000	
42.594	-0.2605	-0.2668	3.0436	-0.1870	-0.8512	2.8329	-0.3189	-0.9117	3.0817	0.0343	0.3200	2.3624	-0.2480	0.3531	2.7501	-0.2288	0.1538	2.8336	-0.2491	-0.3337	2.8536	-0.2675	-0.1954	3.1638	0.000	
42.650	-0.2674	-0.2962	3.0193	-0.1838	-0.8487	2.8202	-0.3280	-0.9560	3.0659	0.0634	0.3837	2.4258	-0.2416	0.3392	2.7393	-0.2210	0.1650	2.8204	-0.2512	-0.3607	2.8295	-0.2777	-0.2250	3.1394	0.000	
42.680	-0.2777	-0.2955	3.0075	-0.1778	-0.8511	2.8077	-0.3181	-0.9180	3.0447	0.0852	0.3021	2.4392	-0.2413	0.3393	2.7385	-0.2012	0.1895	2.7882	-0.2612	-0.3577	2.8215	-0.2884	-0.2271	3.1221	0.000	
42.710	-0.2861	-0.3093	3.0245	-0.1775	-0.8510	2.8032	-0.3191	-0.9150	3.0430	0.0455	0.2916	2.3508	-0.2416	0.3396	2.7371	-0.2005	0.1901	2.7890	-0.2546	-0.3469	2.9693	-0.3187	-0.2775	3.0257	0.000	
42.744	-0.3035	-0.3417	3.0236	-0.1755	-0.8490	2.7959	-0.3227	-0.9816	3.0433	0.0490	0.2405	2.3195	-0.2445	0.3348	2.7339	-0.2012	0.1908	2.7892	-0.2638	-0.3881	2.9290	-0.3375	-0.2948	3.0432	0.000	
42.777	-0.3036	-0.3493	3.0164	-0.1748	-0.8478	2.7900	-0.3250	-0.9406	3.0325	0.0489	0.2399	2.3202	-0.2457	0.3353	2.7325	-0.2014	0.1917	2.7887	-0.2637	-0.3914	2.9239	-0.3371	-0.3013	3.0385	0.000	
42.810	-0.3038	-0.3528	3.0117	-0.1746	-0.8453	2.7825	-0.3253	-0.9940	3.0502	0.0427	0.2419	2.3297	-0.2491	0.3333	2.7339	-0.2024	0.1953	2.7855	-0.2634	-0.3955	2.9176	-0.3375	-0.3033	3.0356	0.000	
42.843	-0.3032	-0.3533	3.0104	-0.1742	-0.8457	2.7778	-0.3260	-0.9934	3.0467	0.0548	0.2493	2.3518	-0.1085	0.0411	2.6243	-0.2005	0.1985	2.7845	-0.2575	-0.3975	2.9120	-0.3385	-0.3032	3.0355	0.000	
42.877	-0.2900	-0.3217	2.9856	-0.1741	-0.8475	2.7733	-0.3249	-0.9398	3.0222	0.0685	0.2484	2.3856	-0.1084	0.0406	2.6238	-0.1836	0.2520	2.8176	-0.2343	-0.3463	2.8741	-0.3375	-0.2938	3.0293	0.000	
42.950	-0.2846	-0.3199	2.9735	-0.1687	-0.8454	2.7667	-0.3268	-0.9384	3.0161	0.0905	0.2519	2.4137	-0.0974	0.0366	2.6128	-0.1799	0.2577	2.8148	-0.2323	-0.3442	2.8687	-0.3272	-0.2900	3.0050	0.000	
42.980	-0.2811	-0.3209	2.9677	-0.1653	-0.8444	2.7639	-0.3256	-0.9376	3.0104	0.0936	0.2539	2.4176	-0.1012	0.0385	2.6177	-0.1990	0.2661	2.7947	-0.2266	-0.3455	2.8602	-0.3266	-0.2902	3.0031	0.000	
43.014	-0.2780	-0.3186	2.9624	-0.1635	-0.8428	2.7624	-0.3249	-0.9380	3.0086	0.0881	0.2495	2.4061	-0.1402	-0.0040	2.5937	-0.1950	0.2734	2.7900	-0.2246	-0.3426	2.8563	-0.3235	-0.2884	2.9977	0.000	
43.047	-0.2772	-0.3201	2.9576	-0.1628	-0.8426	2.7617	-0.3111	-0.9361	3.0013	0.1068	0.2505	2.4049	-0.3792	-0.1704	2.8633	-0.1878	0.2730	2.7866	-0.2225	-0.3456	2.8513	-0.3241	-0.2882	2.9933	0.000	
43.078	-0.2707	-0.3164	2.9482	-0.1618	-0.8418	2.7594	-0.3004	-0.9858	3.0127	0.1133	0.2961	2.3973	-0.3815	-0.1842	2.8615	-0.1878	0.2867	2.7916	-0.2105	-0.3402	2.8356	-0.3220	-0.2858	2.9890	0.000	
43.112	-0.2744	-0.3163	2.9432	-0.1611	-0.8422	2.7565	-0.3114	-0.9350	2.9929	0.1156	0.2062	2.3772	-0.2725	-0.1368	2.7334	-0.1886	0.2846	2.7897	-0.2223	-0.3502	2.8134	-0.3245	-0.2807	2.9903	0.000	
43.146	-0.2737	-0.3170	2.9405	-0.1610	-0.8418	2.7532	-0.3161	-0.9341	2.9919	0.0915	0.3061	2.3794	-0.2602	-0.1500	2.7252	-0.1900	0.2842	2.7883	-0.2215	-0.3512	2.8107	-0.3234	-0.2801	2.9905	0.000	
43.179	-0.2822	-0.3221	2.9385	-0.1617	-0.8419	2.7496	-0.3163	-0.9343	2.9918	0.0875	0.3387	2.3781	-0.1259	0.2462	2.5911	-0.1841	0.2597	2.7812	-0.2400	-0.3730	2.8106	-0.3260	-0.2770	2.9908	0.000	
43.212	-0.2817	-0.3225	2.9369	-0.1625	-0.8416	2.7487	-0.3140	-0.9860	3.0085	0.1028	0.3035	2.4304	-0.1360	0.2640	2.5944	-0.1880	0.2626	2.7821	-0.2380	-0.3722	2.8092	-0.3252	-0.2759	2.9898	0.000	
43.246	-0.2797	-0.3209	2.9337	-0.1635	-0.8411	2.7468	-0.3138	-0.9858	3.0085	0.0962	0.2831	2.4183	-0.1367	0.2575	2.5961	-0.1901	0.2565	2.7817	-0.2292	-0.3641	2.8051	-0.3245	-0.2748	2.9878	0.000	
43.280	-0.2792	-0.3230	2.9330	-0.1638	-0.8411	2.7458	-0.3142	-0.9771	3.0057	0.1444	0.2182	2.3697	-0.1399	0.2637	2.5984	-0.1930	0.2558	2.7834	-0.2287	-0.3651	2.8080	-0.3233	-0.2788	2.9828	0.000	
43.312	-0.2733	-0.3221	2.9283	-0.1642	-0.8420	2.7437	-0.3135	-0.9780	3.0062	0.1466	0.1968	2.3714	-0.1104	0.2489	2.5963	-0.1970	0.2736	2.7914	-0.2183	-0.3570	2.8058	-0.3196	-0.2809	2.9775	0.000	
43.346	-0.2667	-0.3279	2.9305	-0.1662	-0.8418	2.7429	-0.3124	-0.9785	3.0080	0.1649	0.1925	2.3834	-0.1221	0.2440	2.6046	-0.2006	0.2685	2.7936	-0.2087	-0.3616	2.8112	-0.3161	-0.2871	2.9786	0.000	
43.380	-0.2567	-0.3519	2.9326	-0.1673	-0.8419	2.7420	-0.3146	-0.9371	2.9952	0.0769	0.1166	2.4207	-0.1183	0.2267	2.6009	-0.3284	0.3369	3.0103	-0.2752	-0.3682	2.7939	-0.2239	-0.3469	3.0034	0.000	
43.413	-0.2570	-0.3593	2.9318	-0.1705	-0.8427	2.7409	-0.3115	-0.9862	3.0120	0.0622	0.1155	2.4492	-0.1116	0.2244	2.6038	-0.3441	0.3786	2.9993	-0.2719	-0.3679	2.8113	-0.2370	-0.3635	2.9731	0.000	
43.445	-0.2559	-0.3598	2.9323	-0.1718	-0.8441	2.7388	-0.3151	-0.9381	2.9994	0.0944	0.0604	2.4423	-0.1119	0.2243	2.6030	-0.3468	0.3777	3.0001	-0.2696	-0.3657	2.8128	-0.2356	-0.3620	2.9754	0.000	
43.480	-0.2552	-0.3575	2.9350	-0.1723	-0.8441	2.7385	-0.3160	-0.9414	3.0092	0.0945	0.0605	2.4422	-0.1107	0.2250	2.6028	-0.3463	0.3778	3.0002	-0.2694	-0.3607	2.8184	-0.2335	-0.3522	2.9813	0.000	
43.513	-0.2557	-0.3593	2.9363	-0.1731	-0.8443	2.7384	-0.3188	-0.9439	3.0226	0.0910	0.0602	2.4449	-0.1217	0.2169	2.6190	-0.3513	0.3791	3.0024	-0.2712	-0.3609	2.8211	-0.2334	-0.3539	2.9817	0.000	
43.546	-0.2557	-0.3598	2.9386	-0.1738	-0.8441	2.7384	-0.3150	-0.9532	3.0263	0.0755	0.0329	2.4479	-0.1200	0.2349	2.6094	-0.3494	0.3823	2.9946	-0.2833	-0.3604	2.8264	-0.2222	-0.3544	2.9870	0.000	
43.579	-0.2519	-0.3573	2.9500	-0.1736	-0.8463	2.7387	-0.3170	-0.9586	3.0428	0.0830	0.0698	2.4531	-0.1114	0.2256	2.6042	-0.3565	0.3891	2.9833	-0.2657	-0.3485	2.8542	-0.2233	-0.3544	2.9882	0.000	
43.612	-0.2609	-0.3510	2.9785	-0.1760	-0.8464	2.7418	-0.3166	-1.0264	3.0853	0.0650	0.1281	2.4542	-0.1128	0.2283	2.6046	-0.2826	0.4012	2.9773	-0.2784	-0.3451	2.8877	-0.2327	-0.3496	3.0002	0.000	
43.646	-0.2602	-0.3588	2.9919	-0.1775	-0.8463	2.7434	-0.3166	-1.0274	3.0874	0.0513	0.1145	2.4706	-0.1092	0.2282	2.5998	-0.3710	0.3652	3.0420	-0.2725	-0.3551	2.9129	-0.2370	-0.3554	3.0060	0.000	
43.679	-0.2631	-0.3533	3.0066	-0.1774	-0.8484	2.7461	-0.3342	-0.9509	3.0522	0.0530	0.0685	2.4702	-0.1125	0.2276	2.5929	-0.3839	0.3771	3.0103	-0.2879	-0.3462	2.9253	-0.2318	-0.3512	3.0230	0.000	
43.709	-0.2679	-0.3674	3.0297	-0.1781	-0.8470	2.7499	-0.3366	-0.9676	3.0456	0.0532	0.0655	2.4795	-0.1126	0.1787	2.6042	-0.3405	0.3508	3.0244	-0.2970	-0.3574	2.9454	-0.2321	-0.3679	3.0441	0.000	
43.746	-0.2451	-0.3904	3.0270	-0.1797	-0.8473	2.7538	-0.3145	-0.8650	3.0486	0.0393	0.1342	2.4795	-0.2455	0.1330	2.8165	-0.3279	0.3479	3.0375	-0.1875	-0.3735	2.9452	-0.2850	-0.4103	3.0375	0.000	
43.776	-0.2796	-0.4006	3.0545	-0.1805	-0.8458	2.7601	-0.3172	-0.8660	3.0583	0.0330	0.0900	2.4869	-0.2453	0.1569	2.8211	-0.3138	0.3462	3.0487	-0.2267	-0.3937	2.9922	-0.3277	-0.4002	3.0497	0.000	
43.811	-0.2774	-0.4081	3.0594	-0.1822	-0.8445	2.7707	-0.3165	-0.8689	3.0639	0.0449	0.1039	2.5064	-0.2383	0.1494	2.7996	-0.3213	0.3225	3.0765	-0.2209	-0.3990	3.0020	-0.3275	-0.4101	3.0500	0.000	
43.843	-0.2756	-0.3331	3.0736	-0.1839	-0.8422	2.7778	-0.3189	-0.8686	3.0722	-0.0556	0.3046	2.5302	-0.2220	0.1733	2.7387	-0.0995	0.3901	2.5811	-0.2276	-0.3257	3.0378	-0.3173	-0.3329	3.0393	0.000	
43.876	-0.2715	-0.3319	3.0755	-0.1843	-0.8459	2.7843	-0.3128	-0.9555	3.0822	-0.1637	0.3489	2.5689	-0.2406	0.1877	2.7612	-0.1000	0.3903	2.5798	-0.2201	-0.3207	3.0444	-0.3148	-0.3335	3.0390	0.000	
43.911	-0.2502	-0.3512	3.1054	-0.1873	-0.8487	2.7948	-0.3198	-0.8887	3.0880	-0.1715	0.4253	2.5530	-0.3937	0.3409	3.0204	-0.1262	0.3046	2.6683	-0.1848	-0.3313	3.0954	-0.3079	-0.3580	3.0482	0.000	
43.970	-0.2364	-0.3473	3.1208	-0.1866	-0.8491	2.7997	-0.3095	-0.9707	3.0752	-0.1926	0.3698	2.5397	-0.3967	0.3333	3.0241	-0.1274	0.3056	2.6682	-0.1721	-0.3314	3.0820	-0.2884	-0.3511	3.1153	0.000	
44.000	-0.2293	-0.3421	3.1295	-0.1873	-0.9098	2.7881	-0.3129	-0.9710	3.1145	-0.1807	0.3834	2.5535	-0.3970	0.3322	3.0247	-0.1280	0.3055	2.6672	-0.1678	-0.3271	3.0822	-0.2861	-0.3500	3.1176	0.000	
44.030	-0.2274	-0.3482	3.1494	-0.1826	-0.8437	2.8212	-0.3281	-0.9722	3.1228	-0.1794	0.3887	2.5539	-0.4023	0.3238	3.0316	-0.1303	0.3030	2.6670	-0.1597	-0.3283	3.1154	-0.2875	-0.3566	3.1217	0.000	
44.060	-0.2305	-0.3483	3.1576	-0.1731	-0.9001	2.8039	-0.3277	-0.9766	3.1214	-0.1744	0.3918	2.5580	-0.3975	0.2704	3.0908	-0.1341	0.2875	2.6765	-0.1627	-0.3281	3.1186	-0.2906	-0.3587	3.1302	0.000	
44.092	-0.2476	-0.3140	3.2092	-0.1714	-0.8442	2.8397	-0.3211	-0.9655	3.1129	-0.1752	0.3901	2.5638	-0.4120	0.2632	3.0989	-0.1356	0.2851	2.6800	-0.1744	-0.2840	3.1593	-0.3152	-0.3371	3.1887	0.000	
44.126	-0.2428	-0.3120	3.2078	-0.1697	-0.8453	2.8462	-0.3231	-0.9648	3.1220	-0.1691	0.3826	2.5581	-0.4039	0.2691	3.0896	-0.1328	0.2792	2.6755	-0.1710	-0.2801	3.1590	-0.3079	-0.3371	3.1855	0.000	
44.159	-0.2341	-0.4206	3.2793	-0.1684	-0.8474	2.8512	-0.3196	-0.8786	3.1322	-0.2928	-0.0376	2.8546	-0.4751	0.3431	3.2327	-0.2413	0.1498	2.9992	-0.1237	-0.3760	3.2419	-0.3394	-0.4561	3.2465	0.000	
44.192	-0.2378	-0.3194	3.2291	-0.1652	-0.8959	2.8390	-0.3239	-0.9723	3.1308	-0.1910	0.1291	2.6343	-0.4049	0.1948	3.1683	-0.1408	0.2730	2.6970	-0.1667	-0.2858	3.1914	-0.3036	-0.3459	3.1964	0.000	
44.226	-0.2161	-0.1896	3.1627	-0.1700	-0.8489	2.8668	-0.3164	-0.9294	3.1287	-0.2355	0.2983	2.5566	-0.3882	0.2654	3.0805	-0.1174	0.5066	2.5611	-0.1499	-0.1449	3.1035	-0.2774	-0.2301	3.1512	0.000	
44.259	-0.2162	-0.2326	3.1983	-0.1658	-0.8858	2.8496	-0.3025	-0.9139	3.1107	-0.2225	0.2799	2.5486	-0.3713	0.2343	3.0219	-0.1142	0.3993	2.5579	-0.1450	-0.1853	3.1522	-0.2825	-0.2742	3.1734	0.000	
44.292	-0.2272	-0.2661	3.2782	-0.1601	-0.8887	2.8562	-0.3147	-0.9355	3.1256	-0.2021	0.1897	2.5794	-0.4111	0.2438	3.1446	-0.1609	0.2749	2.7030	-0.1470	-0.2155	3.2323	-0.3025	-0.3109	3.2534	0.000	
44.326	-0.2271	-0.2658	3.2781	-0.1616	-0.8912	2.8627	-0.3181	-0.9345	3.1307	-0.3765	0.2521	2.6257	-0.4118	0.2457	3.1497	-0.1618	0.2737	2.7059	-0.1469	-0.2145	3.2278	-0.3021	-0.3096	3.2571	0.000	
44.359	-0.2486	-0.2679	3.2754	-0.1573	-0.8877	2.8691	-0.3183	-0.9153	3.1349	-0.3000	0.2859	2.5518	-0.4012	0.2207	3.1140	-0.1475	0.2231	2.7018	-0.1900	-0.2312	3.2672	-0.3251	-0.3012	3.2100	0.000	
44.393	-0.1676	-0.3365	3.2160	-0.1484	-0.9113	2.8787	-0.3198	-0.9071	3.1399	-0.2176	0.1810	2.7075	-0.5299	0.3837	3.3350	-0.3700	0.2403	3.2834	-0.0736	-0.2556	3.1271	-0.2579	-0.4100	3.2342	0.000	
44.426	-0.1682	-0.4185	3.2302	-0.1927	-0.9006	2.8674	-0.3200	-0.8979	3.1447	-0.2180	0.1800	2.7105	-0.5300	0.3839	3.3350	-0.3703	0.2407	3.2871	-0.0890	-0.3953	3.2244	-0.2438	-0.4325	3.1656	0.000	
44.459	-0.1657	-0.4195	3.2344	-0.1597	-0.9202	2.8803	-0.2875	-0.9145	3.1269	-0.2180	0.1796	2.7112	-0.5086	0.3815	3.3298	-0.3702	0.2405	3.2879	-0.0867	-0.3959	3.2271	-0.2413	-0.4340	3.1719	0.000	
44.493	-0.1653	-0.4194	3.2358	-0.1590	-0.9210	2.8845	-0.2873	-0.9151	3.1271	-0.2190	0.1789	2.7132	-0.5059	0.3806	3.3306	-0.3710	0.2409	3.2905	-0.0860	-0.3958	3.2285	-0.2411	-0.4340	3.1731	0.000	
44.526	-0.1638	-0.4201	3.2463	-0.1521	-0.9149	2.8938	-0.2713	-0.9243	3.1168	-0.2079	0.1541	2.7034	-0.3260	-0.0652	3.0662	-0.3709	0.2411	3.2907	-0.0842	-0.3958	3.2467	-0.2399	-0.4349	3.1778	0.000	
44.559	-0.1726	-0.4229	3.2609	-0.1572	-0.8454	2.9269	-0.2876	-0.9204	3.1312	-0.2090	0.1535	2.7017	-0.3405	-0.0603	3.0589	-0.3698	0.2439	3.2899	-0.0963	-0.4003	3.2685	-0.2453	-0.4365	3.1849	0.000	
44.593	-0.1698	-0.4218	3.2603	-0.1490	-0.8552	2.9293	-0.2874	-0.9204	3.1323	-0.2115	0.1504	2.7031	-0.2863	0.0357	3.0629	-0.3704	0.2435	3.2917	-0.0916	-0.3980	3.2685	-0.2436	-0.4360	3.1834	0.000	
44.626	-0.1681	-0.4196	3.2629	-0.1486	-0.8562	2.9316	-0.3312	-1.0103	3.1643	-0.2134	0.1482	2.7034	-0.2856	0.0357	3.0615	-0.3709	0.2441	3.2930	-0.0879	-0.3906	3.2766	-0.2432	-0.4360	3.1834	0.000	
