% ref_X :3.0000
% max_spd :1.2000
% com_spd :0.6000
% repeat time :0.0000
% steady_interval :10.0000
% Time	A1	A2	A3	A4	A5	A6	Trigger	Speed	
158.832	-0.3988	-0.0043	-1.8453	-0.7275	-0.2015	-0.6618	-0.0678	0.0000	
158.862	0.0286	-0.5960	0.6861	-0.4974	-0.4645	-1.3521	-0.0803	0.0000	
158.892	0.2259	-0.0371	-0.1358	-0.2673	-0.4316	0.0944	-0.0622	0.0000	
158.922	0.5546	0.1601	-0.3002	0.2916	1.4094	0.7847	-0.0622	0.0000	
158.952	0.7847	-0.5632	1.4422	-0.3988	0.4560	-1.0563	-0.1059	0.0000	
158.982	-0.2344	0.2916	-2.0754	-0.4316	-4.5082	-1.1220	-0.0589	0.0000	
159.012	-0.4317	0.2587	-0.8262	-0.4645	0.3574	-1.1549	-0.0543	0.0000	
159.042	0.1601	-0.1358	0.2587	-0.0371	-0.4645	0.1272	-0.0612	0.0000	
159.072	0.1601	0.4889	1.2779	-0.4645	0.7519	-5.4944	-0.0612	0.0000	
159.102	0.4560	-0.0371	0.2916	1.4094	0.2259	-0.0371	-0.0549	0.0000	
159.132	-0.3659	-0.0371	1.0806	-0.6289	-0.3659	-0.3330	-0.0592	0.0000	
159.162	-0.1358	-0.4974	0.3902	-1.2206	-0.3988	-1.5165	-0.0605	0.0000	
159.192	-0.1029	0.4231	-0.1686	-0.3001	0.0286	-0.3659	-0.0579	0.0000	
159.222	0.5217	0.6204	-1.3193	0.2916	0.2916	0.2587	-0.0507	0.0000	
159.252	-0.1358	0.3245	-0.5632	-0.0700	0.2916	-0.7604	-0.0595	0.0000	
159.282	-0.2344	0.2916	-0.7604	-0.5960	-0.2015	-0.7604	-0.0556	0.0000	
159.312	-0.0043	-0.5960	0.7847	-0.2344	-0.2673	-2.1411	-0.0612	0.0000	
159.342	-0.1358	-0.0043	1.1135	-0.3001	-0.3001	0.2916	-0.0622	0.0000	
159.372	0.3902	-0.9248	-0.5632	0.3902	-0.0043	0.6204	-0.0638	0.0000	
159.402	-0.0371	0.7519	-1.5494	0.0944	-0.5631	1.5409	-0.0448	0.0000	
159.432	0.1930	-0.7933	0.5217	-0.3001	-0.6946	-0.2015	-0.0599	0.0000	
159.462	0.8505	-0.2673	-0.2673	-0.7933	-1.0891	-1.1549	-0.0599	0.0000	
159.492	0.1930	-0.1686	-0.2015	0.3574	-0.0371	-0.4316	-0.0638	0.0000	
159.522	0.3245	1.3107	-0.3988	-0.1686	0.5217	-1.8781	-0.0595	0.0000	
159.552	0.1930	0.0286	0.9491	-1.1549	-0.0371	0.2587	-0.0622	0.0000	
159.582	-0.2015	-0.1686	0.0944	-0.6946	-0.4316	-1.0234	-0.0750	0.0000	
159.612	0.0944	-0.3330	-1.0892	-0.6946	-2.7658	-2.2398	-0.0628	0.0000	
159.642	0.1601	-0.3659	0.9820	-0.2344	-0.5631	0.9820	-0.0605	0.0000	
159.672	0.2587	0.2916	-0.1029	0.1930	0.2587	0.0944	-0.0615	0.0000	
159.702	0.3245	-0.0371	0.8176	-0.5631	0.0615	-0.6618	-0.0612	0.0000	
159.732	-0.3988	0.6204	-1.4508	-0.5960	-0.0371	-1.3521	-0.0694	0.0000	
159.762	-0.2344	0.9162	-1.9110	-0.5960	-0.4645	-1.1878	-0.0566	0.0000	
159.792	0.0944	0.0615	-0.1029	-0.3330	-0.1358	-0.2344	-0.0612	0.0000	
159.822	0.0944	0.4231	1.2450	-0.3659	0.6532	0.6532	-0.0609	0.0000	
159.852	-0.1358	0.8176	-2.3384	0.3245	-0.1358	-0.0371	-0.0599	0.0000	
159.882	-0.3659	0.0944	-0.6618	-0.3001	-0.4645	-0.7933	-0.0832	0.0000	
159.912	-0.4317	-0.7604	-1.7467	-0.6946	-0.4316	-1.2864	-0.0641	0.0000	
159.942	0.1930	-0.2344	-0.2015	-0.2015	-0.2673	-0.1686	-0.0638	0.0000	
159.972	0.4560	0.6204	-1.2864	-1.5494	0.0944	-0.0043	-0.0651	0.0000	
160.002	-0.0043	0.0286	1.3107	-0.3659	0.3574	-0.7604	-0.0612	0.0033	
160.032	0.0286	0.0615	-0.9577	-0.4645	-0.1686	-2.1411	-0.0592	0.0066	
160.062	0.2259	-0.2673	-0.9248	0.1272	-0.1358	-1.8453	-0.0592	0.0066	
160.092	0.1601	0.4231	-0.6947	-0.3988	0.0615	0.1272	-0.0622	0.0100	
160.122	0.8176	0.2587	-0.2015	0.0615	0.1601	0.8834	-0.0628	0.0133	
160.152	0.0286	0.5546	-1.4179	0.2259	-0.4645	1.6066	-0.0586	0.0166	
160.182	-0.0043	-0.1029	-1.0563	-1.6151	-0.2344	-1.0563	-0.0632	0.0200	
160.212	-0.7275	0.4560	-2.4370	-0.4316	-1.1220	0.5217	-0.0605	0.0233	
160.242	0.0615	-0.1029	1.5737	-0.1029	-0.2344	-0.1029	-0.0579	0.0266	
160.272	0.2916	0.0944	2.0011	0.1272	0.1601	0.0944	-0.0546	0.0300	
160.302	-0.2015	0.5217	-0.9248	1.7052	-0.3330	0.4231	-0.0507	0.0333	
160.332	-0.2015	0.2916	-3.2918	-0.1358	-0.3988	-1.7138	-0.0618	0.0366	
160.362	0.2916	-0.3330	-1.0234	-0.5303	-0.4645	-2.0425	-0.0517	0.0366	
160.392	0.2587	-0.3659	0.1930	0.4889	-0.1686	-0.1358	-0.0510	0.0400	
160.422	0.2916	0.4231	0.1272	-0.0371	0.3902	7.7214	-0.0421	0.0433	
160.452	-0.4974	0.9491	-1.8782	0.3245	-0.5960	-0.3330	-0.0425	0.0466	
160.482	-0.2673	-0.0371	-0.8262	-1.8453	-0.0371	-1.9439	-0.0421	0.0500	
160.512	0.2916	-0.2344	-0.1029	-0.2015	0.0286	-1.7138	-0.0392	0.0533	
160.542	0.3245	0.1930	-1.1549	-0.1358	-0.0043	-1.0234	-0.0336	0.0566	
160.572	-0.0043	-0.1029	1.4751	-0.1029	0.2259	0.2587	-0.0355	0.0600	
160.602	-0.4317	0.7847	-0.4974	-0.2015	0.0286	-0.0043	-0.0372	0.0633	
160.632	-0.2673	-0.2344	0.3902	-0.6289	-0.8261	-0.2673	-0.0332	0.0666	
160.662	1.8696	-0.3330	0.6532	-0.6946	-0.3659	-1.0891	-0.0313	0.0666	
160.692	0.1930	0.1272	-1.0563	-0.0700	-0.0700	-2.0096	-0.0273	0.0700	
160.722	-0.3988	0.7847	-0.4317	-0.2344	1.1464	-0.4316	-0.0283	0.0733	
160.752	0.3902	0.4560	0.2587	-0.3001	0.2259	0.0286	-0.0257	0.0766	
160.782	-0.2344	0.0286	-0.6947	-0.3001	-0.5631	-0.3659	-0.0329	0.0800	
160.812	-0.4645	0.1930	-1.6809	-0.7604	-0.4316	-1.0563	-0.0293	0.0833	
160.842	-0.3330	0.7519	-0.3002	-0.3659	0.0615	-0.3001	-0.0263	0.0866	
160.872	0.5875	0.2916	0.2916	0.0615	0.3902	-0.3001	0.0279	0.0900	
160.902	-0.1029	0.5875	-1.3522	-0.0371	-0.1686	0.9162	-0.0247	0.0933	
160.932	-0.0043	-0.0371	-2.9630	-0.2344	-0.3988	-1.7466	-0.0257	0.0966	
160.962	-0.2015	-0.1358	-0.6947	-0.4974	-0.2673	-2.0096	-0.0234	0.0966	
160.992	-0.1358	0.2259	0.5546	-0.6618	-0.0371	0.2587	-0.0234	0.1000	
161.022	0.3245	0.4231	0.3574	0.2587	0.5875	-0.3988	-0.1404	0.1033	
161.052	-0.2344	0.5875	-3.6205	0.1930	-0.1358	0.1930	-0.0270	0.1066	
161.082	-0.2015	0.1601	-0.7275	-0.3988	-0.5960	-0.5303	-0.0231	0.1100	
161.112	-0.3659	0.0615	0.2916	-0.9905	-0.3330	-1.1549	-0.0487	0.1133	
161.142	-0.1029	0.3574	-0.9905	-0.3659	0.0286	-0.3001	-0.0214	0.1166	
161.172	0.2916	0.3574	0.1601	-0.0700	-0.2673	1.4094	-0.0244	0.1200	
161.202	0.6204	-0.3988	1.0477	-0.3330	0.1930	-1.2206	-0.0244	0.1233	
161.232	0.0286	0.2259	-1.1220	-0.3659	-0.4974	-0.5631	-0.0250	0.1266	
161.262	-0.0371	0.1930	-1.9768	-0.5303	-0.2673	-0.5631	-0.0227	0.1266	
161.292	0.1601	0.2259	-0.7604	-0.0043	-0.1358	-0.3988	-0.0211	0.1096	
