% Time	SBX	SBY	SBZ	FRX	FRY	FRZ	FLX	FLY	FLZ	WRX	WRY	WRZ	WLX	WLY	WLZ	HDX	HDY	HDZ	HRX	HRY	HRZ	HRLX	HLY	HLZ	SpdCom	ax	ay	az	gx	gy	gz	mx	my	mz	Angle
6.291	-0.2218	-0.7816	3.3560	-0.2084	-0.9348	2.9191	-0.5204	-0.9791	3.0541	-0.4613	-0.5171	3.1608	-0.5749	-0.8345	3.6922	-0.3244	-0.1603	3.4853	-0.1645	-0.7513	3.2613	-0.2750	-0.7973	3.3882	0.000	
6.325	-0.2259	-0.7963	3.4142	-0.2084	-0.9348	2.9192	-0.5205	-0.9796	3.0548	-0.4621	-0.5166	3.1614	-0.5755	-0.8346	3.6921	-0.3246	-0.1603	3.4853	-0.1653	-0.7767	3.3236	-0.2822	-0.8011	3.4414	0.000	
6.356	-0.2244	-0.7955	3.4145	-0.2091	-0.9351	2.9200	-0.5200	-0.9795	3.0546	-0.4527	-0.5157	3.1635	-0.5761	-0.8350	3.6920	-0.3248	-0.1600	3.4856	-0.1629	-0.7755	3.3239	-0.2815	-0.8006	3.4416	0.000	
6.448	-0.2225	-0.7956	3.4111	-0.2087	-0.9365	2.9198	-0.5202	-0.9801	3.0538	-0.4492	-0.5285	3.1567	-0.5731	-0.8362	3.6924	-0.3256	-0.1609	3.4864	-0.1604	-0.7751	3.3197	-0.2797	-0.8012	3.4382	0.000	
6.475	-0.2228	-0.7967	3.4106	-0.2092	-0.9375	2.9194	-0.5203	-0.9793	3.0535	-0.4413	-0.5282	3.1566	-0.5761	-0.8363	3.6921	-0.3255	-0.1607	3.4862	-0.1612	-0.7769	3.3196	-0.2799	-0.8020	3.4375	0.000	
6.507	-0.2226	-0.7968	3.4110	-0.2088	-0.9373	2.9193	-0.5203	-0.9812	3.0543	-0.4405	-0.5283	3.1562	-0.5803	-0.8312	3.6920	-0.3250	-0.1607	3.4860	-0.1610	-0.7770	3.3203	-0.2796	-0.8020	3.4378	0.000	
6.540	-0.2219	-0.7972	3.4110	-0.2091	-0.9362	2.9186	-0.5208	-0.9800	3.0541	-0.4366	-0.5295	3.1554	-0.5804	-0.8315	3.6929	-0.3249	-0.1608	3.4861	-0.1600	-0.7776	3.3208	-0.2792	-0.8022	3.4375	0.000	
6.573	-0.2216	-0.7974	3.4105	-0.2091	-0.9363	2.9188	-0.5208	-0.9806	3.0542	-0.4560	-0.5179	3.1621	-0.5784	-0.8342	3.6941	-0.3250	-0.1597	3.4862	-0.1596	-0.7777	3.3199	-0.2789	-0.8024	3.4373	0.000	
6.606	-0.2216	-0.7974	3.4103	-0.2088	-0.9366	2.9188	-0.5209	-0.9810	3.0543	-0.4574	-0.5193	3.1606	-0.5779	-0.8270	3.7015	-0.3251	-0.1606	3.4861	-0.1600	-0.7776	3.3195	-0.2789	-0.8024	3.4373	0.000	
6.639	-0.2216	-0.7974	3.4093	-0.2086	-0.9366	2.9187	-0.5273	-1.0116	3.0679	-0.4464	-0.5277	3.1567	-0.5770	-0.8241	3.7031	-0.3251	-0.1605	3.4861	-0.1602	-0.7775	3.3185	-0.2786	-0.8026	3.4363	0.000	
6.673	-0.2216	-0.7979	3.4092	-0.2088	-0.9364	2.9187	-0.5233	-0.9938	3.0586	-0.4537	-0.5207	3.1588	-0.5847	-0.8090	3.7106	-0.3250	-0.1607	3.4867	-0.1604	-0.7782	3.3183	-0.2785	-0.8029	3.4362	0.000	
6.707	-0.2216	-0.7983	3.4092	-0.2086	-0.9362	2.9185	-0.5232	-0.9923	3.0584	-0.4550	-0.5212	3.1589	-0.5810	-0.8145	3.7091	-0.3248	-0.1608	3.4872	-0.1604	-0.7789	3.3188	-0.2785	-0.8031	3.4360	0.000	
6.740	-0.2215	-0.7983	3.4091	-0.2090	-0.9361	2.9184	-0.5228	-0.9919	3.0580	-0.4580	-0.5216	3.1595	-0.5986	-0.8278	3.7292	-0.3261	-0.1608	3.4873	-0.1604	-0.7789	3.3188	-0.2784	-0.8032	3.4358	0.000	
6.773	-0.2216	-0.7987	3.4090	-0.2090	-0.9356	2.9183	-0.5228	-0.9905	3.0572	-0.4594	-0.5214	3.1583	-0.5703	-0.8382	3.6932	-0.3262	-0.1609	3.4872	-0.1604	-0.7794	3.3188	-0.2785	-0.8035	3.4355	0.000	
6.807	-0.2215	-0.7992	3.4091	-0.2090	-0.9354	2.9183	-0.5225	-0.9899	3.0567	-0.4609	-0.5197	3.1599	-0.5746	-0.8384	3.6933	-0.3259	-0.1609	3.4875	-0.1605	-0.7798	3.3192	-0.2782	-0.8042	3.4354	0.000	
6.843	-0.2214	-0.7992	3.4090	-0.2090	-0.9349	2.9182	-0.5225	-0.9898	3.0566	-0.4618	-0.5183	3.1609	-0.5758	-0.8375	3.6906	-0.3272	-0.1606	3.4888	-0.1604	-0.7797	3.3192	-0.2781	-0.8042	3.4352	0.000	
6.873	-0.2219	-0.7987	3.4082	-0.2089	-0.9345	2.9178	-0.5216	-0.9895	3.0573	-0.4499	-0.5263	3.1557	-0.5749	-0.8383	3.6917	-0.3273	-0.1603	3.4888	-0.1613	-0.7789	3.3177	-0.2784	-0.8040	3.4349	0.000	
6.909	-0.2217	-0.7987	3.4084	-0.2088	-0.9344	2.9178	-0.5216	-0.9896	3.0574	-0.4412	-0.5282	3.1547	-0.5755	-0.8384	3.6927	-0.3275	-0.1601	3.4886	-0.1609	-0.7789	3.3180	-0.2783	-0.8039	3.4350	0.000	
6.942	-0.2220	-0.7993	3.4070	-0.2087	-0.9343	2.9179	-0.5214	-0.9894	3.0572	-0.4426	-0.5285	3.1546	-0.5796	-0.8271	3.6981	-0.3276	-0.1602	3.4886	-0.1614	-0.7794	3.3166	-0.2783	-0.8044	3.4338	0.000	
6.973	-0.2221	-0.8005	3.4072	-0.2087	-0.9342	2.9177	-0.5212	-0.9849	3.0554	-0.4453	-0.5292	3.1534	-0.5787	-0.8263	3.7012	-0.3278	-0.1609	3.4877	-0.1620	-0.7810	3.3173	-0.2781	-0.8054	3.4336	0.000	
7.006	-0.2220	-0.8011	3.4064	-0.2087	-0.9341	2.9177	-0.5212	-0.9846	3.0554	-0.4499	-0.5268	3.1565	-0.5831	-0.8303	3.6984	-0.3276	-0.1611	3.4875	-0.1618	-0.7815	3.3164	-0.2781	-0.8061	3.4329	0.000	
7.041	-0.2224	-0.8011	3.4072	-0.2085	-0.9342	2.9179	-0.5219	-0.9820	3.0549	-0.4467	-0.5290	3.1549	-0.5782	-0.8341	3.6959	-0.3274	-0.1611	3.4874	-0.1628	-0.7815	3.3179	-0.2782	-0.8061	3.4332	0.000	
7.074	-0.2223	-0.8007	3.4072	-0.2062	-0.9328	2.9186	-0.5203	-0.9817	3.0554	-0.4407	-0.5287	3.1551	-0.5791	-0.8349	3.6941	-0.3274	-0.1613	3.4872	-0.1626	-0.7810	3.3178	-0.2781	-0.8058	3.4333	0.000	
7.125	-0.2224	-0.8009	3.4072	-0.2059	-0.9323	2.9187	-0.5202	-0.9826	3.0559	-0.4534	-0.5270	3.1572	-0.5778	-0.8355	3.6945	-0.3273	-0.1610	3.4872	-0.1625	-0.7813	3.3179	-0.2782	-0.8059	3.4332	0.000	
7.171	-0.2210	-0.8005	3.4082	-0.2061	-0.9327	2.9185	-0.5203	-0.9809	3.0546	-0.4560	-0.5264	3.1572	-0.5770	-0.8353	3.6942	-0.3273	-0.1620	3.4865	-0.1606	-0.7807	3.3189	-0.2772	-0.8055	3.4341	0.000	
7.207	-0.2209	-0.8007	3.4081	-0.2070	-0.9333	2.9183	-0.5205	-0.9821	3.0547	-0.4475	-0.5298	3.1547	-0.5757	-0.8359	3.6932	-0.3258	-0.1626	3.4851	-0.1604	-0.7810	3.3190	-0.2772	-0.8057	3.4340	0.000	
7.241	-0.2206	-0.8006	3.4076	-0.2059	-0.9324	2.9181	-0.5207	-0.9824	3.0549	-0.4549	-0.5264	3.1574	-0.5757	-0.8375	3.6943	-0.3263	-0.1625	3.4855	-0.1600	-0.7806	3.3177	-0.2771	-0.8057	3.4338	0.000	
7.273	-0.2206	-0.8006	3.4076	-0.2053	-0.9317	2.9184	-0.5208	-0.9827	3.0551	-0.4422	-0.5259	3.1569	-0.5772	-0.8373	3.6938	-0.3270	-0.1610	3.4863	-0.1600	-0.7806	3.3177	-0.2771	-0.8057	3.4339	0.000	
7.307	-0.2209	-0.8007	3.4071	-0.2057	-0.9326	2.9185	-0.5206	-0.9830	3.0551	-0.4549	-0.5247	3.1573	-0.5774	-0.8375	3.6932	-0.3276	-0.1599	3.4877	-0.1602	-0.7805	3.3174	-0.2774	-0.8059	3.4332	0.000	
7.340	-0.2226	-0.8012	3.4080	-0.2048	-0.9325	2.9188	-0.5207	-0.9836	3.0551	-0.4476	-0.5293	3.1557	-0.5759	-0.8370	3.6937	-0.3277	-0.1601	3.4877	-0.1620	-0.7815	3.3182	-0.2790	-0.8061	3.4342	0.000	
7.373	-0.2224	-0.8011	3.4079	-0.2047	-0.9324	2.9185	-0.5204	-0.9836	3.0553	-0.4442	-0.5267	3.1552	-0.5766	-0.8363	3.6930	-0.3277	-0.1601	3.4877	-0.1617	-0.7813	3.3181	-0.2789	-0.8060	3.4341	0.000	
7.406	-0.2218	-0.8005	3.4083	-0.2048	-0.9325	2.9185	-0.5208	-0.9830	3.0548	-0.4439	-0.5291	3.1542	-0.5796	-0.8333	3.6929	-0.3292	-0.1600	3.4882	-0.1610	-0.7807	3.3185	-0.2785	-0.8056	3.4345	0.000	
7.440	-0.2222	-0.8009	3.4078	-0.2043	-0.9323	2.9184	-0.5209	-0.9829	3.0547	-0.4511	-0.5261	3.1571	-0.5764	-0.8353	3.6938	-0.3294	-0.1600	3.4881	-0.1614	-0.7810	3.3182	-0.2787	-0.8058	3.4339	0.000	
7.473	-0.2220	-0.8010	3.4074	-0.2038	-0.9316	2.9179	-0.5204	-0.9834	3.0550	-0.4530	-0.5260	3.1564	-0.5761	-0.8378	3.6947	-0.3296	-0.1601	3.4881	-0.1614	-0.7810	3.3179	-0.2783	-0.8062	3.4333	0.000	
7.505	-0.2218	-0.8008	3.4077	-0.2032	-0.9317	2.9180	-0.5203	-0.9840	3.0553	-0.4565	-0.5261	3.1566	-0.5758	-0.8381	3.6951	-0.3296	-0.1601	3.4882	-0.1613	-0.7809	3.3180	-0.2782	-0.8058	3.4340	0.000	
7.538	-0.2217	-0.8007	3.4076	-0.2046	-0.9331	2.9190	-0.5203	-0.9839	3.0552	-0.4495	-0.5291	3.1546	-0.5750	-0.8384	3.6938	-0.3288	-0.1606	3.4875	-0.1611	-0.7807	3.3180	-0.2780	-0.8057	3.4338	0.000	
7.571	-0.2215	-0.8011	3.4088	-0.2052	-0.9341	2.9196	-0.5201	-0.9841	3.0552	-0.4468	-0.5308	3.1538	-0.5739	-0.8380	3.6924	-0.3283	-0.1646	3.4875	-0.1609	-0.7818	3.3205	-0.2779	-0.8058	3.4341	0.000	
7.606	-0.2215	-0.8013	3.4088	-0.2051	-0.9344	2.9196	-0.5201	-0.9842	3.0552	-0.4466	-0.5317	3.1537	-0.5749	-0.8380	3.6925	-0.3283	-0.1645	3.4872	-0.1609	-0.7820	3.3204	-0.2778	-0.8060	3.4343	0.000	
7.639	-0.2203	-0.7987	3.4100	-0.2056	-0.9349	2.9193	-0.5208	-0.9834	3.0549	-0.4583	-0.5210	3.1593	-0.5752	-0.8379	3.6930	-0.3273	-0.1641	3.4852	-0.1590	-0.7760	3.3268	-0.2767	-0.8045	3.4331	0.000	
7.673	-0.2201	-0.7986	3.4101	-0.2042	-0.9348	2.9195	-0.5206	-0.9836	3.0550	-0.4468	-0.5299	3.1555	-0.5739	-0.8374	3.6915	-0.3273	-0.1641	3.4851	-0.1587	-0.7762	3.3262	-0.2765	-0.8043	3.4338	0.000	
7.706	-0.2201	-0.7986	3.4101	-0.2046	-0.9349	2.9196	-0.5207	-0.9837	3.0549	-0.4526	-0.5256	3.1565	-0.5743	-0.8378	3.6926	-0.3278	-0.1632	3.4849	-0.1585	-0.7766	3.3253	-0.2765	-0.8042	3.4340	0.000	
7.740	-0.2196	-0.7981	3.4111	-0.2050	-0.9369	2.9195	-0.5207	-0.9838	3.0549	-0.4466	-0.5256	3.1552	-0.5747	-0.8374	3.6927	-0.3279	-0.1632	3.4848	-0.1581	-0.7759	3.3285	-0.2763	-0.8040	3.4338	0.000	
7.774	-0.2196	-0.7981	3.4111	-0.2048	-0.9371	2.9193	-0.5207	-0.9840	3.0548	-0.4472	-0.5290	3.1543	-0.5745	-0.8379	3.6941	-0.3280	-0.1633	3.4847	-0.1582	-0.7763	3.3264	-0.2762	-0.8039	3.4343	0.000	
7.807	-0.2197	-0.7986	3.4110	-0.2057	-0.9373	2.9195	-0.5203	-0.9849	3.0555	-0.4473	-0.5279	3.1542	-0.6057	-0.8274	3.7304	-0.3280	-0.1629	3.4843	-0.1587	-0.7775	3.3257	-0.2762	-0.8042	3.4343	0.000	
7.840	-0.2196	-0.7984	3.4114	-0.2048	-0.9357	2.9190	-0.5198	-0.9849	3.0556	-0.4572	-0.5172	3.1599	-0.6068	-0.8259	3.7295	-0.3280	-0.1631	3.4845	-0.1586	-0.7775	3.3258	-0.2761	-0.8038	3.4351	0.000	
7.874	-0.2197	-0.7982	3.4114	-0.2030	-0.9355	2.9182	-0.5193	-0.9842	3.0550	-0.4587	-0.5166	3.1602	-0.5981	-0.8091	3.7231	-0.3274	-0.1623	3.4836	-0.1587	-0.7776	3.3249	-0.2767	-0.8028	3.4360	0.000	
7.908	-0.2202	-0.7983	3.4104	-0.2028	-0.9366	2.9190	-0.5179	-0.9926	3.0604	-0.4480	-0.5255	3.1565	-0.5943	-0.8033	3.7169	-0.3283	-0.1585	3.4838	-0.1596	-0.7784	3.3231	-0.2770	-0.8025	3.4351	0.000	
7.940	-0.2204	-0.7984	3.4103	-0.2027	-0.9370	2.9188	-0.5179	-0.9911	3.0598	-0.4478	-0.5297	3.1544	-0.5938	-0.8009	3.7158	-0.3282	-0.1612	3.4831	-0.1603	-0.7795	3.3230	-0.2771	-0.8024	3.4350	0.000	
7.973	-0.2216	-0.7988	3.4103	-0.2041	-0.9373	2.9191	-0.5178	-0.9904	3.0597	-0.4473	-0.5254	3.1557	-0.5942	-0.7994	3.7152	-0.3282	-0.1616	3.4830	-0.1614	-0.7805	3.3227	-0.2782	-0.8022	3.4351	0.000	
8.006	-0.2218	-0.7990	3.4099	-0.2028	-0.9354	2.9186	-0.5183	-0.9921	3.0600	-0.4521	-0.5255	3.1579	-0.5979	-0.7967	3.7160	-0.3284	-0.1609	3.4835	-0.1616	-0.7809	3.3223	-0.2785	-0.8023	3.4345	0.000	
8.039	-0.2219	-0.7989	3.4098	-0.2024	-0.9349	2.9187	-0.5181	-0.9911	3.0596	-0.4541	-0.5251	3.1578	-0.5969	-0.7964	3.7155	-0.3287	-0.1605	3.4838	-0.1617	-0.7809	3.3224	-0.2786	-0.8021	3.4343	0.000	
8.073	-0.2215	-0.7985	3.4121	-0.2016	-0.9343	2.9184	-0.5182	-0.9909	3.0591	-0.4570	-0.5215	3.1595	-0.5690	-0.8122	3.6818	-0.3287	-0.1608	3.4842	-0.1605	-0.7810	3.3252	-0.2786	-0.8012	3.4361	0.000	
8.106	-0.2215	-0.7985	3.4121	-0.2018	-0.9342	2.9183	-0.5183	-0.9897	3.0585	-0.4493	-0.5281	3.1557	-0.5931	-0.7974	3.7158	-0.3287	-0.1609	3.4841	-0.1605	-0.7811	3.3252	-0.2786	-0.8011	3.4360	0.000	
8.141	-0.2216	-0.7981	3.4130	-0.2012	-0.9339	2.9184	-0.5179	-0.9888	3.0583	-0.4538	-0.5273	3.1568	-0.5930	-0.7963	3.7152	-0.3287	-0.1609	3.4841	-0.1603	-0.7809	3.3259	-0.2791	-0.8003	3.4370	0.000	
8.174	-0.2214	-0.7980	3.4128	-0.2023	-0.9346	2.9188	-0.5190	-0.9927	3.0580	-0.4585	-0.5217	3.1593	-0.5925	-0.7924	3.7226	-0.3293	-0.1603	3.4844	-0.1599	-0.7808	3.3254	-0.2791	-0.8003	3.4370	0.000	
8.207	-0.2221	-0.7977	3.4125	-0.2020	-0.9343	2.9190	-0.5187	-0.9920	3.0584	-0.4509	-0.5268	3.1571	-0.5903	-0.7942	3.7202	-0.3293	-0.1607	3.4841	-0.1608	-0.7805	3.3245	-0.2796	-0.8000	3.4371	0.000	
8.241	-0.2209	-0.7951	3.4125	-0.2023	-0.9340	2.9185	-0.5183	-0.9913	3.0582	-0.4532	-0.5258	3.1566	-0.5913	-0.7952	3.7159	-0.3278	-0.1611	3.4826	-0.1588	-0.7770	3.3236	-0.2788	-0.7980	3.4377	0.000	
8.273	-0.2213	-0.7953	3.4112	-0.2030	-0.9358	2.9178	-0.5185	-0.9910	3.0583	-0.4492	-0.5292	3.1554	-0.5905	-0.7961	3.7142	-0.3275	-0.1610	3.4826	-0.1594	-0.7773	3.3225	-0.2791	-0.7982	3.4362	0.000	
8.306	-0.2212	-0.7955	3.4116	-0.2023	-0.9347	2.9177	-0.5181	-0.9902	3.0575	-0.4468	-0.5299	3.1547	-0.5903	-0.7963	3.7129	-0.3279	-0.1609	3.4820	-0.1591	-0.7780	3.3230	-0.2790	-0.7982	3.4367	0.000	
8.340	-0.2213	-0.7963	3.4101	-0.2024	-0.9347	2.9176	-0.5180	-0.9902	3.0576	-0.4567	-0.5216	3.1591	-0.5639	-0.8081	3.6765	-0.3284	-0.1610	3.4825	-0.1596	-0.7790	3.3212	-0.2789	-0.7988	3.4355	0.000	
8.374	-0.2213	-0.7962	3.4101	-0.2026	-0.9348	2.9182	-0.5183	-0.9898	3.0576	-0.4499	-0.5279	3.1557	-0.5628	-0.8084	3.6771	-0.3284	-0.1607	3.4829	-0.1597	-0.7788	3.3212	-0.2789	-0.7986	3.4355	0.000	
8.406	-0.2213	-0.7962	3.4101	-0.2025	-0.9346	2.9181	-0.5179	-0.9890	3.0575	-0.4452	-0.5307	3.1543	-0.5607	-0.8113	3.6757	-0.3284	-0.1608	3.4829	-0.1596	-0.7789	3.3213	-0.2789	-0.7986	3.4355	0.000	
8.440	-0.2193	-0.7971	3.4113	-0.2027	-0.9347	2.9183	-0.5181	-0.9888	3.0571	-0.4334	-0.5268	3.1558	-0.5619	-0.8060	3.6812	-0.3285	-0.1609	3.4830	-0.1575	-0.7802	3.3236	-0.2768	-0.7993	3.4359	0.000	
8.472	-0.2195	-0.7971	3.4110	-0.2019	-0.9342	2.9184	-0.5183	-0.9907	3.0575	-0.4416	-0.5288	3.1553	-0.5618	-0.8025	3.6844	-0.3286	-0.1612	3.4829	-0.1577	-0.7801	3.3231	-0.2769	-0.7993	3.4357	0.000	
8.507	-0.2208	-0.7982	3.4098	-0.2029	-0.9347	2.9185	-0.5183	-0.9897	3.0568	-0.4572	-0.5167	3.1624	-0.5654	-0.8000	3.6848	-0.3283	-0.1616	3.4824	-0.1590	-0.7813	3.3220	-0.2784	-0.8002	3.4344	0.000	
8.541	-0.2205	-0.7982	3.4098	-0.2026	-0.9341	2.9183	-0.5181	-0.9897	3.0573	-0.4585	-0.5162	3.1625	-0.5665	-0.8002	3.6876	-0.3283	-0.1616	3.4824	-0.1586	-0.7814	3.3222	-0.2781	-0.8003	3.4342	0.000	
8.573	-0.2206	-0.7981	3.4097	-0.2023	-0.9356	2.9191	-0.5184	-0.9874	3.0564	-0.4601	-0.5180	3.1622	-0.5669	-0.8054	3.6834	-0.3283	-0.1613	3.4828	-0.1588	-0.7812	3.3221	-0.2782	-0.8002	3.4341	0.000	
8.605	-0.2204	-0.7977	3.4096	-0.2038	-0.9362	2.9198	-0.5183	-0.9874	3.0564	-0.4609	-0.5191	3.1609	-0.5614	-0.8007	3.6797	-0.3281	-0.1613	3.4828	-0.1586	-0.7808	3.3217	-0.2780	-0.7998	3.4341	0.000	
8.640	-0.2207	-0.7978	3.4091	-0.2031	-0.9353	2.9194	-0.5182	-0.9871	3.0563	-0.4617	-0.5177	3.1621	-0.6018	-0.8064	3.7231	-0.3276	-0.1609	3.4821	-0.1591	-0.7806	3.3211	-0.2782	-0.8003	3.4337	0.000	
8.674	-0.2283	-0.7863	3.3563	-0.2015	-0.9351	2.9185	-0.5178	-0.9867	3.0566	-0.4628	-0.5173	3.1623	-0.5956	-0.8045	3.7205	-0.3280	-0.1610	3.4814	-0.1729	-0.7562	3.2686	-0.2794	-0.8015	3.3807	0.000	
8.706	-0.2217	-0.7953	3.4065	-0.2016	-0.9352	2.9187	-0.5179	-0.9867	3.0564	-0.4472	-0.5213	3.1544	-0.5940	-0.7987	3.7172	-0.3279	-0.1609	3.4814	-0.1601	-0.7782	3.3178	-0.2790	-0.7976	3.4319	0.000	
8.739	-0.2215	-0.7954	3.4065	-0.2018	-0.9352	2.9188	-0.5178	-0.9866	3.0563	-0.4519	-0.5216	3.1554	-0.5659	-0.8121	3.6799	-0.3277	-0.1612	3.4811	-0.1599	-0.7783	3.3178	-0.2790	-0.7976	3.4320	0.000	
8.773	-0.2210	-0.7957	3.4064	-0.2022	-0.9354	2.9190	-0.5198	-0.9919	3.0559	-0.4563	-0.5219	3.1560	-0.5641	-0.8123	3.6800	-0.3273	-0.1617	3.4807	-0.1596	-0.7785	3.3177	-0.2782	-0.7982	3.4318	0.000	
8.806	-0.2212	-0.7958	3.4065	-0.2034	-0.9364	2.9201	-0.5199	-0.9910	3.0555	-0.4589	-0.5193	3.1580	-0.5598	-0.8153	3.6746	-0.3271	-0.1615	3.4806	-0.1599	-0.7788	3.3177	-0.2783	-0.7983	3.4320	0.000	
8.839	-0.2212	-0.7959	3.4067	-0.2059	-0.9372	2.9218	-0.5199	-0.9904	3.0553	-0.4476	-0.5245	3.1561	-0.5615	-0.8138	3.6749	-0.3272	-0.1615	3.4806	-0.1599	-0.7788	3.3178	-0.2783	-0.7984	3.4324	0.000	
8.928	-0.2215	-0.7967	3.4059	-0.2086	-0.9349	2.9231	-0.5194	-0.9881	3.0544	-0.4612	-0.5139	3.1645	-0.5626	-0.8123	3.6751	-0.3276	-0.1603	3.4816	-0.1601	-0.7799	3.3172	-0.2787	-0.7990	3.4313	0.000	
8.958	-0.2220	-0.7975	3.4077	-0.2097	-0.9327	2.9250	-0.5188	-0.9874	3.0536	-0.4615	-0.5137	3.1644	-0.5651	-0.8006	3.6707	-0.3282	-0.1598	3.4818	-0.1604	-0.7818	3.3200	-0.2793	-0.7991	3.4323	0.000	
8.990	-0.2475	-0.7981	3.3538	-0.2124	-0.9267	2.9296	-0.5193	-0.9869	3.0533	-0.4620	-0.5170	3.1618	-0.5616	-0.8064	3.6724	-0.3287	-0.1630	3.4802	-0.1917	-0.7818	3.2671	-0.2986	-0.7993	3.3774	0.000	
9.024	-0.2373	-0.7998	3.4069	-0.2155	-0.9192	2.9342	-0.5195	-0.9867	3.0532	-0.4621	-0.5178	3.1611	-0.5624	-0.8072	3.6712	-0.3286	-0.1630	3.4780	-0.1759	-0.7864	3.3191	-0.2944	-0.7984	3.4314	0.000	
9.056	-0.2384	-0.7989	3.4087	-0.2059	-0.9163	2.9240	-0.5196	-0.9863	3.0534	-0.4621	-0.5192	3.1589	-0.5631	-0.8073	3.6702	-0.3264	-0.1638	3.4730	-0.1777	-0.7844	3.3256	-0.2950	-0.7980	3.4314	0.000	
9.090	-0.2376	-0.7990	3.4096	-0.2050	-0.9162	2.9235	-0.5200	-0.9884	3.0559	-0.4509	-0.5272	3.1560	-0.5635	-0.8074	3.6775	-0.3264	-0.1676	3.4686	-0.1767	-0.7849	3.3258	-0.2943	-0.7979	3.4325	0.000	
9.124	-0.2404	-0.8003	3.4084	-0.1970	-0.9180	2.9216	-0.5183	-0.9881	3.0569	-0.4602	-0.5181	3.1670	-0.5617	-0.8075	3.6779	-0.3265	-0.1692	3.4585	-0.1795	-0.7879	3.3211	-0.2980	-0.7984	3.4329	0.000	
9.156	-0.2396	-0.7991	3.4090	-0.1936	-0.9190	2.9225	-0.5176	-0.9886	3.0579	-0.4422	-0.5377	3.1477	-0.5540	-0.7938	3.6681	-0.3269	-0.1716	3.4486	-0.1772	-0.7873	3.3205	-0.2981	-0.7951	3.4358	0.000	
9.190	-0.2444	-0.7870	3.3589	-0.1882	-0.9189	2.9226	-0.5173	-0.9884	3.0585	-0.4414	-0.5354	3.1479	-0.5785	-0.7699	3.6973	-0.3304	-0.1720	3.4245	-0.1775	-0.7714	3.2635	-0.3059	-0.7883	3.3948	0.000	
9.223	-0.2382	-0.7934	3.3695	-0.1845	-0.9194	2.9226	-0.5171	-0.9881	3.0586	-0.4436	-0.5353	3.1479	-0.5511	-0.7853	3.6548	-0.3273	-0.1756	3.4082	-0.1723	-0.7810	3.2811	-0.3002	-0.7917	3.3984	0.000	
9.257	-0.2361	-0.7988	3.3701	-0.1813	-0.9206	2.9237	-0.5105	-0.9869	3.0627	-0.4435	-0.5369	3.1463	-0.5958	-0.7998	3.7060	-0.3286	-0.1771	3.3970	-0.1716	-0.7846	3.2819	-0.2960	-0.7991	3.3971	0.000	
9.290	-0.2310	-0.7992	3.3721	-0.1782	-0.9287	2.9258	-0.5068	-1.0147	3.0804	-0.4430	-0.5384	3.1457	-0.5749	-0.7479	3.6743	-0.3297	-0.1773	3.3728	-0.1672	-0.7861	3.2846	-0.2900	-0.7980	3.3978	0.000	
9.322	-0.2174	-0.7988	3.3705	-0.1777	-0.9322	2.9244	-0.5051	-1.0150	3.0800	-0.4333	-0.5397	3.1435	-0.5973	-0.7899	3.7113	-0.3328	-0.1767	3.3556	-0.1554	-0.7833	3.2852	-0.2742	-0.8001	3.3928	0.000	
9.355	-0.2159	-0.8007	3.3683	-0.1791	-0.9340	2.9226	-0.5058	-1.0118	3.0673	-0.4359	-0.5425	3.1405	-0.5856	-0.7726	3.6841	-0.3320	-0.1734	3.3330	-0.1541	-0.7854	3.2838	-0.2727	-0.8015	3.3894	0.000	
9.389	-0.2084	-0.8007	3.3602	-0.1834	-0.9374	2.9192	-0.5044	-1.0127	3.0630	-0.4388	-0.5428	3.1374	-0.6023	-0.7877	3.6813	-0.3340	-0.1733	3.3218	-0.1490	-0.7841	3.2796	-0.2630	-0.8032	3.3762	0.000	
9.423	-0.2086	-0.7986	3.3553	-0.1858	-0.9394	2.9134	-0.5025	-1.0097	3.0496	-0.4408	-0.5429	3.1343	-0.6030	-0.7783	3.6922	-0.3328	-0.1650	3.3045	-0.1491	-0.7828	3.2751	-0.2637	-0.7999	3.3716	0.000	
9.456	-0.2108	-0.7944	3.3564	-0.1862	-0.9459	2.9094	-0.4976	-1.0079	3.0476	-0.4416	-0.5417	3.1325	-0.6096	-0.7578	3.6992	-0.3308	-0.1481	3.2841	-0.1510	-0.7798	3.2768	-0.2665	-0.7938	3.3721	0.000	
9.489	-0.2220	-0.7884	3.3451	-0.1884	-0.9455	2.9050	-0.4978	-1.0090	3.0381	-0.4443	-0.5383	3.1318	-0.5741	-0.7074	3.6352	-0.3283	-0.1392	3.2759	-0.1620	-0.7773	3.2682	-0.2777	-0.7837	3.3579	0.000	
9.522	-0.2289	-0.7733	3.3487	-0.1943	-0.9446	2.9030	-0.4909	-1.0136	3.0395	-0.4469	-0.5302	3.1294	-0.5671	-0.7064	3.6229	-0.3304	-0.1337	3.2762	-0.1676	-0.7673	3.2707	-0.2859	-0.7636	3.3631	0.000	
9.555	-0.2324	-0.7504	3.3333	-0.1961	-0.9414	2.9001	-0.4863	-1.0101	3.0375	-0.4535	-0.4964	3.1252	-0.5624	-0.7268	3.6481	-0.3356	-0.0972	3.2617	-0.1753	-0.7376	3.2553	-0.2859	-0.7475	3.3482	0.000	
9.588	-0.2350	-0.7351	3.3324	-0.1908	-0.9088	2.8931	-0.4861	-1.0118	3.0375	-0.4102	-0.4807	3.1046	-0.5687	-0.7194	3.6444	-0.3338	-0.0769	3.2580	-0.1776	-0.7256	3.2536	-0.2882	-0.7304	3.3479	0.000	
9.622	-0.2436	-0.6964	3.3100	-0.1907	-0.9081	2.8929	-0.4825	-1.0119	3.0398	-0.4461	-0.4564	3.1157	-0.5625	-0.7082	3.6457	-0.3324	-0.0554	3.2592	-0.1868	-0.6838	3.2232	-0.2954	-0.6965	3.3330	0.000	
9.656	-0.2416	-0.6951	3.3127	-0.1707	-0.9029	2.8908	-0.4823	-1.0094	3.0407	-0.4567	-0.4367	3.1202	-0.5862	-0.6319	3.6023	-0.3321	-0.0240	3.2597	-0.1851	-0.6830	3.2285	-0.2929	-0.6945	3.3342	0.000	
9.690	-0.2427	-0.6478	3.2928	-0.1771	-0.9028	2.8918	-0.4771	-1.0067	3.0438	-0.4555	-0.4201	3.1111	-0.5852	-0.6272	3.5955	-0.3384	0.0055	3.2613	-0.1897	-0.6340	3.2058	-0.2911	-0.6507	3.3168	0.000	
9.724	-0.2764	-0.6353	3.2878	-0.1752	-0.9007	2.8913	-0.4725	-0.9927	3.0448	-0.4494	-0.3897	3.0985	-0.5852	-0.6220	3.5917	-0.3413	0.0336	3.2668	-0.2329	-0.6225	3.1911	-0.3177	-0.6358	3.3189	0.000	
9.756	-0.2767	-0.6199	3.2840	-0.1811	-0.9025	2.9007	-0.3884	-0.9410	3.0301	-0.4455	-0.3774	3.0957	-0.5883	-0.6098	3.5902	-0.3453	0.0734	3.2709	-0.2313	-0.6022	3.1859	-0.3178	-0.6250	3.3171	0.000	
9.790	-0.2806	-0.6004	3.2786	-0.1982	-0.8428	2.9015	-0.3881	-0.9403	3.0306	-0.4301	-0.3641	3.0741	-0.5901	-0.6021	3.5940	-0.3415	0.0968	3.2779	-0.2367	-0.5784	3.1767	-0.3198	-0.6103	3.3154	0.000	
9.824	-0.2818	-0.5923	3.2735	-0.1917	-0.8410	2.9001	-0.3883	-0.9401	3.0307	-0.3849	-0.3268	3.0349	-0.5980	-0.5830	3.6129	-0.3391	0.1213	3.2811	-0.2364	-0.5746	3.1732	-0.3227	-0.5970	3.3093	0.000	
9.856	-0.2912	-0.5500	3.2739	-0.1901	-0.8414	2.9022	-0.3841	-0.9377	3.0438	-0.4022	-0.3116	3.0170	-0.5427	-0.5252	3.6021	-0.3321	0.1392	3.2886	-0.2515	-0.5294	3.1524	-0.3268	-0.5528	3.3310	0.000	
9.890	-0.2952	-0.5450	3.2664	-0.1544	-0.8822	2.9327	-0.3828	-0.9386	3.0532	-0.4050	-0.2952	3.0190	-0.5451	-0.5254	3.6013	-0.3300	0.1479	3.2927	-0.2558	-0.5235	3.1370	-0.3290	-0.5515	3.3292	0.000	
9.924	-0.2949	-0.5363	3.2579	-0.1538	-0.8821	2.9329	-0.3809	-0.9198	3.0460	-0.3997	-0.2822	3.0163	-0.5721	-0.5123	3.6122	-0.3266	0.1537	3.2954	-0.2547	-0.5147	3.1231	-0.3291	-0.5462	3.3265	0.000	
9.956	-0.2989	-0.5099	3.2491	-0.1510	-0.8849	2.9377	-0.3728	-0.9141	3.0477	-0.2446	-0.2381	2.9838	-0.5393	-0.5235	3.5991	-0.3171	0.2019	3.3028	-0.2593	-0.4934	3.1141	-0.3322	-0.5167	3.3199	0.000	
9.990	-0.2937	-0.4901	3.2135	-0.1485	-0.8860	2.9437	-0.3681	-0.9109	3.0498	-0.2452	-0.2376	2.9818	-0.5290	-0.5437	3.5544	-0.3165	0.2081	3.3020	-0.2553	-0.4570	3.0615	-0.3282	-0.5125	3.3053	0.000	
10.023	-0.2922	-0.4758	3.1985	-0.1374	-0.9279	2.9717	-0.3601	-0.9356	3.0648	-0.2987	-0.2464	2.9662	-0.5214	-0.4980	3.5555	-0.3164	0.2149	3.3092	-0.2526	-0.4478	3.0539	-0.3272	-0.4913	3.2751	0.000	
10.056	-0.2842	-0.4733	3.1854	-0.1238	-0.8986	2.9671	-0.3581	-0.9361	3.0653	-0.2637	-0.2223	2.9519	-0.5241	-0.5196	3.5611	-0.3165	0.2218	3.3133	-0.2366	-0.4249	3.0317	-0.3209	-0.5036	3.2654	0.000	
10.090	-0.2881	-0.4653	3.1755	-0.1243	-0.9206	2.9771	-0.3577	-0.9343	3.0575	-0.2612	-0.2123	2.9405	-0.5246	-0.5198	3.5589	-0.3208	0.2362	3.3150	-0.2490	-0.4190	3.0082	-0.3219	-0.4993	3.2663	0.000	
10.123	-0.2864	-0.4603	3.1707	-0.1282	-0.9103	2.9811	-0.3520	-0.8977	3.0339	-0.2669	-0.2292	2.9560	-0.5054	-0.5413	3.4900	-0.3217	0.2437	3.3184	-0.2471	-0.4143	3.0022	-0.3208	-0.4963	3.2668	0.000	
10.188	-0.2821	-0.4601	3.1640	-0.1286	-0.9052	2.9832	-0.3631	-0.9211	3.0383	-0.2692	-0.2307	2.9584	-0.4978	-0.5429	3.5211	-0.3215	0.2460	3.3191	-0.2435	-0.4155	2.9926	-0.3166	-0.4955	3.2654	0.000	
10.223	-0.2827	-0.4610	3.1623	-0.1289	-0.8987	2.9881	-0.3517	-0.8975	3.0229	-0.2706	-0.2299	2.9570	-0.4905	-0.5465	3.5054	-0.3216	0.2517	3.3188	-0.2446	-0.4181	2.9907	-0.3165	-0.4954	3.2650	0.000	
10.257	-0.2786	-0.4548	3.1553	-0.1281	-0.8974	2.9890	-0.3540	-0.9125	3.0216	-0.2585	-0.2249	2.9513	-0.4865	-0.5582	3.5095	-0.3200	0.2431	3.3237	-0.2437	-0.4144	2.9884	-0.3069	-0.4861	3.2542	0.000	
10.289	-0.2772	-0.4545	3.1528	-0.1254	-0.8981	2.9906	-0.3604	-0.9221	3.0149	-0.1636	-0.1936	2.9451	-0.4814	-0.5591	3.5002	-0.3195	0.2441	3.3226	-0.2423	-0.4119	2.9792	-0.3056	-0.4865	3.2549	0.000	
10.323	-0.2772	-0.4544	3.1528	-0.1144	-0.9085	2.9931	-0.3541	-0.9121	3.0063	-0.1773	-0.1537	2.8803	-0.4876	-0.5495	3.6085	-0.3204	0.2612	3.3150	-0.2442	-0.4101	2.9780	-0.3040	-0.4881	3.2573	0.000	
10.356	-0.2770	-0.4544	3.1522	-0.1210	-0.8997	2.9960	-0.3485	-0.9074	3.0016	-0.2327	-0.2042	2.9311	-0.4730	-0.5691	3.5899	-0.3224	0.2638	3.3144	-0.2451	-0.4095	2.9764	-0.3028	-0.4888	3.2579	0.000	
10.389	-0.2803	-0.4368	3.1537	-0.1214	-0.8978	2.9966	-0.3422	-0.9040	2.9991	-0.2336	-0.2047	2.9340	-0.4784	-0.5943	3.5658	-0.3226	0.2619	3.3141	-0.2650	-0.3594	2.9930	-0.3007	-0.4868	3.2565	0.000	
10.458	-0.2815	-0.4223	3.1539	-0.1192	-0.8813	3.0016	-0.3405	-0.9034	3.0008	-0.2351	-0.2037	2.9312	-0.4804	-0.5843	3.5782	-0.3242	0.2675	3.3117	-0.2648	-0.3541	2.9917	-0.2984	-0.4789	3.2559	0.000	
10.490	-0.2830	-0.4221	3.1547	-0.1190	-0.8807	3.0024	-0.3355	-0.8944	3.0055	-0.2104	-0.1528	2.9613	-0.4820	-0.5802	3.5810	-0.3234	0.2618	3.3141	-0.2664	-0.3561	2.9932	-0.2989	-0.4779	3.2556	0.000	
10.523	-0.2846	-0.4206	3.1548	-0.1227	-0.9331	3.0103	-0.3326	-0.9248	3.0193	-0.2828	-0.1973	2.9265	-0.5581	-0.4947	3.7112	-0.3249	0.2650	3.3142	-0.2671	-0.3558	2.9936	-0.3002	-0.4749	3.2542	0.000	
10.555	-0.2855	-0.4200	3.1550	-0.1197	-0.8796	3.0051	-0.3318	-0.9107	3.0231	-0.2562	-0.2022	2.9462	-0.5602	-0.4984	3.7094	-0.3294	0.2659	3.3151	-0.2676	-0.3558	2.9937	-0.3006	-0.4740	3.2539	0.000	
10.589	-0.2862	-0.4200	3.1556	-0.1183	-0.8817	3.0057	-0.3293	-0.9180	3.0260	-0.2368	-0.1619	2.9778	-0.5351	-0.4285	3.6303	-0.3308	0.2654	3.3149	-0.2661	-0.3600	2.9931	-0.3056	-0.4694	3.2576	0.000	
10.624	-0.2852	-0.4063	3.1569	-0.1195	-0.8790	3.0083	-0.3264	-0.8952	3.0289	-0.2917	-0.2123	2.9491	-0.5509	-0.4287	3.5074	-0.3321	0.2632	3.3154	-0.2611	-0.3505	2.9923	-0.3066	-0.4519	3.2593	0.000	
10.656	-0.2862	-0.4068	3.1571	-0.1186	-0.8818	3.0094	-0.3246	-0.9190	3.0353	-0.2941	-0.1909	2.9364	-0.4772	-0.4282	3.5116	-0.3322	0.2635	3.3153	-0.2597	-0.3558	2.9936	-0.3116	-0.4494	3.2583	0.000	
10.690	-0.2891	-0.4026	3.1582	-0.1088	-0.9382	3.0113	-0.3248	-0.9215	3.0364	-0.2946	-0.1887	2.9356	-0.4704	-0.4430	3.4741	-0.3371	0.2634	3.3168	-0.2602	-0.3554	2.9960	-0.3174	-0.4363	3.2550	0.000	
10.722	-0.2923	-0.4034	3.1619	-0.1161	-0.8745	3.0213	-0.3279	-0.9000	3.0375	-0.2786	-0.1717	2.9298	-0.4607	-0.4492	3.4664	-0.3373	0.2636	3.3169	-0.2618	-0.3588	3.0006	-0.3205	-0.4364	3.2585	0.000	
10.756	-0.2975	-0.4033	3.1637	-0.1188	-0.9510	3.0354	-0.3281	-0.8999	3.0376	-0.2780	-0.1706	2.9300	-0.4628	-0.4063	3.4772	-0.3457	0.2855	3.3113	-0.2660	-0.3629	3.0055	-0.3267	-0.4336	3.2580	0.000	
10.790	-0.3010	-0.4030	3.1681	-0.1187	-0.8724	3.0235	-0.3263	-0.9203	3.0416	-0.2788	-0.1701	2.9301	-0.4634	-0.4102	3.4750	-0.3465	0.2864	3.3109	-0.2682	-0.3648	3.0097	-0.3302	-0.4316	3.2625	0.000	
10.823	-0.3007	-0.4054	3.1705	-0.1196	-0.8789	3.0246	-0.3254	-0.8953	3.0406	-0.2719	-0.1613	2.9297	-0.4718	-0.4642	3.4864	-0.3447	0.2647	3.3179	-0.2679	-0.3662	3.0116	-0.3291	-0.4360	3.2655	0.000	
10.856	-0.3015	-0.4042	3.1720	-0.1233	-0.8778	3.0285	-0.3260	-0.8946	3.0408	-0.2756	-0.1622	2.9290	-0.4694	-0.4349	3.4760	-0.3493	0.2809	3.3147	-0.2683	-0.3658	3.0129	-0.3298	-0.4339	3.2671	0.000	
10.889	-0.3036	-0.4068	3.1752	-0.1251	-0.8772	3.0309	-0.3263	-0.8935	3.0413	-0.2911	-0.1742	2.9380	-0.5160	-0.4051	3.5665	-0.3505	0.2683	3.3168	-0.2724	-0.3708	3.0219	-0.3304	-0.4351	3.2674	0.000	
10.922	-0.3036	-0.4071	3.1755	-0.1269	-0.8772	3.0339	-0.3271	-0.8932	3.0424	-0.2876	-0.1732	2.9360	-0.5719	-0.4090	3.5191	-0.3547	0.2697	3.3168	-0.2721	-0.3731	3.0282	-0.3305	-0.4349	3.2636	0.000	
10.956	-0.3042	-0.4076	3.1851	-0.1257	-0.8820	3.0340	-0.3278	-0.8914	3.0441	-0.2867	-0.1727	2.9368	-0.5733	-0.4072	3.5236	-0.3572	0.2706	3.3153	-0.2718	-0.3731	3.0301	-0.3320	-0.4349	3.2805	0.000	
10.990	-0.3037	-0.4092	3.1918	-0.1270	-0.8797	3.0386	-0.3281	-0.8912	3.0448	-0.2911	-0.1781	2.9407	-0.5652	-0.3866	3.5653	-0.3566	0.2721	3.3143	-0.2705	-0.3746	3.0335	-0.3322	-0.4359	3.2878	0.000	
11.023	-0.3065	-0.4128	3.1970	-0.1276	-0.8788	3.0414	-0.3290	-0.8904	3.0457	-0.2836	-0.1789	2.9415	-0.5795	-0.3958	3.5414	-0.3544	0.2714	3.3107	-0.2733	-0.3789	3.0417	-0.3341	-0.4383	3.2899	0.000	
11.056	-0.3052	-0.4131	3.2013	-0.1231	-0.9341	3.0401	-0.3289	-0.8893	3.0480	-0.2885	-0.1832	2.9420	-0.5839	-0.3979	3.5425	-0.3753	0.2681	3.3168	-0.2715	-0.3793	3.0457	-0.3334	-0.4385	3.2935	0.000	
11.090	-0.3052	-0.4153	3.2061	-0.1258	-0.8799	3.0500	-0.3293	-0.8886	3.0493	-0.2826	-0.1841	2.9469	-0.5875	-0.3975	3.5410	-0.3764	0.2674	3.3174	-0.2710	-0.3815	3.0479	-0.3340	-0.4405	3.3016	0.000	
11.123	-0.2995	-0.4157	3.2140	-0.1079	-0.9336	3.0440	-0.3289	-0.8883	3.0515	-0.2796	-0.1858	2.9505	-0.5897	-0.3995	3.5441	-0.3720	0.2545	3.3207	-0.2648	-0.3811	3.0527	-0.3287	-0.4420	3.3124	0.000	
11.156	-0.3015	-0.4149	3.2201	-0.1078	-0.9336	3.0440	-0.3296	-0.8832	3.0536	-0.2773	-0.1927	2.9528	-0.5906	-0.3992	3.5456	-0.3716	0.2549	3.3205	-0.2661	-0.3811	3.0607	-0.3308	-0.4407	3.3163	0.000	
11.190	-0.3025	-0.4150	3.2288	-0.1064	-0.9335	3.0447	-0.3296	-0.8910	3.0560	-0.2775	-0.1971	2.9539	-0.5930	-0.4014	3.5479	-0.3708	0.2528	3.3217	-0.2658	-0.3837	3.0727	-0.3327	-0.4390	3.3221	0.000	
11.223	-0.3007	-0.4164	3.2338	-0.1059	-0.9334	3.0444	-0.3284	-0.8828	3.0575	-0.2771	-0.2037	2.9599	-0.5942	-0.3964	3.5492	-0.3701	0.2525	3.3211	-0.2644	-0.3846	3.0763	-0.3309	-0.4404	3.3276	0.000	
11.256	-0.3067	-0.4211	3.2387	-0.1055	-0.9334	3.0448	-0.1859	-0.9584	3.2303	-0.2748	-0.2097	2.9630	-0.5828	-0.3814	3.5515	-0.3681	0.2519	3.3219	-0.2695	-0.3880	3.0799	-0.3376	-0.4462	3.3335	0.000	
11.289	-0.3134	-0.4347	3.2432	-0.1021	-0.9345	3.0501	-0.1837	-0.9586	3.2311	-0.2743	-0.2108	2.9649	-0.6225	-0.4176	3.5612	-0.3664	0.2499	3.3217	-0.2866	-0.4017	3.0940	-0.3379	-0.4626	3.3315	0.000	
11.323	-0.3154	-0.4363	3.2446	-0.1155	-0.9092	3.0582	-0.1821	-0.9597	3.2303	-0.2728	-0.2259	2.9797	-0.5955	-0.3921	3.5520	-0.3663	0.2496	3.3225	-0.2869	-0.4044	3.0964	-0.3405	-0.4627	3.3313	0.000	
11.356	-0.3102	-0.4383	3.2446	-0.1096	-0.9236	3.0569	-0.1807	-0.9605	3.2308	-0.2968	-0.2474	2.9911	-0.5954	-0.3915	3.5523	-0.3662	0.2497	3.3236	-0.2781	-0.4070	3.0989	-0.3361	-0.4636	3.3286	0.000	
11.388	-0.3087	-0.4369	3.2471	-0.1083	-0.9272	3.0576	-0.1793	-0.9593	3.2338	-0.2879	-0.2414	2.9895	-0.5958	-0.3904	3.5537	-0.3655	0.2488	3.3255	-0.2762	-0.4051	3.1003	-0.3349	-0.4621	3.3317	0.000	
11.422	-0.3094	-0.4378	3.2494	-0.1074	-0.9303	3.0582	-0.1686	-0.9549	3.2353	-0.2974	-0.2515	3.0063	-0.5959	-0.3904	3.5565	-0.3651	0.2492	3.3273	-0.2767	-0.4056	3.1016	-0.3356	-0.4627	3.3341	0.000	
11.456	-0.3074	-0.4363	3.2502	-0.1071	-0.9319	3.0573	-0.1686	-0.9559	3.2348	-0.2995	-0.2530	3.0065	-0.6012	-0.3962	3.5633	-0.3638	0.2506	3.3278	-0.2743	-0.4017	3.1001	-0.3330	-0.4622	3.3373	0.000	
11.489	-0.3062	-0.4383	3.2513	-0.1070	-0.9325	3.0574	-0.1672	-0.9566	3.2346	-0.2693	-0.2233	2.9944	-0.5994	-0.3981	3.5731	-0.3636	0.2516	3.3296	-0.2735	-0.4036	3.1007	-0.3318	-0.4642	3.3387	0.000	
11.522	-0.3053	-0.4381	3.2532	-0.1309	-0.8833	3.0637	-0.1670	-0.9571	3.2348	-0.3105	-0.2650	3.0189	-0.5961	-0.4069	3.5836	-0.3642	0.2527	3.3322	-0.2714	-0.4051	3.1073	-0.3316	-0.4636	3.3387	0.000	
11.555	-0.3047	-0.4372	3.2529	-0.1260	-0.8927	3.0609	-0.1672	-0.9577	3.2351	-0.3097	-0.2642	3.0192	-0.5960	-0.4103	3.5857	-0.3694	0.2553	3.3390	-0.2703	-0.4043	3.1079	-0.3314	-0.4610	3.3354	0.000	
11.588	-0.3047	-0.4370	3.2525	-0.1271	-0.8911	3.0615	-0.1669	-0.9587	3.2345	-0.3079	-0.2595	3.0191	-0.5476	-0.4052	3.6453	-0.3685	0.2548	3.3403	-0.2704	-0.4038	3.1069	-0.3316	-0.4610	3.3352	0.000	
11.622	-0.3044	-0.4372	3.2522	-0.1040	-0.9361	3.0557	-0.1668	-0.9592	3.2343	-0.3066	-0.2563	3.0168	-0.5565	-0.4086	3.6399	-0.3675	0.2548	3.3406	-0.2702	-0.4040	3.1069	-0.3312	-0.4613	3.3339	0.000	
11.654	-0.3051	-0.4359	3.2520	-0.1039	-0.9361	3.0559	-0.1659	-0.9594	3.2351	-0.2990	-0.2494	3.0160	-0.4826	-0.4669	3.5625	-0.3663	0.2560	3.3423	-0.2713	-0.4015	3.1018	-0.3331	-0.4592	3.3373	0.000	
11.690	-0.3046	-0.4363	3.2502	-0.1044	-0.9354	3.0549	-0.1684	-0.9597	3.2362	-0.3044	-0.2496	3.0144	-0.4869	-0.4698	3.5611	-0.3660	0.2553	3.3429	-0.2709	-0.4018	3.1015	-0.3326	-0.4602	3.3332	0.000	
11.723	-0.3047	-0.4356	3.2478	-0.1297	-0.8863	3.0656	-0.1720	-0.9597	3.2384	-0.2693	-0.2113	2.9958	-0.4871	-0.4592	3.5520	-0.3673	0.2552	3.3438	-0.2705	-0.4015	3.1002	-0.3332	-0.4597	3.3300	0.000	
11.755	-0.3028	-0.4348	3.2457	-0.1290	-0.8864	3.0651	-0.1726	-0.9588	3.2379	-0.2711	-0.2103	2.9972	-0.5301	-0.4255	3.6078	-0.3675	0.2552	3.3443	-0.2683	-0.4012	3.0996	-0.3315	-0.4584	3.3259	0.000	
11.789	-0.3041	-0.4326	3.2445	-0.1267	-0.8917	3.0594	-0.1733	-0.9583	3.2369	-0.2739	-0.2129	2.9991	-0.5237	-0.4411	3.5972	-0.3665	0.2532	3.3437	-0.2711	-0.3939	3.0901	-0.3327	-0.4578	3.3284	0.000	
11.824	-0.3049	-0.4322	3.2429	-0.1248	-0.8949	3.0576	-0.1737	-0.9577	3.2356	-0.3047	-0.2328	3.0044	-0.5247	-0.4499	3.5794	-0.3662	0.2537	3.3432	-0.2711	-0.3944	3.0902	-0.3346	-0.4567	3.3254	0.000	
11.856	-0.3070	-0.4305	3.2364	-0.1089	-0.9262	3.0511	-0.1768	-0.9555	3.2389	-0.3060	-0.2335	3.0042	-0.5218	-0.4528	3.5689	-0.3703	0.2575	3.3402	-0.2712	-0.3945	3.0900	-0.3386	-0.4538	3.3107	0.000	
11.890	-0.3090	-0.4283	3.2347	-0.1100	-0.9273	3.0483	-0.1773	-0.9532	3.2386	-0.3067	-0.2352	3.0046	-0.5143	-0.4043	3.5180	-0.3694	0.2573	3.3395	-0.2768	-0.3866	3.0753	-0.3402	-0.4540	3.3187	0.000	
11.923	-0.3083	-0.4291	3.2279	-0.1150	-0.9286	3.0488	-0.1788	-0.9505	3.2401	-0.2948	-0.2224	2.9965	-0.5151	-0.4030	3.5153	-0.3757	0.2617	3.3364	-0.2746	-0.3888	3.0752	-0.3401	-0.4555	3.3057	0.000	
11.956	-0.3117	-0.4355	3.2175	-0.1383	-0.8740	3.0481	-0.1773	-0.9496	3.2385	-0.2930	-0.2199	2.9933	-0.5147	-0.4063	3.5114	-0.3769	0.2624	3.3345	-0.2761	-0.3985	3.0771	-0.3445	-0.4619	3.2800	0.000	
11.989	-0.3124	-0.4353	3.2167	-0.1158	-0.9307	3.0323	-0.3331	-0.8759	3.0636	-0.2996	-0.2143	2.9689	-0.5155	-0.4067	3.5083	-0.3752	0.2606	3.3308	-0.2778	-0.3992	3.0647	-0.3459	-0.4601	3.2959	0.000	
12.023	-0.3137	-0.4388	3.2085	-0.1361	-0.8839	3.0422	-0.1826	-0.9421	3.2374	-0.3025	-0.2079	2.9625	-0.5157	-0.4069	3.5066	-0.3771	0.2607	3.3280	-0.2769	-0.4085	3.0616	-0.3472	-0.4591	3.2852	0.000	
12.056	-0.3134	-0.4220	3.2016	-0.1163	-0.9307	3.0264	-0.3373	-0.8867	3.0557	-0.2891	-0.2119	2.9751	-0.5148	-0.4061	3.5029	-0.3878	0.2632	3.3263	-0.2759	-0.3761	3.0364	-0.3459	-0.4511	3.2897	0.000	
12.090	-0.3141	-0.4064	3.1980	-0.1276	-0.9300	3.0292	-0.3373	-0.8866	3.0556	-0.2840	-0.2061	2.9726	-0.5132	-0.4057	3.4967	-0.3896	0.2662	3.3228	-0.2769	-0.3651	3.0350	-0.3455	-0.4402	3.2909	0.000	
12.123	-0.3124	-0.4012	3.1829	-0.1288	-0.9296	3.0291	-0.3371	-0.8863	3.0555	-0.2842	-0.2036	2.9669	-0.5172	-0.4410	3.5294	-0.3916	0.2645	3.3211	-0.2762	-0.3627	3.0340	-0.3425	-0.4325	3.2531	0.000	
12.156	-0.3165	-0.3989	3.1807	-0.1350	-0.8740	3.0403	-0.3371	-0.8861	3.0543	-0.2840	-0.2039	2.9638	-0.5094	-0.3996	3.4875	-0.3890	0.2635	3.3092	-0.2836	-0.3557	3.0280	-0.3458	-0.4322	3.2574	0.000	
12.190	-0.3218	-0.3936	3.1774	-0.1350	-0.8742	3.0401	-0.3364	-0.8855	3.0527	-0.2869	-0.2027	2.9560	-0.5091	-0.4002	3.4877	-0.3887	0.2677	3.3030	-0.2854	-0.3550	3.0296	-0.3545	-0.4197	3.2502	0.000	
12.223	-0.3253	-0.3896	3.1742	-0.1362	-0.8764	3.0376	-0.3346	-0.8771	3.0490	-0.2972	-0.2070	2.9525	-0.5153	-0.3972	3.5258	-0.3906	0.2793	3.2932	-0.2879	-0.3535	3.0298	-0.3567	-0.4161	3.2477	0.000	
12.255	-0.3266	-0.3915	3.1724	-0.1340	-0.8701	3.0349	-0.3342	-0.9760	3.0636	-0.2950	-0.2036	2.9419	-0.5185	-0.3937	3.5710	-0.3913	0.2784	3.2907	-0.2918	-0.3581	3.0200	-0.3573	-0.4181	3.2510	0.000	
12.318	-0.3298	-0.3970	3.1640	-0.1353	-0.8699	3.0332	-0.3336	-0.8716	3.0416	-0.2856	-0.1948	2.9299	-0.4995	-0.3926	3.4855	-0.3868	0.2785	3.2746	-0.2938	-0.3663	3.0199	-0.3609	-0.4196	3.2360	0.000	
12.348	-0.3306	-0.4032	3.1621	-0.1295	-0.9504	3.0481	-0.3339	-0.8741	3.0403	-0.2934	-0.1943	2.9205	-0.4988	-0.3954	3.4865	-0.3850	0.2734	3.2742	-0.2945	-0.3764	3.0158	-0.3611	-0.4231	3.2376	0.000	
12.378	-0.3298	-0.4015	3.1611	-0.1340	-0.9569	3.0458	-0.3336	-0.8707	3.0386	-0.2878	-0.1944	2.9249	-0.4984	-0.3967	3.4900	-0.3963	0.2972	3.2669	-0.2939	-0.3742	3.0147	-0.3598	-0.4214	3.2380	0.000	
12.408	-0.3297	-0.4027	3.1591	-0.1365	-0.9725	3.0284	-0.3332	-0.8681	3.0376	-0.2870	-0.1929	2.9246	-0.4958	-0.3978	3.4889	-0.3852	0.2951	3.2536	-0.2944	-0.3761	3.0153	-0.3584	-0.4217	3.2326	0.000	
12.439	-0.3299	-0.4042	3.1567	-0.1539	-0.9683	3.0516	-0.3356	-0.8772	3.0324	-0.2952	-0.1931	2.9222	-0.4892	-0.4050	3.4846	-0.3886	0.2937	3.2526	-0.2955	-0.3795	3.0159	-0.3577	-0.4214	3.2272	0.000	
12.473	-0.3285	-0.4045	3.1558	-0.2793	-0.9152	3.2102	-0.3358	-0.8796	3.0315	-0.3024	-0.1948	2.9187	-0.4889	-0.4051	3.4862	-0.3903	0.2943	3.2507	-0.2940	-0.3808	3.0156	-0.3564	-0.4207	3.2267	0.000	
12.505	-0.3289	-0.4080	3.1518	-0.2625	-0.9017	3.1566	-0.3336	-0.8686	3.0281	-0.3000	-0.1931	2.9179	-0.5047	-0.4153	3.5174	-0.3866	0.2869	3.2499	-0.2944	-0.3836	3.0139	-0.3565	-0.4239	3.2227	0.000	
12.538	-0.3308	-0.4073	3.1527	-0.2642	-0.9001	3.1580	-0.3337	-0.8702	3.0278	-0.2994	-0.1931	2.9180	-0.4994	-0.4019	3.5143	-0.3928	0.2872	3.2471	-0.2996	-0.3830	3.0104	-0.3580	-0.4219	3.2317	0.000	
12.573	-0.3296	-0.4064	3.1527	-0.2648	-0.8984	3.1599	-0.3343	-0.8812	3.0276	-0.3004	-0.1948	2.9203	-0.4936	-0.4052	3.5179	-0.4017	0.2804	3.2476	-0.2974	-0.3813	3.0093	-0.3568	-0.4215	3.2323	0.000	
12.605	-0.3281	-0.4080	3.1520	-0.2641	-0.8985	3.1597	-0.3342	-0.8814	3.0273	-0.3026	-0.1949	2.9219	-0.5014	-0.4229	3.5365	-0.3949	0.2648	3.2499	-0.2954	-0.3838	3.0132	-0.3522	-0.4255	3.2231	0.000	
12.638	-0.3241	-0.4223	3.1472	-0.2573	-0.9238	3.1727	-0.3355	-0.8908	3.0243	-0.3060	-0.1962	2.9242	-0.4943	-0.3805	3.5130	-0.4165	0.2923	3.2479	-0.2894	-0.4024	3.0238	-0.3496	-0.4415	3.2013	0.000	
12.678	-0.3279	-0.4232	3.1500	-0.2599	-0.9167	3.1757	-0.3354	-0.8904	3.0241	-0.3108	-0.1976	2.9285	-0.4987	-0.3635	3.5361	-0.4395	0.2704	3.2510	-0.2926	-0.4031	3.0251	-0.3566	-0.4393	3.2099	0.000	
12.708	-0.3225	-0.4211	3.1510	-0.2612	-0.9034	3.1702	-0.3358	-0.8906	3.0237	-0.3147	-0.2000	2.9339	-0.5022	-0.3818	3.5407	-0.4373	0.2648	3.2535	-0.2858	-0.3952	3.0203	-0.3483	-0.4390	3.2181	0.000	
12.738	-0.3097	-0.4102	3.1581	-0.1550	-0.9229	3.0147	-0.3351	-0.8892	3.0232	-0.3196	-0.2018	2.9375	-0.4892	-0.3786	3.5501	-0.4396	0.2640	3.2532	-0.2768	-0.3836	3.0220	-0.3342	-0.4292	3.2310	0.000	
12.771	-0.3049	-0.4288	3.1560	-0.1542	-0.9055	3.0101	-0.3339	-0.8883	3.0234	-0.3225	-0.2030	2.9444	-0.4918	-0.3817	3.5526	-0.4444	0.2582	3.2540	-0.2712	-0.4065	3.0361	-0.3295	-0.4515	3.2098	0.000	
12.805	-0.3107	-0.4306	3.1562	-0.1528	-0.9023	3.0074	-0.3334	-0.8884	3.0237	-0.3297	-0.2095	2.9523	-0.4924	-0.3819	3.5536	-0.4504	0.2511	3.2556	-0.2755	-0.4081	3.0356	-0.3395	-0.4496	3.2121	0.000	
12.840	-0.3120	-0.4329	3.1573	-0.1512	-0.8875	3.0072	-0.3329	-0.8875	3.0241	-0.3329	-0.2140	2.9596	-0.4940	-0.3852	3.5505	-0.4548	0.2459	3.2555	-0.2751	-0.4183	3.0503	-0.3438	-0.4485	3.2063	0.000	
12.873	-0.3149	-0.4347	3.1713	-0.1504	-0.8856	3.0076	-0.3328	-0.8873	3.0245	-0.3440	-0.2344	2.9787	-0.4720	-0.4258	3.4775	-0.4604	0.2408	3.2561	-0.2775	-0.4192	3.0584	-0.3458	-0.4455	3.2204	0.000	
12.906	-0.3147	-0.4347	3.1728	-0.1434	-0.8853	3.0059	-0.3324	-0.8869	3.0250	-0.4071	-0.2808	2.9967	-0.4722	-0.4281	3.4755	-0.4622	0.2385	3.2557	-0.2774	-0.4194	3.0590	-0.3457	-0.4439	3.2236	0.000	
12.939	-0.3115	-0.4357	3.1779	-0.1374	-0.8717	3.0076	-0.3320	-0.8871	3.0257	-0.4149	-0.2780	3.0173	-0.4829	-0.4213	3.4956	-0.4665	0.2335	3.2545	-0.2727	-0.4229	3.0645	-0.3435	-0.4421	3.2282	0.000	
12.973	-0.3064	-0.4362	3.1832	-0.1331	-0.9190	3.0050	-0.3314	-0.8871	3.0267	-0.4715	-0.2906	3.0441	-0.4682	-0.4375	3.4820	-0.4756	0.2275	3.2557	-0.2691	-0.4222	3.0674	-0.3371	-0.4434	3.2359	0.000	
13.006	-0.3057	-0.4463	3.1910	-0.1305	-0.8792	3.0121	-0.3310	-0.8872	3.0274	-0.4719	-0.2914	3.0470	-0.4769	-0.4473	3.4563	-0.4807	0.2245	3.2552	-0.2659	-0.4379	3.0810	-0.3380	-0.4478	3.2388	0.000	
13.038	-0.3056	-0.4474	3.1921	-0.1231	-0.9203	3.0091	-0.3311	-0.8871	3.0289	-0.5054	-0.3281	3.0798	-0.4693	-0.4477	3.4819	-0.4821	0.2182	3.2578	-0.2659	-0.4383	3.0839	-0.3379	-0.4493	3.2386	0.000	
13.072	-0.3031	-0.4495	3.1958	-0.1283	-0.8866	3.0139	-0.3315	-0.8862	3.0302	-0.5062	-0.3292	3.0821	-0.4621	-0.4238	3.5505	-0.4860	0.2159	3.2599	-0.2605	-0.4410	3.0948	-0.3374	-0.4502	3.2385	0.000	
13.105	-0.2961	-0.5167	3.2068	-0.1279	-0.8852	3.0144	-0.3326	-0.8846	3.0327	-0.5143	-0.3382	3.0900	-0.4482	-0.4221	3.5482	-0.4912	0.2159	3.2636	-0.2393	-0.5141	3.1493	-0.3471	-0.5089	3.2004	0.000	
13.140	-0.2712	-0.5086	3.2002	-0.1290	-0.8836	3.0153	-0.3334	-0.8839	3.0347	-0.5149	-0.3387	3.0933	-0.4580	-0.4354	3.5464	-0.4996	0.2037	3.2746	-0.2073	-0.4704	3.1143	-0.3150	-0.5281	3.2150	0.000	
13.171	-0.2759	-0.5108	3.2018	-0.1289	-0.8823	3.0152	-0.3343	-0.8844	3.0374	-0.5162	-0.3417	3.0987	-0.4657	-0.4604	3.4851	-0.5044	0.1973	3.2755	-0.2278	-0.5036	3.1342	-0.3257	-0.5210	3.2126	0.000	
13.206	-0.2746	-0.5108	3.2023	-0.1333	-0.9128	3.0054	-0.3350	-0.8857	3.0399	-0.5163	-0.3429	3.1009	-0.4663	-0.4620	3.4878	-0.5062	0.1969	3.2774	-0.2133	-0.4825	3.1260	-0.3247	-0.5270	3.2165	0.000	
13.239	-0.2855	-0.5150	3.2111	-0.1349	-0.9149	3.0058	-0.3358	-0.8855	3.0420	-0.5169	-0.3456	3.1036	-0.4691	-0.4645	3.4938	-0.5119	0.1923	3.2822	-0.2390	-0.5149	3.1579	-0.3346	-0.5197	3.2160	0.000	
13.273	-0.2848	-0.5152	3.2104	-0.1382	-0.9055	3.0072	-0.3369	-0.8850	3.0436	-0.5252	-0.3554	3.1079	-0.4730	-0.4575	3.5274	-0.5175	0.1914	3.2861	-0.2153	-0.4849	3.1245	-0.3369	-0.5269	3.2192	0.000	
13.306	-0.2860	-0.5123	3.2125	-0.1458	-0.9168	3.0146	-0.3377	-0.8848	3.0458	-0.5248	-0.3554	3.1089	-0.4862	-0.4590	3.5289	-0.5218	0.1834	3.2949	-0.2270	-0.4930	3.1503	-0.3394	-0.5158	3.2166	0.000	
13.338	-0.2875	-0.5093	3.2152	-0.1440	-0.9179	3.0128	-0.3385	-0.8831	3.0483	-0.5249	-0.3561	3.1110	-0.4641	-0.4649	3.5109	-0.5238	0.1847	3.2955	-0.2296	-0.4926	3.1555	-0.3401	-0.5119	3.2158	0.000	
13.371	-0.2887	-0.5075	3.2167	-0.1440	-0.8881	3.0068	-0.3418	-0.8855	3.0499	-0.5247	-0.3562	3.1113	-0.4995	-0.4610	3.5390	-0.5251	0.1851	3.2970	-0.2309	-0.4919	3.1558	-0.3406	-0.5103	3.2171	0.000	
13.405	-0.2921	-0.5087	3.2189	-0.1510	-0.8982	3.0059	-0.3461	-0.8871	3.0524	-0.5246	-0.3560	3.1119	-0.4672	-0.4431	3.5778	-0.5287	0.1787	3.3066	-0.2338	-0.4952	3.1591	-0.3448	-0.5106	3.2177	0.000	
13.439	-0.2920	-0.5059	3.2188	-0.1544	-0.9189	3.0053	-0.3468	-0.8852	3.0535	-0.5237	-0.3548	3.1139	-0.5201	-0.4447	3.5844	-0.5320	0.1820	3.3051	-0.2339	-0.4863	3.1504	-0.3445	-0.5094	3.2213	0.000	
13.518	-0.2917	-0.5058	3.2191	-0.1614	-0.9102	3.0003	-0.3504	-0.8869	3.0541	-0.5229	-0.3547	3.1146	-0.5084	-0.4415	3.5928	-0.5368	0.1687	3.3158	-0.2334	-0.4865	3.1499	-0.3439	-0.5101	3.2247	0.000	
13.548	-0.2754	-0.4857	3.2000	-0.1627	-0.9023	3.0006	-0.3517	-0.8871	3.0544	-0.5230	-0.3561	3.1162	-0.5208	-0.4478	3.5938	-0.5389	0.1672	3.3158	-0.2194	-0.4672	3.1400	-0.3257	-0.4942	3.1942	0.000	
13.578	-0.2905	-0.5213	3.2345	-0.1645	-0.9037	2.9989	-0.3529	-0.8876	3.0546	-0.5206	-0.3573	3.1192	-0.4816	-0.4647	3.5847	-0.5428	0.1243	3.2768	-0.2241	-0.5087	3.1687	-0.3511	-0.5236	3.2361	0.000	
13.608	-0.2912	-0.5224	3.2343	-0.1656	-0.9109	2.9941	-0.3542	-0.8872	3.0548	-0.5218	-0.3613	3.1213	-0.4734	-0.4725	3.5839	-0.5423	0.1389	3.2850	-0.2266	-0.4993	3.1573	-0.3540	-0.5461	3.2502	0.000	
13.638	-0.2686	-0.5224	3.2155	-0.1765	-0.9011	2.9926	-0.3598	-0.8754	3.0533	-0.5210	-0.3634	3.1228	-0.5399	-0.4243	3.6201	-0.5375	0.1442	3.2886	-0.2164	-0.4896	3.1443	-0.3077	-0.5508	3.2189	0.000	
13.673	-0.2731	-0.5320	3.2253	-0.1881	-0.8969	2.9879	-0.3621	-0.8723	3.0511	-0.5216	-0.3661	3.1255	-0.5512	-0.4204	3.6507	-0.5293	0.1412	3.2778	-0.2160	-0.4941	3.1467	-0.3303	-0.5645	3.2480	0.000	
13.705	-0.2728	-0.5349	3.2269	-0.1879	-0.9224	2.9889	-0.3634	-0.8714	3.0501	-0.5377	-0.4139	3.1280	-0.5109	-0.4973	3.6035	-0.5072	0.1345	3.2823	-0.2170	-0.5039	3.1406	-0.3262	-0.5632	3.2548	0.000	
13.739	-0.2668	-0.5480	3.2290	-0.1937	-0.8998	2.9795	-0.3647	-0.8859	3.0468	-0.4823	-0.3949	3.1125	-0.5530	-0.4993	3.6074	-0.5023	0.1252	3.2685	-0.2095	-0.5176	3.1417	-0.3216	-0.5695	3.2550	0.000	
13.772	-0.2515	-0.5525	3.2358	-0.1904	-0.9153	2.9751	-0.3651	-0.8876	3.0448	-0.4885	-0.4085	3.1199	-0.5512	-0.5222	3.5813	-0.4977	0.1070	3.2551	-0.2015	-0.5225	3.1478	-0.2928	-0.5718	3.2608	0.000	
13.806	-0.2384	-0.5661	3.2319	-0.1770	-0.9208	2.9711	-0.3644	-0.8881	3.0444	-0.4889	-0.4099	3.1203	-0.5498	-0.5361	3.5807	-0.4858	0.0856	3.2361	-0.1881	-0.5322	3.1458	-0.2830	-0.5888	3.2544	0.000	
13.839	-0.2340	-0.5637	3.2475	-0.1836	-0.9205	2.9706	-0.3616	-0.8917	3.0424	-0.4889	-0.4133	3.1208	-0.5436	-0.5579	3.5812	-0.4572	0.0579	3.2124	-0.1827	-0.5352	3.1747	-0.2799	-0.5835	3.2617	0.000	
13.873	-0.2293	-0.5828	3.3020	-0.1777	-0.9220	2.9646	-0.3642	-0.8894	3.0338	-0.4638	-0.4198	3.1132	-0.5498	-0.5632	3.5829	-0.4523	0.0505	3.2164	-0.1786	-0.5668	3.2334	-0.2759	-0.5871	3.3023	0.000	
13.905	-0.2302	-0.5909	3.3046	-0.1767	-0.9216	2.9603	-0.3619	-0.9018	3.0241	-0.4687	-0.4246	3.1159	-0.5359	-0.5661	3.5722	-0.4271	-0.0909	3.2753	-0.1778	-0.5787	3.2401	-0.2778	-0.5931	3.3038	0.000	
13.938	-0.2404	-0.6497	3.3418	-0.1875	-0.9201	2.9543	-0.3618	-0.9039	3.0210	-0.4575	-0.4296	3.1122	-0.5101	-0.6248	3.5926	-0.4099	-0.0631	3.2349	-0.1661	-0.6511	3.2855	-0.3101	-0.6358	3.3344	0.000	
13.973	-0.2280	-0.6533	3.3327	-0.1844	-0.9213	2.9513	-0.3621	-0.9281	3.0164	-0.4721	-0.4419	3.1226	-0.5681	-0.6164	3.6241	-0.4512	-0.0554	3.2420	-0.1665	-0.6477	3.2820	-0.2645	-0.6597	3.3127	0.000	
14.005	-0.2279	-0.6605	3.3393	-0.1826	-0.9223	2.9484	-0.3645	-0.9305	3.0142	-0.4745	-0.4524	3.1251	-0.5520	-0.6454	3.6076	-0.4486	-0.0673	3.2422	-0.1689	-0.6503	3.2855	-0.2722	-0.6664	3.3287	0.000	
14.038	-0.2260	-0.6842	3.3418	-0.1814	-0.9227	2.9473	-0.3654	-0.9322	3.0125	-0.4742	-0.4624	3.1282	-0.5586	-0.6436	3.6281	-0.4388	-0.0767	3.2485	-0.1714	-0.6693	3.2870	-0.2726	-0.6841	3.3320	0.000	
14.071	-0.2416	-0.7034	3.3448	-0.1790	-0.9221	2.9456	-0.3601	-0.9335	3.0112	-0.4739	-0.4716	3.1290	-0.5487	-0.6839	3.6147	-0.4247	-0.0968	3.2513	-0.1820	-0.6905	3.2958	-0.3003	-0.7061	3.3297	0.000	
14.105	-0.2251	-0.7392	3.3053	-0.1483	-0.8812	2.9366	-0.3528	-0.9362	3.0086	-0.4709	-0.4820	3.1276	-0.5524	-0.6722	3.6352	-0.4218	-0.1108	3.2412	-0.1663	-0.7230	3.2638	-0.2801	-0.7403	3.2842	0.000	
14.138	-0.2425	-0.7512	3.2941	-0.1718	-0.9452	2.9423	-0.3525	-0.9368	3.0084	-0.4697	-0.4964	3.1299	-0.5536	-0.6994	3.6167	-0.4176	-0.1212	3.2294	-0.1814	-0.7356	3.2618	-0.3018	-0.7534	3.2586	0.000	
14.173	-0.2258	-0.7867	3.2782	-0.1705	-0.9418	2.9423	-0.3533	-0.9361	3.0078	-0.4698	-0.5026	3.1299	-0.5511	-0.7057	3.6207	-0.4122	-0.1286	3.2281	-0.1672	-0.7751	3.2460	-0.2809	-0.7831	3.2469	0.000	
14.206	-0.1777	-0.7810	3.3493	-0.1704	-0.9398	2.9419	-0.3570	-0.9368	3.0064	-0.4690	-0.5055	3.1314	-0.5658	-0.7257	3.6211	-0.3664	-0.1512	3.2482	-0.1179	-0.7642	3.3162	-0.2341	-0.7830	3.3191	0.000	
14.239	-0.1717	-0.7917	3.3525	-0.1704	-0.9386	2.9410	-0.3579	-0.9360	3.0061	-0.4659	-0.5345	3.1255	-0.5488	-0.7370	3.6215	-0.3600	-0.1605	3.2551	-0.1109	-0.7754	3.3153	-0.2286	-0.7942	3.3270	0.000	
14.272	-0.1662	-0.8000	3.3566	-0.1712	-0.9377	2.9406	-0.3645	-0.9347	3.0094	-0.4363	-0.5540	3.1149	-0.5538	-0.7759	3.6493	-0.3477	-0.1768	3.2801	-0.1054	-0.7823	3.3141	-0.2230	-0.8047	3.3388	0.000	
14.306	-0.1602	-0.8109	3.3623	-0.1709	-0.9379	2.9404	-0.3651	-0.9347	3.0088	-0.4343	-0.5563	3.1153	-0.5435	-0.7925	3.6430	-0.3435	-0.1931	3.3157	-0.1001	-0.7919	3.3097	-0.2151	-0.8188	3.3589	0.000	
14.338	-0.1601	-0.8112	3.3629	-0.1710	-0.9378	2.9405	-0.3654	-0.9343	3.0096	-0.4305	-0.5598	3.1149	-0.5478	-0.8079	3.6504	-0.3424	-0.1930	3.3175	-0.0999	-0.7921	3.3095	-0.2153	-0.8188	3.3595	0.000	
14.372	-0.1576	-0.8164	3.3711	-0.1711	-0.9372	2.9418	-0.3679	-0.9321	3.0137	-0.4303	-0.5600	3.1158	-0.5514	-0.8134	3.6612	-0.3409	-0.1899	3.3464	-0.0981	-0.7957	3.3127	-0.2138	-0.8224	3.3684	0.000	
14.406	-0.1608	-0.8208	3.3741	-0.1715	-0.9364	2.9434	-0.3731	-0.9309	3.0175	-0.4494	-0.5623	3.1178	-0.5541	-0.8139	3.6703	-0.3304	-0.1859	3.3747	-0.1025	-0.8007	3.3139	-0.2160	-0.8260	3.3726	0.000	
14.438	-0.1595	-0.8191	3.3787	-0.1723	-0.9345	2.9449	-0.3774	-0.9301	3.0196	-0.4259	-0.5621	3.1193	-0.5517	-0.8166	3.6757	-0.3243	-0.1830	3.3874	-0.1014	-0.7990	3.3165	-0.2147	-0.8244	3.3788	0.000	
14.472	-0.1613	-0.8169	3.3866	-0.1722	-0.9324	2.9466	-0.3795	-0.9295	3.0217	-0.4134	-0.5555	3.1303	-0.5527	-0.8196	3.6823	-0.3176	-0.1809	3.4084	-0.1025	-0.7971	3.3190	-0.2171	-0.8222	3.3946	0.000	
14.506	-0.1627	-0.8159	3.3878	-0.1728	-0.9314	2.9472	-0.3813	-0.9267	3.0248	-0.4140	-0.5551	3.1311	-0.5588	-0.8122	3.6978	-0.3098	-0.1725	3.4259	-0.1049	-0.7954	3.3193	-0.2177	-0.8216	3.3957	0.000	
14.538	-0.1644	-0.8092	3.3971	-0.1732	-0.9312	2.9482	-0.3836	-0.9238	3.0328	-0.4289	-0.5558	3.1308	-0.5676	-0.8035	3.7136	-0.3114	-0.1669	3.4512	-0.1085	-0.7877	3.3220	-0.2164	-0.8155	3.4146	0.000	
14.573	-0.1644	-0.8083	3.3974	-0.1735	-0.9308	2.9487	-0.3849	-0.9222	3.0358	-0.4320	-0.5514	3.1324	-0.5612	-0.8141	3.7093	-0.3082	-0.1687	3.4619	-0.1093	-0.7842	3.3204	-0.2163	-0.8155	3.4148	0.000	
14.606	-0.1656	-0.8076	3.3986	-0.1758	-0.9299	2.9494	-0.3866	-0.9212	3.0383	-0.4365	-0.5496	3.1348	-0.5548	-0.8209	3.7016	-0.3046	-0.1670	3.4736	-0.1119	-0.7825	3.3199	-0.2168	-0.8158	3.4175	0.000	
14.638	-0.1667	-0.8058	3.4010	-0.1775	-0.9296	2.9488	-0.3871	-0.9213	3.0387	-0.4360	-0.5469	3.1365	-0.5695	-0.8130	3.7276	-0.3015	-0.1669	3.4826	-0.1138	-0.7795	3.3195	-0.2170	-0.8154	3.4233	0.000	
14.673	-0.1691	-0.8037	3.4021	-0.1787	-0.9286	2.9491	-0.3894	-0.9200	3.0400	-0.4339	-0.5475	3.1366	-0.5632	-0.8234	3.7091	-0.2983	-0.1663	3.4949	-0.1180	-0.7737	3.3159	-0.2193	-0.8155	3.4276	0.000	
14.705	-0.1778	-0.8007	3.4056	-0.1798	-0.9287	2.9486	-0.3929	-0.9213	3.0383	-0.4310	-0.5469	3.1377	-0.5639	-0.8311	3.7172	-0.2942	-0.1668	3.5059	-0.1282	-0.7704	3.3151	-0.2257	-0.8143	3.4339	0.000	
14.739	-0.1849	-0.7930	3.4190	-0.1805	-0.9285	2.9483	-0.3938	-0.9241	3.0372	-0.4289	-0.5471	3.1386	-0.5857	-0.8299	3.7452	-0.2925	-0.1679	3.5124	-0.1340	-0.7654	3.3205	-0.2324	-0.8052	3.4573	0.000	
14.772	-0.1843	-0.7927	3.4194	-0.1813	-0.9279	2.9483	-0.3935	-0.9242	3.0371	-0.4295	-0.5457	3.1417	-0.5746	-0.8395	3.7314	-0.2921	-0.1637	3.5205	-0.1335	-0.7642	3.3212	-0.2315	-0.8055	3.4572	0.000	
14.806	-0.1856	-0.7921	3.4200	-0.1829	-0.9267	2.9475	-0.3947	-0.9245	3.0352	-0.4291	-0.5427	3.1456	-0.5750	-0.8393	3.7316	-0.2901	-0.1623	3.5244	-0.1356	-0.7630	3.3213	-0.2322	-0.8055	3.4576	0.000	
14.839	-0.1810	-0.7891	3.4206	-0.1844	-0.9257	2.9469	-0.3966	-0.9253	3.0330	-0.4294	-0.5416	3.1471	-0.5756	-0.8392	3.7317	-0.2883	-0.1620	3.5296	-0.1288	-0.7587	3.3239	-0.2291	-0.8036	3.4562	0.000	
14.872	-0.1816	-0.7880	3.4227	-0.1855	-0.9259	2.9471	-0.4013	-0.9168	3.0326	-0.4274	-0.5403	3.1486	-0.5768	-0.8408	3.7330	-0.2875	-0.1613	3.5345	-0.1293	-0.7578	3.3241	-0.2300	-0.8028	3.4613	0.000	
14.905	-0.1817	-0.7873	3.4228	-0.1867	-0.9257	2.9466	-0.4054	-0.9131	3.0331	-0.4285	-0.5403	3.1488	-0.5791	-0.8451	3.7352	-0.2865	-0.1621	3.5388	-0.1299	-0.7557	3.3237	-0.2300	-0.8028	3.4613	0.000	
14.939	-0.1823	-0.7869	3.4235	-0.1971	-0.9243	2.9464	-0.4080	-0.9114	3.0324	-0.4289	-0.5397	3.1496	-0.5784	-0.8463	3.7352	-0.2862	-0.1617	3.5409	-0.1304	-0.7553	3.3234	-0.2309	-0.8028	3.4634	0.000	
14.972	-0.1836	-0.7861	3.4231	-0.1968	-0.9246	2.9462	-0.4081	-0.9155	3.0328	-0.4262	-0.5392	3.1501	-0.5784	-0.8463	3.7348	-0.2859	-0.1621	3.5413	-0.1340	-0.7525	3.3219	-0.2311	-0.8029	3.4632	0.000	
15.005	-0.1850	-0.7860	3.4242	-0.2055	-0.9254	2.9487	-0.4081	-0.9155	3.0334	-0.4261	-0.5389	3.1505	-0.5740	-0.8366	3.7323	-0.2862	-0.1627	3.5432	-0.1353	-0.7534	3.3228	-0.2322	-0.8022	3.4640	0.000	
15.038	-0.1884	-0.7855	3.4214	-0.2079	-0.9251	2.9481	-0.4080	-0.9155	3.0335	-0.4259	-0.5396	3.1505	-0.5740	-0.8362	3.7323	-0.2860	-0.1631	3.5435	-0.1378	-0.7532	3.3220	-0.2366	-0.8020	3.4572	0.000	
15.072	-0.1877	-0.7856	3.4215	-0.2097	-0.9250	2.9481	-0.4085	-0.9153	3.0344	-0.4283	-0.5397	3.1505	-0.5745	-0.8357	3.7329	-0.2863	-0.1628	3.5449	-0.1361	-0.7531	3.3207	-0.2357	-0.8025	3.4586	0.000	
15.105	-0.1893	-0.7850	3.4244	-0.2070	-0.9263	2.9477	-0.4087	-0.9154	3.0350	-0.4280	-0.5404	3.1507	-0.5780	-0.8351	3.7331	-0.2864	-0.1651	3.5456	-0.1369	-0.7527	3.3207	-0.2385	-0.8021	3.4699	0.000	
15.140	-0.1925	-0.7842	3.4240	-0.2094	-0.9258	2.9478	-0.4096	-0.9151	3.0358	-0.4280	-0.5402	3.1507	-0.5866	-0.8345	3.7475	-0.2867	-0.1660	3.5460	-0.1444	-0.7503	3.3189	-0.2394	-0.8022	3.4693	0.000	
15.173	-0.1916	-0.7818	3.4251	-0.2121	-0.9241	2.9484	-0.4098	-0.9150	3.0359	-0.4267	-0.5417	3.1503	-0.5801	-0.8222	3.7441	-0.2872	-0.1655	3.5488	-0.1423	-0.7471	3.3178	-0.2387	-0.8003	3.4717	0.000	
15.205	-0.1919	-0.7813	3.4252	-0.2141	-0.9244	2.9483	-0.4107	-0.9156	3.0366	-0.4275	-0.5422	3.1502	-0.5751	-0.8241	3.7335	-0.2874	-0.1657	3.5488	-0.1423	-0.7469	3.3179	-0.2393	-0.7998	3.4714	0.000	
