% Time	A1	A2	A3	A4	A5	A6	
141.732	0.5875	-0.2673	-0.4645	-0.3988	0.0615	-0.7933	-0.0434	
141.764	0.5217	-0.1358	-0.5303	-0.2344	0.2587	-0.4316	-0.0408	
141.798	0.2587	-0.1029	0.1930	-0.4316	-0.1029	0.2259	-0.0461	
141.831	0.5546	-0.1358	-0.7933	-0.1358	-0.1686	-1.5494	-0.0405	
141.864	0.5217	0.0944	-0.9577	-0.3988	0.2916	-0.4974	-0.0425	
141.897	0.4231	-0.5632	1.2450	-0.2673	-0.1029	0.4560	-0.0425	
141.931	0.7519	-0.2015	-1.0234	-0.1029	-0.0371	-0.4974	-0.0461	
141.964	0.5875	-0.5303	0.4231	-0.1686	0.0286	-0.1358	-0.0507	
141.997	0.3574	-0.1029	0.1272	-0.2015	-0.0043	-0.0371	-0.0451	
142.030	0.7519	-0.3659	0.0615	-0.1686	0.0615	0.2916	-0.0444	
142.064	0.7519	-0.4317	-0.4645	-0.0043	-0.0700	-0.6946	-0.0425	
142.098	0.2259	-0.0371	0.1930	-0.3988	0.1601	0.1601	-0.0418	
142.131	0.6861	-0.4317	-1.4508	-0.3988	0.0944	-0.1358	-0.0415	
142.164	0.3574	-0.3659	0.8505	-0.3330	-0.0043	0.6532	-0.0444	
142.197	0.6861	-0.5303	0.3574	-0.1358	-0.3001	0.3902	-0.0434	
142.230	0.3902	-0.4317	1.2779	-0.2673	-0.0700	0.7519	-0.0425	
142.264	0.6861	-0.2344	0.1601	-0.3001	0.2259	0.4889	-0.0441	
142.297	0.5217	-0.4317	0.7847	-0.1686	-0.1686	0.5546	-0.0408	
142.331	0.7847	-0.0371	-0.8919	-0.2015	0.2587	-0.3988	-0.0388	
142.364	0.6204	-0.3330	0.2916	-0.0700	-0.3001	0.6532	-0.0464	
142.397	0.7847	-0.3659	-0.1358	-0.0043	0.0286	-0.2673	-0.0425	
142.430	0.7519	-0.0371	-1.0563	-0.0700	0.1601	-0.1686	-0.0398	
142.464	0.5217	-0.1029	-0.6618	-0.3330	-0.4316	-0.4974	-0.0405	
142.500	0.1272	0.1601	-1.8782	0.0286	-0.7933	-0.1686	-0.0425	
142.531	0.4231	-0.1029	-0.5632	-0.1686	0.0615	-0.5960	-0.0402	
142.564	0.5546	0.0944	-0.5632	-0.3330	0.2259	0.0286	-0.0444	
142.597	0.4231	-0.0700	-0.3002	-0.0371	-0.1686	0.2259	-0.0451	
142.631	0.5546	-0.1358	-0.5960	-0.1358	-0.4974	-0.2673	-0.0434	
142.665	0.4889	-0.0371	-0.5303	-0.3001	-0.0371	-0.3988	-0.0589	
142.698	0.7190	-0.0700	-0.6289	-0.1029	0.2587	0.3902	-0.0425	
142.731	0.8176	-0.6289	-0.0043	0.0286	-0.2344	-0.2015	-0.0513	
142.764	0.2916	0.2916	-0.5303	-0.3659	0.2587	-0.1358	-0.0425	
142.797	0.7519	-0.6618	0.7847	-0.0371	-0.1686	1.0806	-0.0421	
142.831	0.8505	-0.3659	-0.3659	-0.0700	-0.0371	0.6204	-0.0411	
142.865	0.4560	0.1601	-0.5303	-0.3330	-0.0700	-0.1686	-0.0415	
142.897	0.6204	-0.1686	-0.2673	0.0615	-0.3001	0.5546	-0.0549	
142.930	0.6532	0.1272	-1.8453	-0.0371	0.3245	-0.7933	-0.0451	
142.964	0.5875	-0.2015	-0.5303	-0.1358	0.1601	-0.5960	-0.0073	
142.997	0.5875	-0.0043	-0.6947	-0.2344	0.4231	-0.2344	-0.0425	
143.031	0.6204	-0.3659	-0.3002	-0.0043	-0.0700	-0.1029	-0.0415	
143.064	0.7190	-0.5960	0.6532	-0.2015	1.1792	0.6861	-0.0425	
143.098	0.3574	-0.0700	0.1601	-0.4316	0.1272	0.2916	-0.0454	
143.131	0.3574	-0.3659	0.9162	-0.3659	0.0944	0.3574	-0.0434	
143.164	0.3574	-0.2344	-0.0043	-0.1029	-0.1358	0.6532	-0.0428	
143.197	0.4889	0.1930	-0.7933	-0.3659	-0.1358	-0.5303	-0.0411	
143.231	0.4560	-0.2673	0.7519	-0.3330	-0.0700	3.4476	-0.0408	
143.264	0.5546	-0.1686	0.2259	-0.5303	0.2587	0.6532	-0.0411	
143.298	0.6204	-0.3002	0.2259	-0.0700	-0.3001	0.5546	-0.0425	
143.331	0.6204	-0.3002	-0.1029	-0.1686	0.2259	-0.4316	-0.0378	
143.364	0.2259	-0.1029	1.0477	-0.5303	0.3245	0.4560	-0.0398	
143.397	0.2259	0.2259	-0.3988	-0.1686	0.0944	-0.3001	-0.0418	
143.431	0.5875	-0.4974	0.7519	-0.3330	0.0944	-0.1358	-0.0421	
143.464	0.6204	-0.1029	-0.6289	-0.2344	0.3245	-0.7275	-0.0405	
143.497	0.8176	-0.5632	-0.0371	0.0615	-0.1358	-0.3001	-0.0434	
143.530	0.5217	-0.1358	-0.5303	-0.0700	0.2916	-0.6618	-0.0411	
143.564	0.3902	-0.3330	0.7190	-0.2344	-0.2015	0.7847	-0.0434	
143.597	0.7190	-0.2015	-1.1220	0.0944	0.0944	-0.7604	-0.0444	
143.630	0.6204	-0.5303	0.5217	-0.2344	0.1272	-1.4836	-0.0411	
143.664	0.6861	-0.3002	0.4231	-0.3330	0.0615	1.6724	-0.0392	
143.697	0.6204	-0.4645	0.9162	-0.0700	-0.2344	0.7847	-0.0431	
143.731	0.4889	-0.1029	0.6204	-0.5960	0.3574	0.4889	-0.0365	
143.764	0.7190	-0.3002	-0.0043	-0.0700	-0.3001	0.4889	-0.0415	
143.798	0.2916	-0.1029	0.0286	-0.3330	-0.1358	-0.0700	-0.0405	
143.830	0.2587	-0.0371	0.2259	-0.3001	0.1930	-0.1686	-0.0421	
143.864	0.7190	-0.4317	-0.5303	-0.0043	-0.0043	-0.0043	-0.0415	
143.897	0.5217	0.1601	-0.6289	-0.3330	0.3574	0.0944	-0.0411	
143.931	0.5217	0.0615	0.3574	-0.3659	0.2259	0.4560	-0.0372	
143.964	0.7519	-0.0043	-1.0563	0.0286	0.1930	-0.3330	-0.0388	
143.997	0.6204	-0.4645	0.2916	-0.1686	0.0615	-0.0371	-0.0283	
144.030	0.8834	-0.0700	-0.3659	-0.1686	0.0286	0.7847	-0.0448	
144.064	0.3902	-0.2015	0.6204	-0.4316	0.1930	0.6204	-0.0418	
144.097	0.7519	-0.0700	-1.5494	0.2259	-0.0043	-0.4974	-0.0888	
144.130	0.3574	0.0944	-0.7933	-0.1686	0.3245	0.1601	-0.0392	
144.163	0.3574	0.2259	0.1272	-0.3001	0.0286	0.2259	-0.0402	
144.197	0.3902	-0.0043	0.0286	-0.2673	0.0944	0.5217	-0.0408	
144.230	0.9491	-0.4317	0.1272	-0.1358	0.4231	0.1601	-0.0425	
144.264	0.7519	-0.3988	0.1930	0.1930	-0.3330	0.8176	-0.0329	
144.297	0.7519	-0.4974	0.4231	0.0286	-0.1029	0.2587	-0.0415	
144.331	0.4231	0.1930	-0.6947	-0.1029	-0.0371	1.2121	-0.0405	
144.364	0.2587	0.2259	2.1326	-0.2344	0.3245	0.0286	-0.0392	
144.397	0.7847	-0.0371	-1.0234	-0.1686	0.2259	-0.8261	-0.0425	
144.430	0.9820	-0.3330	0.3245	-0.1686	-0.2673	1.0149	-0.0411	
144.464	1.0149	-0.4317	-0.9577	0.1930	-0.6289	0.4231	-0.0444	
144.497	0.9162	-0.3002	0.1930	-0.2673	0.1601	0.0944	-0.0395	
144.530	0.8176	-0.4317	0.3245	-0.0700	0.0944	0.1930	-0.0388	
144.564	0.5546	-0.1686	-0.1686	-0.3659	0.2587	0.4231	-0.0415	
144.597	0.6532	-0.2344	-0.0700	-0.0371	-0.3659	0.8505	-0.0444	
144.631	0.7519	-0.2673	-0.0700	-0.2344	0.0944	1.3765	-0.0398	
144.664	0.3245	0.2259	-0.4645	-0.3659	0.4560	-0.1358	-0.0461	
144.697	0.6861	-0.2344	-0.1029	-0.2673	0.3902	0.0944	-0.0369	
144.731	0.5217	-0.0371	0.0286	-0.4974	0.4231	0.1601	-0.0109	
144.763	0.6861	-0.5303	0.4889	-0.3001	-0.1358	0.2587	-0.0421	
144.797	0.7190	-0.1029	-0.2344	-0.1358	0.1930	0.5217	-0.0425	
144.830	0.5546	-0.2673	2.1655	-0.2344	0.0944	-0.5303	-0.0329	
144.864	0.7190	-0.3988	-0.0700	-0.0043	0.3574	0.0615	-0.0405	
144.897	0.9491	0.0944	-0.2673	-0.3001	0.3574	-0.3330	-0.0395	
144.930	0.5546	-0.0700	0.6532	-0.5303	0.1272	0.1601	-0.0402	
144.964	0.9820	-0.3002	-0.3988	-0.1358	0.5546	0.2916	-0.0352	
144.997	0.3902	-0.1358	0.1601	-0.2015	0.0286	0.0286	-0.0392	
145.030	0.6532	-0.1686	-0.7275	-0.0371	0.2587	-0.3988	-0.0454	
145.063	1.9354	-0.1686	-0.8919	-0.0371	-0.1029	-0.0700	-0.0395	
145.097	0.3902	0.0615	0.0944	-0.2015	0.2916	0.2587	-0.0388	
145.130	1.0149	-0.3330	-0.2673	0.1272	0.0615	0.4889	-0.1266	
145.163	0.1930	0.3245	-0.5303	-0.2673	0.6861	-0.1029	-0.0398	
145.197	0.8505	-0.2673	-0.8262	0.0286	0.1272	-0.1358	-0.0369	
145.230	0.3574	0.3574	-0.4317	-0.2673	0.6532	-0.1358	-0.0415	
145.233	0.6861	0.0944	-2.0754	-0.0371	-0.1686	-1.1878	-0.0378	
145.235	0.2259	-0.2344	-3.6534	-0.3659	-0.5960	-1.0891	-0.0438	
145.237	0.2259	-0.3659	-1.9768	-0.4974	-0.5303	-2.1740	-0.1112	
145.238	0.6204	-0.6618	0.2259	-0.4316	-0.5631	-0.5631	-0.0415	
145.239	0.3245	-0.3002	-0.9248	-0.4316	-0.1358	-0.6289	-0.0385	
145.241	0.5217	-0.0371	-1.1878	-0.1358	0.2259	-0.9248	-0.0352	
145.242	0.9491	-0.3988	0.1272	-0.2673	0.1272	-0.1029	-0.1003	
145.244	0.9162	-0.6618	0.6532	0.2259	2.6586	1.5737	-0.0411	
145.246	0.7519	-0.4645	1.9354	-0.2673	0.0286	1.8367	-0.0402	
145.248	0.7190	-0.2344	-0.1358	-0.0371	-0.0700	-0.2015	-0.0411	
145.249	0.4889	0.1272	-1.7467	-0.5303	0.2916	-0.9905	-0.0392	
145.250	-0.5960	0.2259	-2.5028	-0.1686	-0.3330	-0.3659	-0.0408	
145.252	0.7519	-0.7604	0.7519	-0.8590	-0.1029	-2.2069	-0.0339	
145.253	0.0944	-0.6289	0.6861	-0.9248	-0.4316	-1.4836	-0.0319	
145.254	0.6532	-0.3330	-0.9905	-0.1686	-0.3988	-1.5165	-0.0332	
145.256	0.2916	-0.4974	0.5546	-0.5960	-0.4974	-0.2344	-0.0378	
145.257	0.3245	-0.2344	0.9162	-0.4316	-0.3001	0.2259	-0.0405	
145.258	0.3902	-0.1358	0.5217	-0.1686	0.2916	-0.5960	-0.0382	
145.263	0.4560	-0.3002	1.7381	0.2587	0.1272	1.8039	-0.1338	
145.293	-0.2344	0.5546	-1.5823	0.1272	0.3902	1.8367	-0.0349	
145.323	0.1272	-0.1686	0.0615	-0.5631	-0.2673	0.1601	-0.0385	
145.353	0.0286	0.0944	1.9682	-0.3330	-0.2344	-1.4508	-0.0339	
145.383	0.8505	-0.3330	-0.9577	-0.1358	-0.2344	-0.5631	-0.0405	
145.414	0.2916	-0.0043	-0.1358	-0.2344	0.1272	-0.9905	-0.0405	
145.447	0.8834	-0.1686	-0.5632	-0.7933	0.1601	-0.1358	-0.0398	
145.480	0.6861	-0.4645	-0.0371	-0.3988	0.3574	-0.1686	-0.0375	
145.514	0.3245	0.0944	0.7190	-0.4974	0.6532	-0.0371	-0.1891	
145.547	0.8834	-0.3330	0.0286	0.0944	0.6861	0.2916	-0.0434	
145.580	0.6204	-0.3988	1.0477	-0.4316	-0.0043	1.1464	-0.0408	
145.614	0.3574	0.1601	0.4889	-0.4974	0.4231	-0.5960	-0.0375	
145.647	0.2916	0.3574	-0.5632	-0.3659	0.3245	-0.2673	-0.0319	
145.681	0.6204	0.1601	-1.2864	-0.1358	0.2259	-0.4316	-0.1171	
145.714	0.4231	-0.0043	-0.0371	-0.2015	1.0806	0.8505	-0.0411	
145.747	0.6532	-0.1358	0.3245	-0.2344	-0.1029	1.0477	-0.0418	
145.781	0.5875	-0.3002	2.5271	-0.0043	-0.2015	0.2916	-0.0408	
145.814	0.7190	-0.1686	1.0477	-0.3659	-0.0371	0.8176	-0.0395	
145.847	0.6204	-0.3659	0.5875	-0.0043	-0.2344	1.2121	-0.0405	
145.881	0.4560	-0.1029	1.5737	-0.3330	0.2587	0.6861	-0.0425	
145.914	0.7190	-0.3988	0.5546	0.1272	-0.1686	0.2916	-0.0352	
145.947	0.3574	-0.3330	-0.1358	-0.3659	0.3574	0.2259	-0.0382	
145.980	0.3574	-0.1358	0.9491	-0.5303	0.5217	0.5546	-0.0402	
146.013	0.9820	0.1601	-1.0234	0.1272	0.0944	-0.4316	-0.0411	
146.047	0.7519	-0.5303	0.9820	-0.2015	-0.0371	-5.0342	-0.0365	
146.080	1.0477	-0.2015	-0.3659	-0.0700	0.1601	0.8176	-0.0382	
146.114	0.5875	-0.2673	0.5875	0.0286	0.0615	0.0944	-0.0405	
146.116	0.4231	-0.1358	-0.7933	-0.3001	-0.0371	-0.6618	-0.0362	
146.117	0.2587	-0.2673	-0.8262	-0.1686	-0.4316	-0.9576	-0.0471	
146.133	0.7190	-0.3002	-0.4645	-0.2673	-0.3330	-0.3001	-0.0359	
146.163	0.6861	-0.3988	0.5217	-0.0371	0.3245	5.9790	-0.0411	
146.193	0.1930	1.9682	-1.3850	0.1930	-0.4316	0.8505	-0.0346	
146.223	0.2259	-0.1686	0.0615	-0.7604	0.0286	-0.8590	-0.0385	
146.253	0.4889	-0.6289	-1.3193	-0.3659	-0.7275	-1.7466	-0.0402	
146.283	0.4560	-0.1029	-1.1220	-0.2344	-0.0700	-1.3850	-0.0359	
146.313	0.4560	0.0615	0.1930	-0.3988	0.7847	0.0944	-0.0372	
146.347	0.4560	-0.0043	-1.0234	0.0944	0.3574	-0.2344	-0.0385	
146.380	0.8834	-0.1358	0.1930	-0.0371	-0.2015	1.3765	-0.0421	
146.414	0.3902	-0.2344	1.5737	1.0149	0.1930	0.7847	-0.0385	
146.447	0.3245	0.4231	-0.0371	-0.4316	0.7190	-0.3659	-0.2177	
146.480	0.6532	-0.2015	0.6861	-0.0043	0.1272	0.3574	-0.0290	
146.514	0.8176	0.1272	-1.4179	-0.0371	0.2587	-0.3001	-0.0125	
146.547	0.9820	-0.7275	1.1792	0.0615	-0.3659	1.3107	-0.0362	
146.581	0.2587	0.4560	-0.5303	-0.3659	0.4231	-0.3001	-0.0385	
146.613	0.5217	-0.1686	-1.4837	-0.1686	0.2916	-0.5960	-0.0378	
146.647	0.5546	0.1601	-1.2207	-0.2673	0.2916	-0.0043	-0.0375	
146.680	0.4560	0.0615	0.0615	-0.3988	0.2916	-0.7933	-0.0349	
146.714	0.8834	-0.2015	-0.4974	0.1601	0.0615	-0.0043	-0.0329	
146.747	1.0477	-0.1358	-1.0563	0.1930	-1.2864	0.3574	-0.0385	
146.780	0.2916	0.1601	0.1601	-0.3001	0.3902	0.3245	-0.0378	
146.813	0.9491	-0.4974	-2.5685	0.2916	-0.3330	1.2779	-0.0507	
146.847	0.5546	-0.3659	1.4094	-0.1358	-0.0700	0.8834	-0.0392	
146.880	0.8834	-0.3002	0.1272	0.0615	0.5546	0.0615	-0.0392	
146.913	1.0806	-1.4837	-0.2344	0.0944	-0.0371	1.0477	-0.0398	
146.947	0.5217	0.1930	-0.7275	-0.3659	0.4889	-0.6289	-0.0349	
146.980	0.6532	-0.3659	0.3902	0.0286	-0.3001	1.0806	-0.0546	
147.014	0.3574	-0.0043	0.2587	0.1272	0.2259	0.1601	-0.0408	
147.047	0.7519	-0.3002	-1.0563	-1.5823	-0.1029	0.2259	-0.0431	
147.080	0.6532	-0.0700	-0.2344	-0.0043	-0.2015	0.8505	-0.0497	
147.113	0.5875	-0.2344	0.7847	-0.0371	-0.0043	-0.8261	-0.0385	
147.147	0.6204	-0.1029	0.4889	-0.2015	0.6861	1.1792	-0.0425	
147.180	0.9820	-0.3002	0.5875	-0.3001	0.2587	0.9162	-0.0355	
147.214	0.8176	-0.5632	0.3902	0.0944	-0.2344	1.2121	-0.0398	
147.247	0.7190	-0.5632	1.2121	-0.0371	-0.1029	1.0806	-0.0290	
147.280	0.5217	-0.1029	0.0286	-0.1029	-0.1686	0.7847	-0.0398	
147.314	1.0806	-0.7275	0.5546	0.0286	0.2916	0.7190	-0.0392	
147.347	0.6532	-0.3002	0.7190	-0.1029	-0.1686	1.2121	-0.0286	
147.380	0.7847	-0.1029	-0.0371	-0.2344	0.3245	0.5217	-0.0378	
147.413	0.7519	-0.5960	2.0997	-0.2015	0.4231	1.9354	-0.0359	
147.446	0.6532	0.2259	-0.1686	-0.1029	0.1601	0.9820	-0.0234	
147.480	1.2450	-0.3988	-0.4645	0.2916	-0.4645	0.7190	-0.0405	
147.514	0.3574	-0.2673	1.3436	-0.1358	0.0944	1.0477	-0.0382	
147.547	0.7847	0.1601	-1.5494	-0.1029	0.3902	-0.8261	-0.0319	
147.580	0.8176	-0.0700	-1.1220	-0.1029	0.0944	-0.1029	-0.0365	
147.614	0.7190	-0.0043	-0.0371	-0.0371	0.0286	-0.2344	-0.0372	
147.647	0.2587	-0.1029	3.5134	0.0286	0.3574	0.4231	-0.0323	
147.680	0.6861	-0.4317	0.3574	-0.1358	0.3902	-0.2015	-0.0375	
147.714	0.3245	0.0944	0.4560	-0.3659	0.2916	0.0286	-0.0385	
147.747	0.4889	0.1930	0.3245	-0.3001	0.5875	-2.0754	-0.0339	
147.780	1.0806	-0.2344	-0.7933	0.1930	0.0286	0.1930	-0.0365	
147.813	0.6861	0.1930	0.2916	-0.2344	3.0202	0.9491	-0.0378	
147.847	0.6204	-0.1686	0.0944	-0.2673	0.2259	-0.6946	-0.0372	
147.880	0.9820	-0.7275	-0.0371	0.1272	-2.7329	0.7847	-0.0378	
147.914	0.4889	0.3574	-1.6152	-0.1358	0.3245	1.2121	-0.0385	
147.947	0.6204	-0.1358	-0.2015	0.1930	-0.2344	0.4560	-0.0605	
147.980	1.1464	-0.3659	0.2259	-0.2015	0.1272	0.4560	-0.0392	
148.013	0.9162	-0.4645	-0.0043	0.2916	-0.5631	0.8834	-0.0421	
148.047	1.1135	-0.6618	0.1601	0.0615	-0.2673	0.6204	-0.0178	
148.080	0.8505	-0.5303	0.8176	-0.0043	-0.2344	0.8834	-0.0382	
148.114	1.1135	0.2259	-1.4508	-0.0700	0.4560	-0.8261	-0.0362	
148.147	0.2916	0.1601	-0.5303	-0.0700	0.0944	0.3574	-0.0421	
148.180	0.9491	-0.1029	-0.1686	-0.1029	0.2916	0.6204	-0.0365	
148.213	0.8834	-0.4974	1.0806	0.2916	-0.0371	0.8834	-0.0674	
148.247	0.6861	0.0286	-0.3002	-1.3193	0.5546	-0.7275	-0.0369	
148.280	0.8176	-0.5632	-0.7933	0.0615	-0.1686	0.6204	-0.0378	
148.314	0.6861	-0.3002	0.0944	-0.0043	0.0615	0.1930	-0.0405	
148.347	0.6204	-0.3002	0.9491	-0.2015	0.1272	0.2916	-0.0355	
148.380	0.8176	-0.8262	0.3574	0.1272	-0.1686	0.2916	-0.0405	
148.414	1.6395	-0.1686	0.2587	-0.1358	-0.1358	1.2779	-0.0411	
148.447	0.6532	-0.0700	-0.3659	-0.2344	-1.4179	0.1272	-0.0375	
148.485	0.4889	-0.5632	-1.3522	-0.5631	-0.3330	-4.5739	-0.0411	
148.487	0.4889	-0.3330	-2.2069	-0.4316	-0.2015	-2.6014	-0.0372	
148.489	-0.6618	-0.3002	-2.0425	-0.1686	-0.3330	-1.7466	-0.0395	
148.490	0.3902	-0.3659	-1.0892	-0.3988	-0.0371	-1.1878	-0.0392	
148.492	0.8505	-0.6947	0.9162	-0.1029	-0.1029	0.2587	-0.0385	
148.493	0.1272	0.0944	-0.4974	-0.0371	0.4889	0.4560	-0.0392	
148.494	0.7847	-0.2673	1.2121	-0.5303	0.5875	-0.3988	-0.0418	
148.496	1.0477	-0.3002	0.5217	0.0286	0.4231	-4.5082	-0.0382	
148.515	0.7190	-0.5632	-0.8919	-0.0371	-0.2673	-1.7795	-0.0395	
148.533	0.7847	-0.5632	-0.0371	-0.4316	-0.3001	0.1930	-0.0421	
148.563	0.9491	-0.2673	0.8176	0.2916	-0.0371	0.7190	-0.0369	
148.593	0.5217	0.1272	-1.3850	-0.3988	-0.1358	0.4889	-0.0385	
148.623	0.3574	0.0286	-1.8124	-0.4645	0.0286	-2.5028	-0.0375	
148.653	-0.0043	-0.3002	-0.4974	-0.4645	-0.8261	-0.3001	-0.0392	
148.683	0.6532	-0.3988	0.1272	-0.8919	0.0286	-0.9248	-0.0362	
148.716	0.6204	-0.0700	-2.0754	-0.0371	-0.2015	-1.2535	-0.0385	
148.749	0.3902	-0.1029	-0.6289	-0.3659	-0.1358	-0.6946	-0.0421	
148.773	0.3902	-0.3330	-0.6947	-0.3659	-0.3988	-1.3850	-0.0398	
148.803	0.4889	-4.3438	-2.1740	-0.3659	-0.7275	1.5737	-0.0398	
148.833	0.4889	-0.7275	1.2779	-0.1686	-0.0371	-0.9576	-0.0349	
148.865	0.6861	-0.4317	-0.7933	-0.2673	-0.1686	-0.1358	-0.0385	
148.900	0.2916	-0.4317	-0.5632	-0.3988	-0.2015	-1.6480	-0.0385	
148.933	0.3574	-0.1686	0.7519	-0.5631	-0.2673	0.5546	-0.0369	
148.966	0.5217	-0.2673	-0.9577	-0.2344	-0.0371	-0.9248	-0.0372	
148.999	0.4560	-0.2015	-0.9577	-0.3988	-0.0043	-1.3521	-0.0372	
149.033	0.2259	0.0286	0.2259	-0.7275	0.0944	-0.1686	-0.0362	
149.065	0.7847	-0.3330	-1.3193	-0.1029	-0.1358	-0.9248	-0.0385	
149.099	0.6861	0.0286	-1.6480	-0.4316	0.2259	-1.3521	-0.0372	
149.133	0.5546	-0.3659	0.1601	-0.4645	-0.2015	0.1601	-0.0395	
149.165	0.0286	-0.2015	0.4231	-0.5303	-0.0700	0.4560	-0.0352	
149.199	0.5217	-0.4645	-0.0371	-0.4645	-0.0043	-0.3001	-0.0382	
149.232	0.5875	-0.4317	0.7847	-0.2673	-0.0371	-0.4645	-0.0349	
149.266	0.3902	-0.0043	-1.2864	-0.3001	0.1272	-1.4836	-0.0365	
149.300	0.3902	-0.2673	-0.1029	-0.3659	-0.1358	-1.0891	-0.0378	
149.333	0.2259	-0.0700	-0.3659	-0.4316	-0.1358	-0.7933	-0.0365	
149.365	0.5875	-0.3002	0.1601	-0.4316	-0.2015	0.2259	-0.0382	
149.399	0.4231	-0.5632	1.1135	-0.4645	-0.3988	0.6204	-0.0375	
149.432	0.7847	-0.5303	-0.4645	0.0615	-0.4645	-0.5631	-0.0385	
149.465	0.5217	-0.4645	-0.0043	-0.3001	-0.0043	-0.6289	-0.0355	
149.499	0.3245	-0.1358	0.5546	-0.6618	-0.0700	0.4231	-0.0408	
149.533	0.1601	-0.2015	-0.3002	-0.4316	0.2916	-1.3850	-0.0359	
149.566	0.6204	-0.3002	-0.4317	-0.6946	0.3902	-1.4508	-0.0352	
149.598	0.6861	-0.1029	-0.8919	-0.3988	0.1272	-0.3330	-0.0349	
149.632	0.6532	-0.1686	-0.8919	-0.2344	0.1272	-1.2535	-0.0382	
149.666	0.5546	-0.4317	0.8505	-0.3659	-0.1358	0.0944	-0.0398	
149.699	0.8176	-0.5632	-0.9905	-0.0371	-0.1686	-1.0563	-0.0421	
149.733	0.4889	-0.4317	0.9491	-0.3659	-0.3001	0.0944	-0.0355	
149.765	0.5546	-0.2673	-0.5960	-0.1686	-0.2673	-0.4316	-0.0372	
149.799	0.6861	-0.5303	0.0944	-0.3001	-0.2673	0.3245	-0.0392	
149.832	0.4231	-0.2015	-0.4974	-0.2344	-0.2015	-0.5960	-0.0395	
149.865	0.5546	-0.6947	0.4889	-0.2673	-0.3659	-0.0371	-0.0402	
149.899	0.3574	-0.1686	-1.2535	-0.4645	-0.0371	0.3902	-0.0362	
149.932	0.4231	-0.3988	0.5217	-0.4316	-0.0371	-0.2015	-0.0339	
149.965	0.7519	-0.5632	-1.8782	-0.2015	0.0615	-0.6946	-0.0369	
150.000	1.0149	-0.2673	-0.1686	-0.5960	0.1601	-0.6618	-0.0369	
150.032	0.4889	-0.3988	0.5546	-0.4645	0.0615	0.5546	-0.0385	
150.066	0.8505	-0.3330	-1.4837	-0.0371	-0.3988	-0.7604	-0.0355	
150.098	0.5875	-0.4974	0.2916	-0.0371	-0.5303	-0.0700	-0.0408	
150.132	0.2259	0.0615	-0.3330	-0.5960	0.1272	-0.3988	-0.0388	
150.166	0.7190	-0.3988	-0.2673	-0.3001	-0.3001	0.2916	-0.0398	
150.199	0.6861	-0.8262	0.4231	-0.1358	-0.4316	0.0286	-0.0392	
150.232	0.5217	-0.3330	-0.4317	-0.1358	-0.2344	-0.6618	-0.0378	
150.266	0.2916	-0.3659	-1.2207	-0.4316	-0.0371	-0.7604	-0.0352	
150.300	0.3574	-0.3330	0.7190	-0.6289	-0.1029	-0.4645	-0.0378	
150.333	0.5546	0.0286	-1.8124	-0.1358	-0.2015	-0.6618	-0.0398	
150.366	0.4889	-0.3002	-0.5632	-0.3659	0.1601	-0.4974	-0.0365	
150.400	0.5875	-0.4974	0.1272	-0.3330	-0.2673	0.4560	-0.0385	
150.432	0.6532	-0.0371	-1.2535	-0.3001	-0.0043	-0.6618	-0.0369	
150.465	0.7847	-0.4974	-0.3002	-0.1686	-0.2344	0.3574	-0.0382	
150.499	0.3902	-0.1686	0.5875	-0.5960	-0.0700	1.9682	-0.0395	
150.533	0.4889	-0.5303	0.6532	-0.3330	0.0286	-0.0371	-0.0369	
150.566	0.5217	-0.2344	-1.1549	-0.3659	0.0944	-0.4645	-0.0349	
150.599	0.6861	-0.3002	-0.8262	-0.2344	-0.1686	-0.4316	-0.0398	
150.632	0.2916	-0.0043	-0.1029	-0.6946	0.1272	-0.0700	-0.0372	
150.666	0.5875	-0.2344	-1.0563	-0.2344	0.0286	-1.1220	-0.0362	
150.699	0.6861	-0.7275	0.0944	-0.1686	-0.4316	-0.2344	-0.0402	
150.733	0.6532	-0.7933	0.9491	-0.2344	-0.5960	0.3245	-0.0388	
150.765	0.4231	-0.4317	0.2259	-0.2344	-0.3330	-0.1029	-0.0385	
150.799	0.4889	-0.2344	-0.0371	-0.3001	0.0286	-0.3001	-0.0349	
150.832	0.2916	-0.4317	0.6204	-0.4316	-0.3659	0.7190	-0.0392	
150.865	0.8176	-0.3002	-0.9577	-0.1686	-0.1686	-0.4974	-0.0411	
150.899	0.6204	-0.2015	-1.1878	-0.2673	-0.0371	-0.4645	-0.0378	
150.932	0.7519	-0.4317	0.3902	-0.3001	-0.2673	1.3107	-0.0388	
150.965	0.4889	-0.1686	0.1601	-0.5631	0.0286	0.3245	-0.0372	
150.999	0.5875	0.2259	-1.8782	-0.3659	0.2259	-0.9905	-0.0359	
151.033	0.3902	-0.2015	-0.7933	-0.2344	-0.6618	1.0477	-0.0365	
151.065	0.7190	-0.1358	-1.4508	-0.0371	0.1272	-1.0891	-0.0369	
151.099	0.3245	0.1601	-1.0234	-0.6289	0.2916	-0.5303	-0.0365	
151.133	0.3902	-0.2015	-0.2015	-0.6289	0.0944	-0.4974	-0.0382	
151.167	0.6204	-0.7933	0.9491	-0.5303	-0.3001	-0.3330	-0.0352	
151.199	0.3902	-0.1686	0.2259	-0.5960	-0.0700	0.5875	-0.0392	
151.232	0.4231	0.0286	0.5217	-0.5631	0.2259	0.3574	-0.0372	
151.265	0.8834	-0.2015	-1.5494	0.0615	-0.0700	-0.9576	-0.0392	
151.299	0.5217	-0.5303	0.9491	-0.3001	-0.2673	2.7572	-0.0359	
151.333	0.5546	-0.3659	-0.0043	-0.1358	-0.6289	-0.0700	-0.0411	
151.365	0.1601	-0.2015	0.8176	-0.4316	0.1601	0.4231	-0.0365	
151.399	0.4231	-0.0700	0.6861	-0.7275	-0.1029	0.5546	-0.0388	
151.435	0.7190	-0.3988	0.1272	-0.9248	0.1601	-3.0617	-0.0355	
151.465	0.4560	-0.1686	-0.4317	-0.4974	0.1601	-0.4974	-0.0392	
151.499	0.5217	-0.4645	-0.4317	-0.2015	-0.1686	-0.3988	-0.0365	
151.533	0.5217	-0.2673	-0.8590	-0.0371	-0.0371	-1.1549	-0.0369	
151.565	0.6204	-0.4645	-0.3659	-0.1686	-0.4316	-0.2673	-0.0398	
151.598	0.2916	-0.2015	0.9820	-0.5631	0.1272	0.7847	-0.0405	
151.632	0.5546	-0.2673	-0.9248	-0.2015	-0.2673	-0.4974	-0.0382	
151.665	0.4889	-0.3002	-0.2015	-0.3001	-0.0371	-0.5631	-0.0392	
151.698	0.1930	0.0286	0.2916	-0.3988	-0.0043	0.3245	-0.0392	
151.732	0.6861	-0.2673	0.1930	-0.4316	-0.0043	0.3574	-0.0822	
151.765	0.6532	-0.1029	-1.1220	-0.2015	0.0944	-1.1549	-0.0352	
151.798	0.6532	-0.3988	0.1272	-0.0043	-0.3988	0.2259	-0.0411	
151.832	0.5875	0.0615	-1.2207	-0.2344	0.1272	-0.5303	-0.0398	
151.866	0.5875	0.0286	-1.0234	-0.2673	0.1601	-0.9248	-0.0388	
151.899	0.4231	-0.1358	-0.4317	-0.3001	0.0286	-0.6618	-0.0385	
151.932	0.6532	-0.0043	-1.6480	-0.3001	0.1930	-0.9905	-0.0395	
151.965	0.3902	0.1601	-1.0563	-0.2015	0.1272	-0.7275	-0.0369	
151.998	0.5546	0.0286	-0.3659	-0.2015	0.0286	0.0944	-0.0411	
152.032	0.6861	-0.3330	-0.6618	-0.1029	-0.0043	-1.0234	-0.0392	
152.065	0.4889	-0.2344	0.4889	-0.4645	-0.1029	0.6204	-0.0372	
152.098	0.4560	-0.0043	-0.6947	-0.2015	-0.0371	-0.4645	-0.0405	
152.132	0.4560	-0.1686	-0.9248	-0.2673	0.1601	-1.9768	-0.0382	
152.165	0.5875	-0.4645	0.4889	-0.3330	-0.3659	0.4231	-0.0425	
152.199	0.4889	-0.2344	-0.4645	-0.3988	0.0286	-0.4974	-0.0349	
152.232	0.1601	-0.0700	1.7052	-0.4316	-0.1686	0.2916	-0.0362	
152.266	0.3902	-0.2015	-0.2344	-0.3001	-0.4316	-0.6289	-0.0352	
152.298	0.7519	-0.4645	0.6861	-0.1686	-0.3659	0.7847	-0.0395	
152.332	0.6204	0.0944	-0.9905	-0.2673	-0.0700	-0.3988	-0.0372	
152.365	0.5217	-0.3002	-0.3330	-0.2344	0.1272	-0.4645	-0.0395	
152.398	0.7519	-0.1358	-0.6289	-0.0700	0.0286	0.2916	-0.0372	
152.432	0.5875	-0.3002	-0.3988	-0.3001	-0.0371	-0.3001	-0.0395	
152.465	0.3245	-0.2015	-0.3002	-0.3330	-0.1686	-0.5631	-0.0388	
152.499	0.3902	-0.4317	0.2916	-0.3988	-0.0043	-0.2015	-0.0382	
152.533	0.1930	0.1930	-0.2015	-0.6618	0.1930	-0.5631	-0.0388	
152.565	0.5217	-0.5303	0.6861	-0.1686	-0.8590	0.3574	-0.0411	
152.599	0.2259	-0.0043	-0.0700	-0.4974	-0.0371	-0.1686	-0.0395	
152.632	0.6532	-0.3659	-0.4317	-0.1029	-0.2673	-0.4316	-0.0418	
152.665	0.2587	-0.0043	0.1272	-0.4316	0.1272	0.0286	-0.0303	
152.698	0.7519	-0.4974	-0.1358	-0.0371	-0.2015	-0.1686	-0.0392	
152.733	0.4889	-0.1686	-0.5632	-0.3330	0.0286	-1.1220	-0.0346	
152.765	0.9491	-0.3988	-1.2207	-0.0371	-0.2344	-0.4316	-0.0359	
152.799	0.5875	-0.0043	-0.9248	-0.3988	-0.0371	-0.4645	-0.0392	
152.832	0.2916	0.0286	0.2587	-0.6946	0.1601	0.1601	-0.0362	
152.865	0.0944	-0.0700	0.5217	-0.5631	-0.0043	0.0944	-0.0346	
152.898	0.6204	0.0615	-1.4837	-0.2015	0.2916	-0.7275	-0.0342	
152.932	0.5875	-0.1686	-0.6289	-0.1358	0.1272	-0.2344	-0.0342	
152.965	0.3574	0.0286	-0.6289	-0.3659	-0.0043	-0.3330	-0.0329	
152.998	0.3902	-0.3659	1.0806	-0.3330	0.8834	1.0806	-0.0392	
153.032	0.3574	-0.3002	0.3902	-0.5631	0.0286	-0.3001	-0.0378	
153.065	0.6204	-0.3002	-0.3988	-0.2344	0.0944	-0.5631	-0.0352	
153.098	0.4560	0.0944	-0.2673	-0.4316	0.2587	0.0615	-0.0362	
153.132	0.6204	-0.3659	-0.5632	-0.1686	-0.4645	-0.6289	-0.0365	
153.166	0.4560	-0.1358	-0.5303	-0.3001	-0.0371	-0.9248	-0.0362	
153.198	0.7847	-0.3002	-0.1029	-0.3001	0.1272	0.5217	-0.0326	
153.232	0.7847	-0.4974	0.1930	-0.0371	-0.0043	0.0286	-0.0359	
153.265	0.8505	-0.1358	-1.6480	-0.0700	-0.0043	-0.5960	-0.0378	
153.298	0.9162	-0.2344	-0.9577	0.0944	-0.0043	0.0286	-0.0362	
153.332	0.2259	-0.0371	0.0944	-0.4316	-0.1029	-0.1686	-0.0352	
153.365	0.2916	-0.1029	0.2916	-0.8590	-0.1358	0.2259	-0.0385	
153.400	0.6861	-0.6947	-1.0563	-0.2344	-0.2015	-0.2015	-0.0352	
153.432	0.6204	-0.5960	0.6532	-0.1358	-0.4316	0.7847	-0.0385	
153.465	0.6204	-0.8262	0.2916	-0.2673	-0.1358	0.0615	-0.0382	
153.498	0.6532	-0.1358	-0.1686	-0.3001	0.0615	0.4231	-0.0520	
153.531	0.4889	-0.2015	-0.0043	-0.3659	0.2259	0.2916	-0.0395	
153.565	0.6204	0.0286	-1.0563	-0.1686	0.1930	-0.4974	-0.0388	
153.598	0.6204	0.2259	0.3245	-0.4316	-0.0043	0.2259	-0.0398	
153.632	0.4889	-0.3659	0.1272	-0.2673	-0.3659	0.2259	-0.0398	
153.665	0.7847	-0.4645	-0.6289	-0.0043	-0.1686	-0.4645	-0.0382	
153.698	0.5875	0.0944	-0.5303	-0.4316	0.2587	-0.0700	-0.0372	
153.732	0.7847	-0.2344	-0.6618	-0.4316	-0.1358	-0.0371	-0.0385	
153.764	0.3902	-0.1686	-0.6618	-0.0043	0.0286	-0.3659	-0.0365	
153.799	0.3902	0.0286	0.0286	-0.5631	-0.2015	0.0944	-0.0405	
153.832	0.4889	-0.3330	-0.1029	-0.2015	-0.3001	-0.3988	-0.0434	
153.864	0.2916	0.1272	-0.2344	-0.2673	0.1601	0.0615	-0.0375	
153.899	0.5217	-0.4974	0.2916	-0.5960	-0.2344	-0.0043	-0.0395	
153.931	0.3902	0.1272	-0.2673	-0.3330	0.2259	-0.2344	-0.0359	
153.965	0.3902	-0.2015	-0.2344	-0.2344	-0.1686	-0.1358	-0.0408	
153.998	0.8176	-0.3988	-0.4645	-0.0371	-0.0700	0.4560	-0.0392	
154.032	0.4560	-0.3659	0.5875	-0.3330	-0.3659	0.3245	-0.0382	
154.065	0.5546	-0.3002	0.0286	-0.4316	-0.0700	0.2587	-0.0362	
154.098	0.5546	0.0944	-0.4974	-0.3330	0.3245	-0.2673	-0.0411	
154.132	-0.2015	0.0944	-0.2344	-0.3001	0.1930	-0.4316	-0.0359	
154.165	0.3902	-0.3330	0.5875	-0.3001	-0.2673	0.4560	-0.0392	
154.198	0.7519	-0.2344	-1.1220	-0.0043	0.1272	-1.0891	-0.0362	
154.232	0.4560	-0.1029	-0.3659	-0.2015	-0.0043	-0.1686	-0.0395	
154.264	0.7847	-0.1358	-0.8262	-0.0371	-0.0043	-0.0371	-0.0378	
154.298	0.9491	-0.4645	0.0286	-0.1358	-0.1358	0.1601	-0.0378	
154.332	0.6204	-0.6289	0.3902	-0.1358	-0.3330	-0.2344	-0.0392	
154.365	0.6532	-0.2673	-0.5303	-0.3330	-0.8261	-0.0043	-0.0362	
154.398	0.7847	0.0286	-1.2864	-0.0371	-0.1686	-0.5631	-0.0378	
154.432	0.1930	-0.1358	0.7847	-0.4645	-0.1029	0.1930	-0.0342	
154.465	0.5217	0.0944	-0.6289	-0.4316	0.7190	-0.2015	-0.0372	
154.499	0.6204	-0.3988	-0.3659	-0.1358	-0.1686	-0.5303	-0.0421	
154.532	0.5546	-0.1029	-1.0234	-0.2673	0.0615	-0.9576	-0.0365	
154.566	0.5217	-0.5303	0.6532	-0.3330	-0.1686	0.0615	-0.0352	
154.598	1.2450	-0.4317	-0.7604	0.1601	-0.1029	-0.5960	-0.0388	
154.631	0.4889	-0.1358	-0.1686	-0.0700	-0.2015	-0.0043	-0.0388	
154.665	0.6532	-0.2673	-0.1029	-0.2015	0.0286	0.4560	-0.0372	
154.698	0.4889	0.1272	-0.2673	-0.4974	0.4231	-0.1686	-0.0332	
154.732	0.7190	-0.2344	-0.9905	-0.0371	0.1601	-1.3193	-0.0378	
154.765	0.3902	-0.1358	-0.3988	-0.1686	-0.1029	-0.8919	-0.0342	
154.798	0.5217	-0.2015	-0.1686	-0.4316	-0.0043	0.1272	-0.0411	
154.832	0.6861	-0.8919	0.9162	-0.1358	-0.3988	0.7519	-0.0398	
154.865	0.7519	-0.3330	-0.0043	-0.2015	-0.2015	0.4231	-0.0543	
154.899	0.5875	0.0615	-1.7795	-0.3330	0.1930	-0.8919	-0.0520	
154.931	0.4231	0.0944	-0.2344	-0.2344	-0.0043	0.2587	-0.0441	
154.965	0.4231	-0.2344	0.7519	-0.3330	-0.0371	0.4889	-0.0411	
154.998	0.4889	-0.2015	0.6532	-0.2015	-0.0371	0.9162	-0.0392	
155.032	0.5875	-0.3659	-0.0371	-0.2344	-0.2673	-0.1686	-0.0402	
155.065	0.4560	-0.5632	0.5546	-0.2673	-0.4316	0.3245	-0.0385	
155.067	0.3245	-0.2015	-1.0234	-0.2673	-0.3001	-0.4645	-0.0359	
155.070	0.2259	-0.2344	-1.8453	-0.5631	-0.5631	-0.4974	-0.0378	
155.071	0.2916	-0.3330	-0.2015	-0.7933	-0.3001	3.2504	-0.0428	
155.072	0.5217	-0.3330	-0.8590	-0.3659	-0.0371	-1.7138	-0.0500	
155.073	0.3574	-0.1029	-0.5960	-0.2344	-0.0043	-0.7275	-0.0378	
155.075	0.5217	-0.0371	-0.6618	-0.0371	-0.3001	0.8176	-0.0405	
155.076	1.0149	-0.3988	0.6532	1.3765	0.4231	-0.6946	-0.0405	
155.078	0.9162	-0.1029	-0.7604	-0.0043	0.4889	1.1464	-0.0359	
155.081	0.5875	-0.3988	-0.1686	-0.0700	-0.5303	-0.4974	-0.0402	
155.082	0.3574	-0.4317	0.4889	-0.5303	-0.2344	0.2916	-0.0372	
155.084	0.4231	-0.0371	-1.9768	-0.1686	-0.5960	-0.3001	-0.0868	
155.085	0.4889	-0.2673	-2.1412	0.2259	-0.5631	-1.2864	-0.0355	
155.087	0.6532	-0.3988	-1.8453	-0.3001	-0.6289	-1.7466	-0.0382	
155.088	0.4560	-0.3988	0.2587	-0.6289	-1.0234	0.0615	-0.0378	
155.090	0.2259	-0.1029	0.0944	-0.7604	-0.0043	-0.1029	-0.0402	
155.091	0.7519	-0.5303	3.3161	-0.3330	-0.0700	1.0806	-0.0319	
155.093	0.8834	-0.2673	0.0286	0.0615	0.4889	-0.9905	-0.0346	
155.094	1.0806	-0.6289	-0.2673	0.0286	0.3574	0.7519	-0.0346	
155.096	0.4889	0.0944	0.5217	0.0615	0.4560	1.1792	-0.0346	
155.115	0.3245	-0.0371	0.2587	-0.4645	0.0944	-0.0700	-0.0346	
155.117	-0.0043	0.3245	-2.1412	-0.3330	-0.5631	-0.9576	-0.0372	
155.118	0.5217	-1.0563	0.1272	-0.9248	-0.2015	-0.1686	-0.0415	
155.133	0.6861	-0.5632	0.5217	-0.6946	-0.5303	0.6861	-0.0392	
155.166	0.2259	-0.4974	-0.1358	-0.4974	0.0286	-0.0700	-0.0382	
155.199	0.6204	-0.1029	-0.7933	-0.2673	-0.7275	-0.5303	-0.0398	
155.231	0.7190	0.0615	0.0944	-0.3001	-0.0700	0.4231	-0.0372	
155.264	0.5217	-0.4317	0.3574	-0.5631	0.1272	-0.2673	-0.0372	
155.298	0.4889	-0.4317	0.7847	-0.2015	-0.0043	-0.0043	-0.0382	
155.331	0.7190	-0.1358	-0.5632	-0.3001	0.2587	-0.0043	-0.0415	
155.365	0.6532	-0.5303	0.2916	-0.0371	-0.1358	-0.0700	-0.0388	
155.398	0.7190	-0.3330	-0.3330	0.0286	0.2916	0.0286	-0.0378	
155.432	0.3574	-0.3330	0.6204	-0.3330	-0.2015	0.0944	-0.0385	
155.464	0.8176	0.0286	-1.0892	0.0286	0.1601	0.1601	-0.0365	
155.498	0.4889	-0.0700	-0.6947	-0.9905	0.0944	-0.5960	-0.0372	
155.531	1.0477	0.1930	-1.0563	0.0944	-0.1029	-0.0043	-0.0372	
155.565	0.4889	-0.1358	-0.3330	-0.5303	0.1272	0.0615	-0.0362	
155.598	0.7519	-0.4974	-0.1029	-0.1358	-0.2015	-0.0043	-0.0362	
155.632	0.4889	0.0286	0.3574	-0.5303	0.3902	-0.2673	-0.0375	
155.665	0.6861	-0.0371	-0.7275	-0.7604	-0.0371	0.3902	-0.0415	
155.698	0.5875	-0.1686	-0.7933	-0.3659	0.1930	-0.8261	-0.0355	
155.731	0.2259	-0.0043	0.3902	-0.3988	0.0615	0.4560	-0.0392	
155.765	0.9491	-0.3330	-0.8262	-0.0700	-0.1358	0.1930	-0.0487	
155.798	0.8176	-0.2344	-0.9248	-0.2344	-0.0371	-0.2015	-0.0359	
155.832	0.7519	-0.3002	-0.6618	-0.2015	-0.1358	-0.3001	-0.0326	
155.865	0.6204	-0.1358	-0.4645	-0.0371	-0.1686	-0.2344	-0.0405	
155.899	0.7519	-0.4645	-0.5960	-0.1686	-0.3001	-0.4316	-0.0382	
155.932	0.8505	-0.2673	-0.9905	-0.0371	0.0615	-1.2864	-0.0346	
155.964	0.6861	-0.2344	-0.0371	-0.3001	0.1272	0.6204	-0.0267	
155.998	0.6532	-0.1686	-0.1686	-0.2673	-0.0043	-0.7275	-0.0411	
156.001	0.5875	-0.7604	-0.3002	-0.5631	-1.9768	-1.9768	-0.0346	
156.003	0.0615	-0.2344	-1.3850	-0.5631	-0.8919	-0.4974	-0.0349	
156.004	0.3902	-0.5632	0.5217	-0.4316	-0.4316	-1.0891	-0.0365	
156.033	0.3902	0.0286	-0.4974	-0.2015	-0.0700	-0.9248	-0.0398	
156.067	0.1272	-0.2015	-0.3659	-0.6289	0.1601	-0.8261	-0.0375	
156.098	0.8505	-0.3330	-0.4974	-0.1358	0.0286	-0.4316	-0.0372	
156.131	0.4889	-0.4974	1.2779	-0.3001	-0.1686	-1.4836	-0.0375	
156.165	0.7519	-0.7604	0.5546	-0.1358	-0.3001	0.2587	-0.0382	
156.198	0.8834	-0.4317	-0.1358	-0.1358	-0.1029	0.7847	-0.0434	
156.231	0.3245	-0.1686	0.6204	-0.3001	-0.0043	0.6204	-0.0392	
156.265	0.3245	-0.2344	0.2916	-0.6946	-0.0043	-0.0371	-0.0398	
156.298	0.4889	-0.1358	0.2916	-0.4645	0.0286	0.3574	-0.0602	
156.332	0.2916	-0.2015	0.0944	-0.2344	-0.1686	-0.0043	-0.0411	
156.365	0.3902	-0.3330	0.6204	-0.3659	-0.1029	0.3245	-0.0415	
156.398	0.5546	-0.4317	0.5875	-0.1686	-0.3330	0.2587	-0.0388	
156.431	0.2587	-0.1686	0.2259	-0.3001	0.1601	-0.2015	-0.0411	
156.464	0.5217	-0.1029	-1.0234	0.0286	0.1601	-0.4645	-0.0385	
156.498	0.5546	0.0615	-1.5494	-0.1358	0.3902	-0.3001	-0.0441	
156.531	0.7190	-0.3330	-0.2344	0.0944	-0.3659	0.0944	-0.0434	
156.565	0.3902	-0.1358	-0.1686	-0.2673	-0.0700	-1.5494	-0.0428	
156.598	0.1930	-0.0043	0.4889	-0.4645	0.2587	0.4560	-0.0411	
156.632	0.3245	-0.0043	-0.1029	-0.4316	0.1601	-0.1358	-0.0388	
156.665	0.4231	-0.3988	0.5217	-0.3330	-0.1686	0.2916	-0.0392	
156.698	0.3245	-0.0371	0.0286	-0.3330	-0.0043	0.2259	-0.0375	
156.731	0.5217	-0.3002	0.3902	-0.2344	-0.2015	0.8834	-0.0369	
156.765	0.4560	-0.0700	-0.4317	-0.2015	0.0944	-0.5960	-0.0313	
156.798	0.4889	-0.3988	0.0944	0.0615	-0.3330	0.5875	-0.0421	
156.831	0.5546	0.1272	-0.9577	-0.3001	-0.0043	-0.7604	-0.0378	
156.865	0.7847	-0.1029	-1.0563	-0.2673	-0.0043	-0.6289	-0.0743	
156.898	0.6861	-0.3659	-0.5632	-0.1358	-0.4316	0.7519	-0.0497	
156.931	0.4560	-0.0700	0.3574	-0.5303	0.3902	1.4422	-0.0467	
156.965	0.4231	-0.1358	1.0477	-0.5631	0.1930	0.7847	-0.0500	
156.998	0.6532	0.0286	-1.2864	-0.1029	0.3245	-0.8261	-0.0497	
157.031	0.5217	-0.3002	1.1464	-0.1686	-0.1029	0.8505	-0.0543	
157.064	0.7190	-0.2673	0.3574	-0.4316	0.1272	0.7519	-0.0536	
157.098	0.4889	-0.2344	0.4889	-0.3001	0.0286	0.4889	-0.0438	
157.131	0.4231	0.2587	-0.7933	-0.1686	0.0286	-0.1358	-0.0540	
157.164	0.5875	-0.1686	-0.6289	-0.1358	0.5875	-0.8590	-0.0536	
157.198	0.8176	-0.2015	-0.9248	-0.1029	-0.0043	-0.1686	-0.0540	
157.231	0.4231	-0.3002	0.8176	-0.3330	0.0286	0.4560	-0.0536	
157.265	0.4231	-0.1029	0.7847	-0.4974	0.1272	0.9491	-0.0674	
157.298	0.5546	-0.2344	-0.3330	-0.2015	-0.2673	-0.5631	-0.0543	
157.331	0.3245	-0.2673	0.9491	-0.4316	0.0286	1.9354	-0.0530	
157.364	0.5217	0.2259	-0.6618	-0.2673	0.3902	-0.1686	-0.0533	
157.398	0.6204	-0.0043	-0.5632	-0.3330	0.4560	-0.0371	-0.0523	
157.431	0.7847	-0.7604	1.1135	-0.1029	-0.2673	0.8505	-0.0553	
157.464	0.6532	-0.2015	-0.1029	-0.2673	0.1930	0.4889	-0.0523	
157.498	0.2587	-0.0700	0.8505	-0.4316	-0.0043	0.5217	-0.0540	
157.531	0.7190	-0.6289	1.1464	0.0615	-0.1358	-0.0700	-0.0523	
157.565	0.8176	-0.5303	-0.1029	-0.0371	-0.1029	-0.2344	-0.0507	
157.598	0.6204	-0.7933	1.0806	-0.3001	-0.1029	0.6861	-0.0536	
157.631	0.4889	-0.0700	-0.6289	-0.1686	0.1601	-0.7604	-0.0510	
157.665	0.5546	-0.1029	-1.0234	-0.2344	0.1930	-1.2535	-0.0536	
157.698	0.4889	-0.2015	-0.1358	-0.2344	-0.2015	0.0944	-0.0546	
157.731	0.8505	-0.1029	-0.4974	-0.3001	0.1272	-0.8261	-0.0510	
157.764	0.7519	-0.1029	-0.4974	-0.2344	0.0944	0.1930	-0.0549	
157.798	0.3245	-0.1358	0.5217	-0.2673	-0.0043	0.8176	-0.0546	
157.831	0.5875	-0.1029	-0.0700	-0.4316	1.2779	0.4231	-0.0510	
157.865	0.6204	-0.0043	-0.9248	-0.2015	0.1601	-0.1686	-0.0536	
157.897	0.4889	0.2587	-0.8590	-0.2673	0.3574	0.4231	-0.0523	
157.931	0.6204	-0.4974	0.5875	-0.2673	0.0944	-0.0043	-0.0490	
157.964	0.4889	-0.2344	0.6532	-0.3001	-0.0700	0.2587	-0.0510	
157.998	0.6204	-0.0700	-0.3002	-0.3659	-0.0043	0.2587	-0.0536	
158.031	0.3902	-0.1029	0.5217	-0.1358	0.0944	0.5217	-0.0563	
158.065	0.8176	-0.2344	0.8176	-0.5960	-0.0043	0.6532	-0.0520	
158.098	0.6532	-0.0043	-1.3193	-0.1358	0.1930	-0.5303	-0.0530	
158.131	0.5546	-0.1029	-0.8262	-0.3988	0.2259	-0.3988	-0.0549	
158.164	0.7519	-0.6618	0.7519	-0.0700	-0.5631	0.3245	-0.0536	
158.198	0.5217	0.0286	-0.3330	-0.3659	0.2587	-0.3001	-0.0510	
158.231	0.5875	-0.2344	-0.3659	0.0615	-0.2015	-0.3001	-0.0517	
158.264	0.5875	-0.4645	0.3245	-0.3001	0.0944	-0.2015	-0.0553	
158.298	0.7847	-0.4317	-0.6618	-0.1029	-0.2344	-0.3659	-0.0559	
158.331	0.5217	-0.0043	-0.0371	-0.3330	0.0944	0.1601	-0.0523	
158.365	0.5875	-0.5632	0.9162	-0.1358	-0.3659	0.7190	-0.0572	
158.397	0.3902	0.0944	0.0286	-0.3988	0.2587	-1.6480	-0.0572	
158.431	0.5875	-0.3002	0.0286	-0.2015	-0.3001	0.3245	-0.0523	
158.465	0.7519	-0.4645	-0.2015	-0.0700	-0.0700	-0.3001	-0.0500	
158.498	0.6861	0.0944	-0.7275	-0.2015	0.1601	-0.2673	-0.0487	
158.532	0.1601	-0.2673	-0.1029	-0.4974	0.2259	-0.4974	-0.0500	
158.564	0.8505	-0.3659	-0.7933	-0.0371	-0.1686	0.3574	-0.0540	
158.597	0.7847	-0.2673	0.1601	-0.2344	-0.1686	0.4560	-0.0553	
158.631	0.4560	0.0615	-0.8262	-0.1358	-0.0700	-1.4508	-0.0576	
158.664	0.1601	-0.1686	0.7190	-0.5303	0.1601	0.5546	-0.0553	
158.698	0.6532	-0.3002	-0.6618	-0.0371	0.1930	-0.7604	-0.0559	
158.700	0.4560	-0.3002	-0.5303	-0.7604	0.2916	-1.6151	-0.0526	
158.702	1.5737	-0.2673	-1.6480	-0.6618	-0.4974	-1.1878	-0.0553	
158.704	0.3902	-0.3002	-0.9577	-0.7275	-0.1029	-1.9439	-0.0543	
158.706	-0.0371	-0.1029	-0.5632	-0.5631	-0.2015	-1.0891	-0.0556	
158.708	1.1464	-0.6947	-0.3988	0.0944	-0.3659	0.6861	-0.0576	
158.709	0.2916	0.1601	1.2779	0.1272	-0.4645	1.1464	-0.0503	
158.710	0.7519	0.3902	-1.6152	0.4231	-0.0371	1.0477	-0.0595	
158.713	1.0806	0.1930	-1.0234	0.0615	0.1601	-0.4316	-0.0533	
158.714	0.6532	-0.3659	0.1601	-0.3659	-0.1686	0.5217	-0.0569	
158.733	0.6204	-0.7933	0.9491	-0.4974	-0.3001	-2.6014	-0.0503	
158.765	0.7190	-0.0700	-2.0425	-0.1686	-0.3988	-1.3850	-0.0553	
158.798	0.6532	-0.4974	0.0286	-0.1358	-0.1686	-0.5631	-0.0523	
158.831	0.9820	-0.5960	-0.3659	0.1601	-0.1686	-0.2673	-0.0503	
158.864	0.4231	-0.1358	-0.2673	-0.2344	-0.1686	0.1930	-0.0559	
158.898	0.7190	-0.5960	0.0944	-0.1358	-0.2015	-0.2015	-0.0543	
158.931	0.5217	-0.2015	-0.4317	-0.1686	0.0615	-0.4974	-0.0569	
158.964	0.5546	0.0944	-1.3522	-0.1358	0.3574	-0.6618	-0.0526	
158.998	0.7519	-0.4974	-0.6618	-0.1358	-0.2673	-0.8261	-0.0569	
159.003	0.7190	-0.7604	-1.9110	-0.7604	-0.3659	-0.9576	-0.0579	
159.033	0.6204	-0.4974	0.8834	-0.3330	-0.7275	0.8505	-0.0513	
159.065	0.6532	-0.4974	0.6204	-0.3001	-0.5631	0.3574	-0.0536	
159.098	0.2259	-0.3002	1.6066	-0.4645	-0.2015	0.0944	-0.0533	
159.130	0.5546	-0.4645	-0.1029	-0.1358	0.2916	-0.5631	-0.0563	
159.164	0.5217	-0.5303	1.0806	-0.2015	-0.3988	0.6861	-0.0536	
159.198	0.3902	-0.5303	1.0149	-0.3988	-0.1358	0.3574	-0.0523	
159.230	0.7190	-0.1358	-1.8782	0.0286	0.0286	-0.3659	-0.0540	
159.264	0.4560	-0.2344	-0.1029	-0.3001	0.1601	-0.3659	-0.0872	
159.298	0.7519	-0.3330	-0.3988	-0.3001	-0.1029	-0.2344	-0.0526	
159.331	0.6204	-0.3002	-0.6947	-0.1686	0.0615	-0.8261	-0.0553	
159.364	0.2259	-0.2673	0.1272	-0.2673	-0.0043	0.3574	-0.0553	
159.397	0.1601	0.1272	0.2259	-0.3330	0.1272	0.0944	-0.0523	
159.430	0.8834	-0.3988	-0.0043	-0.1686	-0.0371	0.9162	-0.0605	
159.432	0.4889	-0.2673	-0.8919	-0.3988	0.0615	-1.7466	-0.0497	
159.453	0.3902	-0.7275	0.5875	-0.5631	-0.8261	-0.1686	-0.0523	
159.483	0.3574	-0.2673	-0.5632	-0.6946	0.1930	-1.0563	-0.0474	
159.515	0.7190	-0.2673	0.7847	-0.6946	-0.0700	-0.2673	-0.0520	
159.547	0.7519	-0.6289	0.4560	-0.1358	-0.1686	0.3245	-0.0549	
159.581	0.6532	-0.1686	-0.6947	-0.2673	-0.0700	-0.6946	-0.0507	
159.614	0.6532	-1.0234	0.5546	-0.2015	-0.4645	0.2587	-0.0520	
159.647	0.4231	0.0286	-0.0371	-0.5303	0.1272	-0.1686	-0.0510	
159.681	0.6204	0.0286	-1.8782	-0.2673	1.1135	-0.7275	-0.0513	
159.714	0.7519	-0.0371	-1.8453	-0.1686	0.1930	-0.8261	-0.0494	
159.723	0.4231	-0.6289	0.4231	-0.3001	-0.3659	0.3902	-0.0540	
159.753	0.6204	-0.8919	-1.5823	-0.4974	-1.0234	-1.4179	-0.0507	
159.783	0.5875	-0.7275	0.8176	-0.7275	-0.6946	-1.1220	-0.0533	
159.814	0.6532	0.0286	-1.0563	-0.3001	0.0615	-0.7604	-0.0507	
159.848	0.3574	-0.2673	-0.6289	-0.3659	0.0944	-0.3330	-0.0510	
159.881	0.5875	-0.1358	-1.3522	-0.1029	-0.1029	-0.3001	-0.0540	
159.914	0.3902	-0.3002	-0.0043	-0.2344	-0.3001	0.0615	-0.0609	
159.947	0.4231	-0.2673	0.2916	-0.3001	0.0286	-0.0371	-0.0908	
159.981	0.3574	-0.3002	1.0806	-0.3001	-0.1029	1.0149	-0.0503	
160.014	0.6204	-0.2344	-0.6947	-0.2673	0.7847	-0.1686	-0.0543	
160.047	0.7847	-0.2673	-0.8919	-0.2015	-0.0700	-0.2344	-0.0520	
160.081	0.4889	-0.3330	0.3902	-0.2344	-0.0043	-0.1358	-0.0540	
160.114	0.4231	-0.1686	-0.3659	-0.3001	0.0286	-0.8919	-0.0520	
160.148	0.4231	-0.2344	-0.7275	-0.3659	0.2259	-0.9576	-0.0513	
160.181	0.7847	0.1272	-0.5632	-0.1358	-0.2344	-0.4316	-0.0556	
160.229	0.4889	0.0944	0.4231	-0.1686	0.2916	0.1272	-0.0546	
160.248	0.5217	-0.1029	-0.6289	-0.5631	-0.0371	-0.4316	-0.0520	
160.281	0.2587	-0.2344	0.1272	-0.4316	-0.1686	0.0286	-0.0579	
160.314	0.8834	-0.4645	-0.8262	-0.0371	-0.1686	-0.2015	-0.0471	
160.348	0.5546	-0.1358	-0.8262	-0.4316	0.0615	-0.4974	-0.0520	
160.381	0.7519	-0.3330	-1.0892	-0.0043	0.0944	-1.2864	-0.0517	
160.414	0.1601	0.1601	-0.1686	-0.4316	0.1272	-0.1686	-0.0517	
160.448	0.6861	-0.3330	-1.0892	-0.1029	-0.0371	-0.9905	-0.0530	
160.481	0.3574	0.0944	-0.7933	-0.5631	0.1930	-0.7275	-0.0520	
160.514	0.6861	-0.4645	-0.3002	-0.1358	-0.1358	-0.6618	-0.0513	
160.548	0.3245	0.1930	-0.7275	-0.5631	0.2916	-1.4836	-0.0497	
160.581	0.6204	-0.1358	-1.0892	-0.1686	-0.0700	-1.0234	-0.0530	
160.614	0.4231	-0.4974	0.1272	-0.2015	-0.3001	-0.0043	-0.0549	
160.647	0.7190	-0.3659	-1.0234	-0.2673	-0.1358	-0.2015	-0.0517	
160.681	0.2587	-0.3330	0.5875	-0.4974	-0.2344	0.3902	-0.0530	
160.714	0.6204	-0.3659	-0.2673	-0.2673	-0.2015	0.2587	-0.0526	
160.747	0.8505	-0.1686	-0.7275	-0.2344	-0.3001	-0.4645	-0.0569	
160.782	0.3574	0.0944	-0.8262	-0.4645	-0.0371	-0.9576	-0.0540	
160.815	0.2587	-0.0043	0.3574	-0.6618	0.0286	0.2916	-0.0526	
160.847	0.4231	-0.4317	0.4889	-0.4645	-0.1686	0.0944	-0.0513	
160.881	0.5546	-0.2673	-0.5303	-0.4316	-0.1686	0.0944	-0.0500	
160.915	0.1930	-0.0371	0.0286	-0.7933	0.2259	-3.6534	-0.0487	
160.947	0.3902	-0.3002	-0.0371	-0.2015	-0.2344	-0.1029	-0.0543	
160.981	0.6204	-0.5303	0.3574	-0.4974	-0.4974	0.5546	-0.0323	
161.014	0.6532	-0.0700	-1.6152	-0.3001	0.0944	-0.7604	-0.0520	
161.047	0.5546	0.0286	-1.6152	-0.3659	0.1601	-0.5631	-0.0517	
161.081	0.4889	-0.1029	-1.7467	-0.1686	0.1272	-1.5823	-0.0546	
161.114	0.7190	-0.3659	-0.6618	-0.4645	-0.2673	-0.5960	-0.0549	
161.147	0.5217	-0.0371	-1.9110	-0.2344	0.2259	-1.1220	-0.0523	
161.181	0.5217	-0.5303	0.2259	-0.3330	-0.1029	-0.2015	-0.0543	
161.215	-0.3002	-0.4317	0.2916	-0.5631	0.3245	-2.0096	-0.0533	
161.247	0.3902	-0.2673	0.2259	-0.4974	-0.2673	-0.0371	-0.0533	
161.281	0.7519	-0.6618	0.2916	-0.2344	-0.3330	1.0477	-0.0543	
161.314	0.6204	-0.5303	-0.3002	-0.0043	-0.4974	-0.4316	-0.0517	
161.347	0.3574	-0.2015	-0.3659	-0.6618	-0.0700	0.1272	-0.0563	
161.381	0.3574	0.0286	-0.8919	-0.4974	0.1930	-0.2673	-0.0523	
161.414	0.2916	-0.0371	0.1601	-0.5631	0.0286	-0.2344	-0.0500	
161.447	-0.1029	0.0286	0.1272	-0.6289	0.1930	0.0944	-0.0503	
161.481	0.3245	-0.0700	-0.3988	-0.3001	-0.0700	-0.6618	-0.0543	
161.514	0.7847	-0.6289	-0.5960	-0.1358	-0.6618	-0.7604	-0.0536	
161.547	0.4231	-0.0371	-0.8919	-0.1686	-0.0043	-0.8261	-0.0536	
161.582	0.4231	-2.7658	-1.5494	-0.0700	-0.7604	1.1135	-0.0503	
161.614	0.3902	0.0286	-1.0563	-0.4316	-0.0371	-0.6289	-0.0530	
161.648	0.6861	-0.5632	-0.3330	-0.2344	-0.2344	-0.6946	-0.0517	
161.680	0.2916	-0.3330	0.5875	-0.3659	-0.1686	0.0286	-0.0540	
161.714	0.7190	-0.2344	-1.3850	-0.2015	-0.0371	-0.8261	-0.0500	
161.748	0.2916	-0.1686	0.4231	-0.5631	-0.0371	0.0286	-0.0487	
161.781	0.0944	-0.1029	-0.4317	-0.3659	0.3245	-1.1220	-0.0533	
161.814	0.4560	-0.3002	-0.0700	-0.5303	-0.0371	-0.6618	-0.0520	
161.848	0.1601	-0.0043	-0.4317	-0.3988	-0.2015	-0.7275	-0.0517	
161.881	0.3574	-0.2673	0.4889	-0.6289	0.2587	-0.4974	-0.0526	
161.914	0.3902	0.0944	-0.8919	-0.3001	-0.2344	-0.4974	-0.0507	
161.947	0.9491	-0.2015	-1.2207	-0.2673	0.0615	-1.1549	-0.0503	
161.982	0.8834	-0.6289	0.0286	-0.4316	-0.3001	0.7847	-0.0500	
162.014	0.3574	-0.3330	-0.7604	-0.5960	0.2259	-0.0371	-0.0484	
162.047	0.3574	-0.2673	-0.3002	-0.4645	0.2587	-0.8261	-0.0471	
162.082	-0.0371	-0.0043	-1.0234	-0.5303	-0.6289	-0.1029	-0.1897	
162.115	0.5546	-0.6947	0.8834	-0.6946	-0.2673	-0.9248	-0.0533	
162.147	0.3245	-0.1358	-0.0700	-0.5631	0.1272	-0.4316	-0.0513	
162.181	0.3902	-0.4974	0.5217	-0.4645	0.0286	-0.1358	-0.0497	
162.214	0.3245	-0.3988	0.2916	-0.4645	-0.1029	-0.8919	-0.0536	
162.247	0.6204	0.0615	-1.4837	-0.3330	0.0944	-1.1220	-0.0490	
162.280	0.3902	0.0615	-0.6289	-0.4316	0.2259	-1.3193	-0.0517	
162.314	0.2916	-0.3659	0.7190	-0.4974	-0.2673	0.2916	-0.0530	
162.347	0.4231	-0.2344	-0.7275	-0.4316	0.0286	-0.5631	-0.0490	
162.381	0.1930	-0.2015	0.1601	-0.5303	-0.1358	-0.5303	-0.0500	
162.414	0.4889	-0.3002	0.2587	-0.4645	0.0286	-0.6618	-0.0507	
162.447	0.7519	-0.2344	-1.6809	-0.1029	-0.0043	-1.4836	-0.0510	
162.481	0.3902	-0.4645	1.2779	-0.6946	-0.2673	0.5875	-0.0457	
162.514	0.2916	-0.3988	0.4889	-0.5303	-0.2015	-0.6289	-0.0494	
162.547	0.4889	-0.4974	0.0286	-0.3001	-0.1029	-0.3001	-0.0510	
162.581	0.1930	-0.2015	0.1601	-0.4645	-0.2015	-0.6618	-0.0467	
162.613	0.2259	-0.1029	0.0944	-0.4645	-0.0700	-0.0371	-0.0540	
162.647	0.3574	-0.6618	0.9820	-0.3988	-0.3330	0.5875	-0.0530	
162.680	0.6532	-0.2673	-0.3659	-0.3001	-0.2015	-0.2673	-0.0546	
162.714	0.5875	-0.7604	0.5875	-0.1358	-0.5960	0.1601	-0.0533	
162.747	0.4231	-0.3002	-0.2344	-0.3330	0.0286	-0.2344	-0.0507	
162.780	0.2916	-0.6289	0.5875	-0.5631	-0.1358	-0.6618	-0.0530	
162.814	0.3574	-0.0371	-0.8590	-0.2673	-0.1029	-1.2864	-0.0503	
162.847	0.5546	-0.4645	0.9162	-0.3001	-0.4974	0.2916	-0.0507	
162.881	0.1272	-0.0371	0.4231	-0.6946	0.1272	-0.2673	-0.0520	
162.914	0.4889	-0.1029	-1.4179	-0.2673	-0.0371	-0.9905	-0.0293	
162.947	0.1930	0.0944	-0.5632	-0.3001	0.0615	-1.2206	-0.0520	
162.980	0.8176	-0.7275	-0.0043	-0.0700	-0.4974	0.3574	-0.0517	
163.014	0.2259	-0.0043	-0.6618	-0.3988	0.0944	-1.5823	-0.0507	
163.048	0.5546	-0.5632	0.5875	-0.8590	0.1272	0.3574	-0.0523	
163.081	0.0286	-0.1358	-1.6480	-0.2344	-0.5303	0.5875	-0.0520	
163.115	0.2259	0.2916	-2.3384	-0.1029	-0.5303	-0.0700	-0.0546	
163.147	0.3902	-0.2015	-0.8590	-0.3988	-0.2673	-1.2535	-0.0510	
163.180	0.2587	-0.4645	0.2587	-0.3330	-0.1686	-0.8590	-0.0556	
163.214	0.3245	0.1272	-1.3850	-0.5631	0.1272	-0.9576	-0.0523	
163.247	0.4889	-0.6289	1.0477	-0.6618	-0.2344	0.9820	-0.0487	
163.281	0.7519	-0.4974	-0.1358	-0.4645	-0.1686	-0.4316	-0.0503	
163.314	0.7190	-0.6289	0.3902	-0.3988	-0.4974	-0.6289	-0.0530	
163.347	0.6204	-0.3988	0.3574	-0.4316	-0.3659	0.4560	-0.0517	
163.380	0.5546	-0.3659	0.2587	-0.5631	-0.1029	0.2587	-0.0510	
163.414	0.3902	-0.5960	1.1464	-0.3988	-0.1358	-0.2015	-0.0520	
163.447	0.7190	-0.7275	0.0944	-0.2344	-0.2673	-0.0371	-0.0520	
163.480	0.6861	-0.5632	0.3574	-0.2344	-0.4974	0.4231	-0.0536	
163.514	0.8834	-0.7604	0.0944	-0.4316	-0.5303	0.3574	-0.0477	
163.546	0.7190	-0.4645	-0.4317	-0.4974	-0.1686	-0.3330	-0.0513	
163.581	0.2587	0.1930	-1.4508	-0.3330	-0.2015	2.2970	-0.0533	
163.613	0.4231	-0.3330	-0.2015	-0.3330	-0.0043	-0.5631	-0.0500	
163.647	0.9162	-0.5960	-1.1878	-0.0043	-0.6946	-0.2015	-0.0507	
163.680	0.5875	-0.3988	-0.1686	-0.3001	-0.0371	-0.5631	-0.0490	
163.714	0.1930	-0.1029	-1.0563	-0.2015	-0.3659	-0.2344	-0.0520	
163.747	0.1601	-0.6618	1.5080	-0.7604	-0.0700	0.3574	-0.0513	
163.781	0.1930	-0.0700	-0.0043	-0.3988	-0.6289	0.2916	-0.0474	
163.814	-0.0371	0.3574	-2.2398	-0.1686	-0.7933	0.9162	-0.0526	
163.847	0.1601	0.1601	-1.4837	-0.2344	0.0286	-1.0891	-0.0533	
163.880	0.8834	-0.8262	0.7190	-0.3988	-0.3001	-0.0043	-0.0510	
163.913	0.6532	-0.5960	0.2259	-0.3988	-0.2673	-0.5303	-0.0523	
163.947	0.7190	-0.6947	-0.2015	-0.2015	-0.4974	0.1272	-0.0523	
163.980	0.5217	0.0944	-1.1549	-0.3659	-0.0371	-0.9905	-0.0523	
164.014	0.3902	-0.1358	-1.2535	-0.3001	-0.0371	-1.4508	-0.0467	
164.047	-0.0043	-0.2673	-0.7604	-0.1029	-0.5960	-0.3001	-0.0533	
164.080	0.3574	-0.2673	-0.4645	-0.2015	-0.5303	-0.2344	-0.0579	
164.114	0.5217	-0.1029	-1.6480	-0.2344	0.7190	-0.1029	-0.0500	
164.147	0.3245	-0.0043	-1.4508	-0.1358	-0.8261	0.3902	-0.0510	
164.180	0.8505	-0.4317	-0.8919	-0.2015	-0.3330	-0.2344	-0.0510	
164.213	0.2587	0.0286	-0.4645	-0.2673	0.2587	-1.7795	-0.0487	
164.247	-0.9577	0.0944	-0.6947	-0.4645	-0.1686	-0.1686	-0.0523	
164.280	0.8176	-0.4317	-1.7138	-0.0043	-0.5960	-4.4753	-0.0549	
164.314	0.0944	0.1272	-2.3384	-0.2015	-0.5303	-0.1029	-0.3242	
164.347	0.0944	0.1272	-1.0892	-0.2344	-0.4316	-0.6946	-0.0513	
164.349	0.1930	0.4560	-0.6289	-0.5303	-0.4974	-2.1740	-0.0500	
164.350	-2.8973	0.2259	-1.2207	-0.6618	0.1601	-1.0234	-0.0536	
164.352	0.2587	-0.3002	-0.2344	-0.4316	-0.5303	-0.0043	-0.0500	
164.354	0.4889	-0.5632	0.3902	-0.0043	-0.5631	0.0615	-0.0688	
164.356	0.6861	-0.1686	-0.3330	-0.0700	-0.1358	0.8505	-0.0533	
164.358	0.3574	0.1930	-0.2673	-0.3001	-0.2344	1.4751	-0.3673	
164.359	0.6204	-0.1358	-0.4974	0.3902	-1.4508	1.5080	-0.0533	
164.360	0.6861	-0.2344	2.8230	-0.0700	0.0615	1.0477	-0.0540	
164.362	0.3574	-0.3330	0.2916	-0.3659	-0.3330	-0.0700	-0.0517	
164.380	0.3574	0.0286	-1.4837	-0.0700	-1.0563	0.1272	-0.0553	
164.382	1.1464	-0.4974	0.5546	-0.8919	-0.3659	-2.0425	-0.0533	
164.384	0.0286	-0.3002	-0.7275	-0.7275	-0.5960	0.2916	-0.0566	
164.386	0.5217	-0.1029	-1.7467	-0.3659	-0.1358	-1.4508	-0.0513	
164.389	0.7847	-0.4317	0.0615	-0.2673	0.5546	-0.8261	-0.0533	
164.391	0.3245	0.2916	0.2587	0.1272	2.0011	1.3436	-0.0530	
164.393	0.4889	-0.3988	1.2121	0.0615	0.3902	1.4094	-0.0526	
164.403	0.6204	-0.6947	-0.5303	-0.3001	-0.5631	-0.8590	-0.0457	
164.433	-0.2015	-0.0043	-1.4179	-0.5303	-1.6480	-0.7933	-0.0569	
164.463	0.0944	-0.0043	0.7190	-0.8590	0.2916	-0.7275	-0.0520	
164.497	0.7847	-0.4317	-0.0043	-0.2015	-0.6946	0.8834	-0.0517	
164.531	0.3245	-0.2015	-1.2864	-0.4316	-0.3659	-1.2864	-0.0438	
164.564	0.7847	-0.9577	0.5217	-0.6289	0.0615	-2.0754	-0.0635	
164.597	0.9491	-0.9577	0.0615	-0.3001	-0.4316	0.3245	-0.0513	
164.630	0.4560	-0.4645	-0.2344	-0.0371	-0.5960	0.2259	-0.0533	
164.663	0.3902	-0.7933	0.9162	-0.5631	-1.3850	-0.6946	-0.0530	
164.697	0.3245	-0.1358	-0.8262	-0.6618	0.2587	-2.1740	-0.0549	
164.730	0.3245	-0.3330	-0.3988	-0.2344	-0.6289	-3.1932	-0.0517	
164.764	0.8176	-0.7275	-0.1029	-0.3988	-0.1686	-1.2864	-0.0533	
164.797	0.1272	-0.1029	-1.3193	-0.3659	-0.3001	-0.0371	-0.0536	
164.830	0.4889	-0.5632	0.2916	-0.1686	-0.1686	-1.2206	-0.0563	
164.864	0.1272	0.1930	-2.2069	-0.8919	-0.5960	0.2916	-0.0507	
164.896	1.2779	-0.4317	0.1930	-0.4316	-0.5960	0.8834	-0.0523	
164.930	0.4889	-0.1358	-1.7138	-0.1029	-0.3988	0.0615	-0.0553	
164.964	0.8505	-0.6618	0.2259	-0.4316	-0.1686	-0.3988	-0.0497	
164.997	0.5875	-0.3988	-3.9822	0.1272	-0.6289	0.0944	-0.0559	
165.030	0.6204	-0.3002	-0.3330	-0.5960	0.0944	-1.0563	-0.0500	
165.032	0.6204	-0.8262	-0.8262	-0.4974	-0.6289	-4.0150	-0.0507	
165.064	0.9162	-1.0892	1.0806	-0.9576	0.2587	-1.8124	-0.1628	
165.097	0.9820	-0.9905	0.5546	-0.6289	-0.3659	-0.6946	-0.0668	
165.130	0.3574	-0.4974	-0.0043	-0.3988	-0.2344	-0.8261	-0.0536	
165.165	0.0286	-0.3988	-1.9110	-0.2015	-0.8590	1.2779	-0.0553	
165.197	0.5875	-0.7275	0.2916	-0.2673	-0.3659	-0.6946	-0.0494	
165.230	0.5875	-0.1686	0.8176	-0.7933	-0.1686	-2.0754	-0.0494	
165.263	0.5217	-0.3988	0.4889	-0.8919	0.3245	-0.8261	-0.0533	
165.297	0.4889	-0.7604	0.9162	-0.7275	-0.1358	0.0944	-0.0507	
165.330	0.7190	-0.9577	1.2779	-0.7275	-0.2015	1.9682	-0.0520	
165.363	0.6204	-0.0371	-2.2069	-0.2015	-0.7275	0.3574	-0.0510	
165.397	0.6204	-0.7275	0.3902	-0.4645	-0.2344	-0.0700	-0.0526	
165.429	0.8834	-0.3988	-1.1220	-0.2344	-0.5631	0.4231	-0.0517	
165.463	0.5546	-0.5632	0.5875	0.4889	-0.2015	-0.2015	-0.0500	
165.465	0.8834	-0.9577	-0.2344	-0.0043	-0.5303	-2.0754	-0.0536	
165.466	-0.0043	-0.3988	0.8505	-0.9576	-0.3659	3.6449	-0.0533	
165.483	1.3765	-0.3659	-0.8262	-0.5631	-1.4179	-0.3659	-0.0549	
165.513	0.8176	-0.4974	-1.0234	-0.3330	-0.3659	-0.5303	-0.0523	
165.547	0.0615	-0.0700	-2.3713	-0.2344	-0.3988	-0.7933	-0.0566	
165.581	-0.2344	-1.3522	-1.3193	-0.2673	-0.8261	1.1792	-0.0526	
165.613	-0.3330	0.2916	-2.4370	-0.1358	-0.6289	0.4231	-0.0523	
165.647	2.6257	-0.2344	-1.2864	-0.5631	-0.5631	-0.8919	-0.0526	
165.680	0.3902	-0.3988	-0.0371	-0.5631	-0.3988	4.5654	-0.0497	
165.713	0.4889	-0.6289	1.1135	-0.6289	-0.3659	-0.2673	-0.0490	
165.747	0.0286	-0.1358	-1.1878	-0.3001	-0.6618	-2.0096	-0.0503	
165.780	0.1601	-0.1029	-0.4317	-0.4974	-0.3659	-0.2015	-0.0546	
165.814	0.6532	-0.9248	-0.3002	-0.6618	-0.1358	-1.7795	-0.0513	
165.847	0.4560	-0.1686	-1.7467	-0.4645	-0.2673	-0.6618	-0.0530	
165.880	0.2587	-0.1029	-0.8919	-0.2344	-0.5960	-0.1358	-0.0503	
165.913	0.6532	-0.9248	0.7847	-0.5303	-0.1358	-1.7138	-0.0503	
165.946	-0.0700	-0.1029	-0.3002	-0.3001	-0.3330	-1.0891	-0.0507	
165.980	0.5217	-0.0700	-0.3002	-0.3001	-0.3659	-0.3659	-0.0533	
166.013	0.5217	-1.2535	0.8834	-0.6618	-0.1029	-0.0043	-0.0510	
166.047	0.2916	-0.4317	-0.8919	-0.4316	-0.0700	-0.5631	-0.0490	
166.080	0.5217	0.2587	-2.3384	-0.3001	-1.2206	-0.3330	-0.0480	
166.113	0.2916	-0.0700	-0.7604	-0.3988	-0.4645	0.0615	-0.0533	
166.147	0.3574	-0.1686	-1.9768	-0.2673	-0.5303	-0.6946	-0.0697	
166.181	0.7847	-0.9577	0.7190	-0.7933	-0.0043	-2.5356	-0.0497	
166.213	0.5546	-0.5303	-0.4645	1.8367	-0.2344	-1.1220	-0.0543	
166.247	0.6861	-0.9577	-0.9248	-0.7604	-0.0371	-2.2726	-0.0477	
166.280	0.4889	-0.4974	-0.3330	-0.6946	0.0286	-1.1220	-0.0494	
166.314	0.3245	-0.0700	-1.7138	-0.4974	-0.1029	-0.6618	-0.0510	
166.347	1.3765	-0.7604	-0.0371	-0.4974	-0.3659	-1.2206	-0.0477	
166.382	-0.0371	-0.4317	2.4285	-0.0700	-0.8919	-0.8919	-0.0362	
166.414	2.0669	-0.3659	-0.8262	-0.5631	-0.4645	-0.4974	-0.0503	
166.447	0.5875	-1.2864	0.4231	-0.8919	-0.1686	-0.7275	-0.0510	
166.449	0.4560	-0.4645	-1.9439	-0.2673	0.1601	-1.6809	-0.0546	
166.451	0.1601	-0.0700	0.7190	-0.8261	0.0286	-1.6151	-0.0586	
166.452	0.5875	-0.1686	-2.0097	-0.2673	-0.2673	-1.1220	-0.0543	
166.473	0.7190	-0.1358	1.8039	-0.3330	0.3902	4.6969	-0.0520	
166.503	0.2587	-0.3659	0.2587	-0.4974	-0.3001	0.0615	-0.0342	
166.533	0.2587	-0.4317	-0.3659	-0.6289	-1.3850	-0.9576	-0.0563	
166.563	0.3245	-0.3659	-0.4317	-0.3988	0.7847	-1.0891	-0.0540	
166.596	0.5546	-0.5632	0.4231	-0.6946	-0.2673	-0.6946	-0.0740	
166.630	0.3574	-0.2673	-1.4508	-0.1358	-0.4974	4.3024	-0.0500	
166.664	0.0944	-0.2344	-1.0892	-0.5631	-0.8590	-0.1029	-0.0536	
166.696	-0.2015	-0.0043	-1.7138	-0.1686	-1.9110	0.1601	-0.0582	
166.730	-1.4508	-0.0700	-1.8782	-0.3659	-0.1686	-0.2015	-0.0569	
166.763	0.3902	-0.5632	-0.3002	-0.5960	-0.1358	-1.4836	-0.0513	
166.797	0.2587	-0.4645	0.3902	-0.8261	0.0286	-1.4508	-0.2575	
166.830	0.7847	-0.8590	4.1051	-0.7275	0.1930	-2.1411	-0.0434	
166.833	0.2259	-0.5960	5.0914	-1.1878	-0.5303	-0.8261	-0.0382	
166.864	-1.2535	-0.3002	-0.2344	-0.4645	-0.8261	-0.2015	-0.0523	
166.896	0.7190	-0.7933	0.9491	-0.7275	0.2259	-1.7138	-0.0717	
166.930	0.4560	-0.6289	0.2259	-0.5303	0.3574	-1.4508	-0.0549	
166.963	0.0615	-0.1358	-2.3384	-0.5303	-0.5960	0.0286	-0.0530	
166.997	0.4231	-0.5960	0.4889	-0.7275	-1.9110	-1.6151	-0.0487	
167.030	0.1272	0.0615	-0.1358	-0.2673	-0.4316	-0.7275	-0.0530	
167.063	0.1601	-0.1686	-1.9110	-0.3001	-0.5631	-0.2673	-0.0510	
167.096	0.3245	0.0286	-2.2069	-0.2015	-0.5960	0.1601	-0.0513	
167.130	0.5875	-0.8590	0.7847	-0.9248	-0.3988	-1.4179	-0.0477	
167.163	0.7519	-0.7933	2.3299	-0.8261	0.0615	-1.7795	-0.0589	
167.196	0.2916	-0.1358	-1.3850	-0.3659	-0.2015	-0.9248	-0.0408	
167.230	0.6861	-0.7604	0.2587	-0.8919	0.0615	-1.7138	-0.0536	
167.232	0.0944	-0.2344	-0.8590	-0.3330	1.3436	-0.4974	-0.0559	
167.263	0.3574	-0.1686	-0.3988	-0.3659	-0.5631	-0.4974	-0.0530	
