% Time	A1	A2	A3	A4	A5	A6	
14.372	1.3436	-0.3988	1.0806	-0.3330	0.1272	0.5546	-0.0484	
14.402	0.8176	-0.4317	-0.4317	-0.4316	0.6861	-0.4316	-0.0503	
14.432	0.4889	-0.1029	-0.8590	-0.4316	-0.7604	-3.1274	-0.0510	
14.462	1.1135	-0.2015	-0.1029	-0.1029	-0.1686	0.3574	-0.0503	
14.492	1.3436	0.1601	-0.6289	-0.0371	0.7847	-0.5303	-0.0490	
14.522	1.3107	-0.4974	0.5546	-0.1358	-0.1029	0.5875	-0.0490	
14.552	1.0149	-0.2344	-1.6809	-0.1686	-0.7275	-1.7138	-0.0497	
14.582	0.8834	-0.4645	-1.1220	-0.6618	-0.3001	-1.7138	-0.1641	
14.612	1.4094	-0.3002	0.0286	-0.2673	0.1601	0.5875	-0.0507	
14.642	1.0806	0.0286	-0.0700	0.4889	0.1930	0.4889	-0.0533	
14.672	1.1792	-0.1686	-0.6618	-0.1029	0.2587	-0.3988	-0.0503	
14.702	0.5875	0.4231	-2.4370	0.4231	-0.1358	1.2779	-0.0500	
14.732	0.6861	0.6861	-1.8782	-0.4974	-0.6618	-0.1686	-0.0487	
14.762	1.2450	-0.6947	1.0477	-0.1029	-0.3001	1.1135	-0.0471	
14.792	1.2450	0.1272	1.1135	-0.3330	0.5217	0.2587	-0.0507	
14.822	1.3107	0.0286	-0.6289	0.0286	0.0944	7.4912	-0.0517	
14.852	1.0477	-0.6289	-0.4645	-0.3659	-0.4974	-2.2069	-0.0500	
14.882	0.8176	-0.5303	0.7190	-0.7933	2.8887	-2.2069	-0.0494	
14.912	0.9162	-0.1686	0.2259	-0.1686	-0.0043	-0.2344	-0.0523	
14.942	1.1135	0.4231	-0.3002	-0.1029	-1.7466	1.7381	-0.0513	
14.972	1.5737	-0.5960	0.9491	-0.1029	-0.2673	0.7847	-0.0530	
15.002	1.5080	-0.5303	0.8176	-0.3001	-0.0371	1.1792	-0.2851	
15.032	0.9162	-0.7275	0.7190	-0.6618	-0.2673	2.2970	-0.0543	
15.062	1.2450	-0.0700	-1.4508	-0.2015	0.2259	-0.2344	-0.0490	
15.092	0.8834	3.0202	0.2259	0.0944	0.0944	0.3902	-0.0533	
15.122	0.7847	0.1601	-0.5960	-0.0043	-0.0371	-0.3330	-0.0497	
15.152	1.1135	-0.2015	-0.7933	-0.2344	0.0615	-0.9576	-0.0484	
15.182	0.9162	-0.2673	0.1601	-0.8919	-5.5602	-0.8919	-0.0477	
15.212	0.6861	-0.1358	-0.6618	-0.6289	-0.4645	-0.8590	-0.0494	
15.242	0.9162	-0.2673	-1.3193	-0.2673	-0.1686	-1.5494	-0.0507	
15.272	0.6861	0.0615	-0.7275	-0.2344	0.0944	0.0944	-0.0569	
15.302	1.4094	-0.0700	-0.1686	-0.2015	0.6532	-0.0371	-0.0513	
15.332	0.8505	-0.2673	-0.3330	0.2587	-0.3001	-0.8261	-0.0451	
15.375	-0.2015	0.4560	-0.8262	0.2259	0.4231	-0.0700	-0.0500	
15.392	0.8176	-0.3988	-1.2864	-0.8261	-0.2344	-1.8124	-0.0448	
15.422	1.5409	-0.8262	2.0997	-0.5303	0.4231	1.7381	-0.0507	
15.452	0.8834	-0.0700	-2.0097	-0.3330	-0.4645	-0.9576	-0.0494	
15.482	1.1464	-0.5303	0.1930	-0.4645	-0.7604	-1.1220	-0.0556	
15.512	1.0149	-0.8262	0.0944	-0.4645	-0.2344	-1.5823	-0.4600	
15.542	1.5737	-0.3988	-0.3330	0.2259	-0.0371	-0.0700	-0.0536	
15.572	1.3436	-0.1029	-1.3193	0.0615	0.0944	-0.3001	-0.0464	
15.602	0.9491	1.8696	-0.3002	0.2259	-0.2344	1.2779	-0.0494	
15.632	1.4751	-0.8262	0.8176	-0.0043	-0.4974	0.7847	-0.0497	
15.662	0.5217	0.2916	-1.0892	-0.0043	0.1601	-0.6618	-0.0507	
15.692	1.1464	-0.7604	-0.8590	-0.3001	-0.4316	-1.1878	-0.0523	
15.722	1.6724	-0.6618	1.7381	-0.2015	0.4889	-0.4974	-0.0497	
15.752	0.6204	0.0615	-1.3850	-0.4316	0.0615	-1.1220	-0.0513	
15.782	1.1135	-0.9577	0.8176	-0.7275	-0.3988	-7.7299	-0.0517	
15.812	1.1464	-0.0700	-1.3193	-0.2015	0.0286	-0.0700	-0.0563	
15.842	3.4476	-0.4974	0.4231	0.0615	0.3245	-0.3001	-0.0526	
15.872	0.8834	0.0615	0.1272	-0.4645	0.3245	0.0944	-0.0510	
15.902	0.8176	-0.5632	0.8834	-0.4316	-0.4316	0.1601	-0.0503	
15.932	0.2587	0.0615	-0.8919	-0.2015	-0.5631	-0.8919	-0.0500	
15.962	0.8505	-0.0371	-0.6947	-0.2673	0.1601	-0.8261	-0.0494	
16.008	1.3765	-0.6289	1.6724	-0.0043	0.0615	3.3819	-0.0523	
16.022	1.0477	-0.2344	0.0944	-0.1686	-0.1358	0.1930	-0.0487	
16.052	1.6395	-0.5303	-0.5632	0.1601	-0.3330	0.2259	-0.0517	
16.082	0.7190	-0.1686	-1.7795	-0.5631	-0.3988	-1.8453	-0.0480	
16.112	1.2121	-0.3330	-0.1686	-0.1029	0.0944	-0.0700	-0.0530	
16.142	1.0806	-0.1029	0.2916	-0.0371	0.0286	0.3245	-0.0934	
16.172	0.9820	-0.0043	0.3245	-0.3988	0.2259	0.5875	-0.0500	
16.202	1.3107	-0.7933	-0.4974	-0.2344	-0.6946	-0.6946	-0.0701	
16.232	1.1135	0.1601	-0.1029	-1.0563	0.0944	-2.3384	-0.0490	
16.262	1.0806	-0.2673	0.0615	-0.4316	-0.0371	-0.2673	-0.0530	
16.292	0.5546	0.0944	-2.0097	-0.4974	-0.4316	-0.5303	-0.0490	
16.322	-1.8782	0.4231	0.6204	-0.3001	0.7190	0.3902	-0.0474	
16.352	0.6204	0.4889	0.2916	-0.7275	0.0286	-1.1549	-0.0520	
16.393	1.0477	-0.0700	-1.2535	-0.2015	-0.4974	-0.5631	-0.0480	
16.412	1.3107	-0.8919	0.5875	-0.4316	-0.1029	-0.2015	-0.0477	
16.442	1.5409	0.0615	-1.1878	0.0286	0.2587	-3.0288	-0.0497	
16.472	0.9162	0.1272	-0.1358	-0.5631	0.5546	-0.0371	-0.0474	
16.502	0.7190	-0.5960	0.6861	0.0615	-0.4316	-0.4645	-0.0467	
16.532	2.5271	-0.3002	-2.7000	-0.4974	-0.1358	-0.8261	-0.0484	
16.562	0.5217	-0.4317	-2.3713	-0.3988	-0.5631	-1.3521	-0.0517	
16.592	1.8039	-0.3659	0.3902	-1.2535	0.1601	0.1272	-0.0500	
16.622	1.4094	-0.2015	0.4231	-0.1686	-1.0891	0.6532	-0.0480	
16.652	0.8505	0.1930	-1.6152	-0.4974	0.0944	-0.8261	-0.0487	
16.682	1.1792	-0.8262	-5.0342	-0.7933	0.0286	-2.2069	-0.0648	
16.715	1.3436	-0.4317	-0.3659	-0.5303	-1.1878	-0.3330	-0.0477	
16.742	0.6861	-0.7275	-1.8782	-0.2344	-0.5303	-1.5494	-0.0487	
16.772	0.9162	-0.0043	-0.8919	-0.1686	0.1601	-0.0371	-0.0503	
16.802	1.2450	-0.7933	0.6861	1.4751	0.0286	-1.7466	-0.0480	
16.832	1.6066	0.1601	-0.0371	0.0286	0.3902	1.3436	-0.0487	
16.862	1.2450	-0.8919	0.2916	-0.7933	0.0286	-6.6451	-0.0474	
16.892	1.2121	-0.0371	0.6861	-0.5631	0.1601	1.7381	-0.0500	
16.922	0.9162	-0.0043	1.1464	0.0286	0.1601	0.1930	-0.0477	
16.952	1.0149	-0.2673	-1.5494	-0.3001	-0.8919	-1.5823	-0.0500	
16.983	0.5217	-0.3659	-0.6947	-0.3988	-0.8261	-0.3001	-0.0543	
17.012	1.0149	-0.2015	-0.1358	-0.6289	0.0615	0.0944	-0.0490	
17.042	1.3436	-0.5632	1.7052	-0.0043	-2.8315	1.6724	-0.0536	
17.072	1.1792	-0.5632	-0.0371	-0.0700	0.0286	-0.1686	-0.0530	
17.102	1.4751	0.0286	-0.5632	-0.1358	0.4889	0.0286	-0.0750	
17.132	0.7190	-0.4317	0.1272	-1.2206	-0.3988	-1.0891	-0.0494	
17.162	1.1464	0.1601	-1.7467	-0.2344	0.1272	-1.3521	-0.0697	
17.193	0.6861	0.0944	-1.4508	-0.2344	-0.2344	-1.2535	-0.0523	
17.222	1.4422	-0.3659	3.2175	-0.4316	0.5217	-0.6618	-0.0526	
17.252	1.1464	-0.4974	-0.0700	-0.4645	-0.3988	-0.2673	-0.0510	
17.282	0.3245	-0.0043	-1.4837	-0.5303	-0.7933	-0.5631	-0.0688	
17.312	0.8176	-0.1358	1.5080	-0.1358	-0.5303	0.2259	-0.0454	
17.342	0.7847	0.2587	-0.3002	-0.0043	0.8834	0.5546	-0.0513	
17.372	1.0806	-0.1686	-0.2344	-0.4316	-0.1686	-0.1029	-0.0500	
17.402	1.0806	-0.6618	-0.6618	-0.3330	-0.2673	-0.2015	-0.0556	
17.432	1.1792	-0.2344	-1.2535	-0.1358	-0.3659	-1.4508	-0.0517	
17.462	0.7190	-0.0700	-1.7795	-0.4645	-0.4316	-4.3109	-0.0451	
17.492	0.7519	-0.0371	-1.6480	-0.5631	1.2121	-1.7138	-0.0500	
17.522	1.0477	-0.2344	0.0944	-0.2673	-0.1029	0.4231	-0.0523	
17.552	1.0806	-0.2015	-2.1083	-0.2673	-0.3001	-1.6151	-0.0517	
17.582	0.8505	-0.8262	-1.3522	-0.3659	-0.6618	-1.1878	-0.0507	
17.612	1.1135	-0.7604	-0.7275	-0.4645	-0.4645	-0.4316	-0.0530	
17.642	1.1792	0.5875	0.3245	0.0615	-0.0371	1.1792	-0.0559	
17.672	1.1135	-0.4974	0.5217	-0.1358	-0.1358	0.2916	-0.0536	
17.702	1.0806	-0.0371	-0.8262	-0.2015	-0.0043	-0.7933	-0.0556	
17.732	1.0477	-0.4317	4.4667	-0.8261	-0.4974	-0.4974	-0.0454	
17.777	1.0149	-0.0700	0.3574	-0.2015	0.2259	1.8039	-0.0513	
17.792	1.3765	-0.9577	0.2916	-0.7275	-0.0371	-2.5028	-0.0569	
17.822	1.0806	0.6204	-2.0425	0.2916	-0.1686	1.0806	-0.0507	
17.852	1.0149	-0.2673	-1.6809	-0.2015	-0.3330	-1.8124	-0.0681	
17.882	1.0149	-0.6289	-1.2864	-0.3330	-0.6289	-1.2864	-0.5034	
17.912	0.7847	-0.3988	0.5217	-0.3988	-0.1686	0.1930	-0.0543	
17.942	1.1464	-0.2673	6.1105	-0.4316	0.1930	1.2450	-0.0467	
17.972	0.8834	0.2259	-0.5632	-0.4316	0.2916	-0.1686	-0.0523	
18.002	0.6204	0.0286	-0.9905	-0.3659	-0.3001	-1.0563	-0.0526	
18.032	0.7847	-0.3988	0.3245	-0.8261	-1.9768	-0.3001	-0.0520	
18.062	1.2779	-0.7275	-0.2015	-0.4645	-0.1358	-3.2589	-0.0507	
18.092	1.6066	-0.5632	-0.1029	0.2916	-2.4041	1.2121	-0.0533	
18.122	0.8834	0.0615	-0.7275	-0.2015	0.3902	-0.8919	-0.0477	
18.152	1.2450	-0.3002	0.2259	-0.4645	0.4231	-2.8644	-0.0500	
18.182	0.8505	-0.2344	-0.5303	-0.6289	-0.5631	0.2587	-0.0464	
18.212	1.0149	-0.2673	-0.9577	-0.4645	-0.2344	-0.7933	-0.0487	
18.242	0.6204	-0.1358	-0.5632	-0.5631	-0.3001	-1.0234	-0.1763	
18.272	1.1464	-0.0043	-0.9905	-0.3659	0.0615	-0.7275	-0.0503	
18.302	1.0149	-0.0700	-0.4645	0.0286	-0.1358	-0.0043	-0.0536	
18.332	0.3245	-0.7933	-0.0371	-0.7933	-0.2344	0.4560	-0.0497	
18.362	1.1464	-0.3988	-0.3002	-0.2344	-0.0700	-0.3330	-0.0503	
18.392	1.3436	-0.5960	1.8039	0.0615	0.1272	4.3681	-0.0572	
18.422	1.2121	-0.3659	-0.8919	-0.1029	-0.1358	-0.7933	-0.0500	
18.452	1.1135	-0.6289	0.0286	-0.8590	-0.1686	-1.2206	-0.0464	
18.482	0.9162	0.6204	-2.2727	-0.3988	-0.3988	0.0615	-0.0480	
18.512	0.7519	-0.5960	0.8176	-0.7933	-0.2015	-1.4508	-0.0503	
18.543	0.7190	-0.2344	-0.2673	-0.5303	-0.2673	-1.0891	-0.0540	
18.576	0.7190	-0.2015	-1.3193	-0.2015	-0.3659	-0.5303	0.0394	
18.610	0.3574	0.3245	-1.9110	0.5875	-0.6618	0.0615	-0.0500	
18.642	0.0944	0.2916	-2.0754	-0.3330	-0.7275	0.0615	-0.0743	
18.683	0.4560	-0.2344	1.0806	-0.8261	0.0615	-0.4316	-0.0477	
18.716	0.3245	0.3574	-2.1412	-0.1358	-0.8919	0.2916	-0.0467	
18.750	0.7519	-0.3330	0.3245	-0.7933	0.0615	0.7519	-0.0503	
18.782	1.0149	0.2587	-0.9577	-0.1358	-0.6946	0.1930	-0.0461	
18.815	0.8176	-0.1358	-0.9248	-0.3659	-0.4316	-2.4699	-0.0503	
18.849	1.3107	-0.9577	1.0477	-0.5631	0.0286	-0.8261	-0.0480	
18.876	0.8176	-0.0700	-0.8919	-0.7275	0.0615	-1.2535	-0.0507	
18.910	1.0149	-0.4645	-0.5632	-0.3659	-0.2673	-0.8919	-0.0487	
18.949	1.2779	-0.6289	0.4889	-0.7933	0.0615	-1.2206	-0.0487	
18.984	0.4889	0.2587	-2.3713	-0.1358	-0.7604	-0.4645	-0.0484	
19.018	1.2779	-0.8919	0.6204	-1.4508	-0.1686	-1.6151	-0.0530	
19.050	1.1464	-0.6289	0.3574	-0.6618	-0.3001	-0.2344	-0.0503	
19.083	1.8039	-0.7933	0.4560	-0.6946	-0.1029	-1.5823	-0.0517	
19.110	1.3107	-0.6289	0.2259	-0.7933	0.0286	-7.3026	-0.0461	
19.143	0.9491	-0.3988	0.4231	-0.6946	-0.3001	-0.5960	-0.0471	
19.176	1.1135	-0.4317	-1.0563	-0.1358	-0.6946	0.6861	-0.0540	
19.209	0.8176	-0.2673	-1.7795	-0.2344	-0.5303	-0.0700	-0.0651	
19.249	0.9491	-0.4974	-0.8262	-0.2344	-0.4974	-0.2673	-0.0487	
19.282	0.3574	0.4231	1.0806	-0.7275	-0.1358	-0.8919	-0.0448	
19.315	0.3245	0.3245	-2.0425	-0.1686	-0.6946	0.1601	-0.0448	
19.348	0.4889	0.1930	-2.3384	-0.3988	-0.1686	-0.7604	-0.0553	
19.375	1.1464	-0.6289	0.7190	-0.7604	-0.0043	-0.7604	-0.0517	
19.408	0.4889	0.3574	-1.4508	-0.3988	-0.1686	-1.0234	-0.0497	
19.442	-0.0700	-0.0043	-1.1878	-0.1686	-0.4974	0.9820	-0.0510	
19.481	0.8834	-2.5685	0.0286	-0.5631	-0.1029	-1.0563	-0.0477	
19.517	1.2450	-0.8262	0.4231	-0.4316	-0.4316	-0.6946	-0.0526	
19.548	1.4094	-1.0563	1.0806	-0.5960	-0.2344	-0.7933	-0.0602	
19.581	0.6204	-0.0043	-1.4179	-0.7604	-0.5960	-0.2344	-0.0497	
19.615	0.4560	0.3245	-4.3767	-0.0700	-0.7933	0.5875	-0.0546	
19.643	0.5875	-0.0371	-1.6809	-0.2344	-0.4316	-0.6289	-0.0487	
19.676	1.2779	-0.9577	1.2121	-0.6946	-0.1358	-0.8261	-0.0477	
19.715	1.1792	-0.7933	1.0806	-0.5631	-0.3001	0.0286	-0.0480	
19.747	0.7190	-0.1029	-1.9110	-0.0371	0.5217	0.0944	-0.0500	
19.783	0.3902	0.3245	-0.6289	-0.3001	-0.4974	-0.2673	-0.0487	
19.815	1.5080	-0.8919	-1.5165	-0.4645	-0.2344	-0.5960	-0.0523	
19.847	0.8505	-0.3330	-1.4837	-0.1029	-0.7604	-0.0700	-0.2210	
19.882	0.4889	1.3436	-2.1412	-0.2673	-0.5303	-0.6618	-0.0480	
19.909	0.9820	-0.3002	-0.6618	-0.6289	0.0286	-1.2206	-0.0503	
19.948	1.2450	-0.8919	0.7519	-0.6946	-0.1686	-0.4316	-0.0480	
19.982	1.1792	-0.7933	1.2779	-0.8590	0.0944	-2.3713	-0.0536	
20.018	0.3574	1.2779	-0.4317	-0.5303	-0.2015	-1.4508	-0.0533	
20.050	1.1135	-0.7933	1.0477	-0.8261	-0.9248	-1.4508	-0.0513	
20.082	0.3245	0.2587	-2.0425	-0.1029	-0.3001	0.5875	-0.0490	
20.110	0.9820	-0.5632	0.4889	-0.5960	-0.2015	-0.7604	-0.0517	
20.142	0.7847	0.5875	-2.4042	-0.0700	-0.3988	-0.6289	-0.0517	
20.175	0.6532	0.0615	-1.0892	-0.4974	0.0286	-0.5631	-0.0497	
20.218	0.4560	0.0615	-1.5165	-0.2344	-0.3659	-1.1549	-0.0480	
20.248	1.0477	0.1930	-1.3850	-0.2673	-0.4974	-0.1686	-0.0500	
20.281	1.1464	0.2259	0.9162	-0.9248	0.0286	-2.5356	-0.0513	
20.316	0.8176	-0.4317	-1.2864	-0.2673	-0.7275	-13.7461	-0.0510	
20.354	1.0477	-0.2673	-5.2972	-0.9576	-0.4645	-2.0754	-0.0609	
20.377	0.7190	-0.2673	-1.4508	-0.7275	-0.1686	-2.1083	-0.3324	
20.417	0.4231	-0.3002	-0.3330	-0.3001	-0.4974	-0.9905	-0.7818	
20.450	0.4231	-0.2344	-1.9768	-0.6289	-0.3330	-2.4041	-0.0517	
20.483	0.9820	-1.0892	1.0806	0.6204	-0.6289	-1.2864	-0.0523	
20.518	0.8505	-0.5632	-2.7658	-0.3001	-0.5631	-1.3193	-0.0536	
20.550	0.9820	-1.8453	-0.7933	-0.3659	-0.9248	0.7519	-0.0533	
20.585	0.7519	-0.2673	-0.8919	-0.8590	-0.3001	-4.7054	-0.0480	
20.611	0.7519	-0.5960	-0.1358	-0.6289	-0.8261	0.8505	-0.0487	
20.644	1.0477	-1.0892	0.3574	-1.2535	-0.8261	-0.7275	-0.0480	
20.678	0.8505	-0.8262	0.7190	-0.7604	-0.3659	-1.4836	-0.0714	
20.710	0.2916	-0.2673	-1.1878	-0.0043	-0.8919	-0.3659	-0.0415	
20.744	1.0806	-0.5303	-0.9248	-0.3001	-0.6289	4.0394	-0.0319	
20.778	0.8505	-0.5632	-0.2015	-0.7604	-0.5631	-2.0754	-0.0339	
20.811	-0.1686	-0.6289	0.4560	-1.0234	-0.5303	-1.3850	-0.0365	
20.844	0.7190	-0.4974	-0.5632	-0.4316	-0.7275	-1.2864	-0.0355	
20.878	0.3245	0.1272	-1.6809	-0.6289	-0.2015	-0.9248	-0.0342	
20.916	0.6532	-0.5632	-0.2673	-0.7275	-0.6618	0.6861	-0.0306	
20.944	1.0477	-0.8919	0.0615	-0.6946	0.6532	-2.3384	-0.0260	
20.983	3.4147	-0.3988	-1.3522	-0.7275	-0.4645	-1.8453	-0.0277	
21.017	0.6204	-0.5960	0.0944	-1.0234	-0.3659	-1.2535	-0.0309	
21.050	0.4889	0.2916	-0.3659	-0.5631	-0.5631	-1.7138	-0.0346	
21.108	0.9162	-0.1686	-2.7658	-0.3659	-0.5303	-3.0617	-0.0273	
21.127	0.4231	0.0615	-0.9577	-0.7275	-0.0700	-1.0891	-0.0296	
21.129	1.2779	-0.5303	-1.0892	-0.1029	-0.3001	-0.7275	-0.0280	
21.139	0.6532	-0.7275	-0.4317	-0.5960	-0.8261	-0.5960	-0.0270	
21.160	0.8834	-0.4974	-0.0700	-0.4645	-0.6946	-1.2206	-0.0254	
21.168	1.2779	0.4231	-0.4974	-0.1029	0.3574	0.7847	-0.0240	
21.169	1.2450	-0.0043	-0.6947	-0.1358	0.2259	-0.2015	-0.0277	
21.172	0.5875	-0.5303	0.8834	-0.5303	-0.2015	0.4231	-0.0286	
21.174	0.8505	-0.7275	0.3574	-0.4974	-0.6618	5.1571	-0.0296	
21.202	1.4094	-0.0043	-1.0563	0.3574	0.2259	-0.3001	-0.0263	
21.204	0.6532	0.1272	0.1272	-0.6946	0.1930	0.0944	-0.0234	
21.207	0.6861	-0.4974	-0.5303	-0.3659	-0.5303	-0.3988	-0.0234	
21.209	0.9162	-0.1029	-0.8262	-0.2673	0.0615	-0.8919	-0.0247	
21.232	2.1326	-0.5960	1.2779	-0.5303	0.0615	-1.0891	-0.0267	
21.242	1.9025	-0.3988	1.6724	-0.3988	0.5875	0.1930	-0.0260	
21.272	0.9820	-0.0043	-0.8262	-0.4316	-0.0700	-1.2864	-0.0227	
21.302	1.0477	-0.3988	-1.2535	-0.5631	-0.3988	-1.4508	-0.0365	
21.343	0.4560	-0.3659	-0.3002	-0.5960	-0.3988	-1.1878	-0.0260	
21.378	1.0806	-0.7604	0.3574	-0.9576	-0.1029	-0.8919	-0.0240	
21.410	0.9820	-0.1358	-2.2398	-0.2344	-1.8781	-1.3521	-0.0244	
21.451	0.9491	0.1930	-1.1220	-0.4974	-0.3330	-1.7795	-0.0227	
21.477	0.8834	-0.8590	0.9162	-0.9248	-0.5631	-0.3330	-0.0319	
21.518	0.8176	-0.6618	0.3245	-0.4974	-0.3001	-2.3384	-0.0260	
21.549	0.4560	-0.5303	0.2259	-0.9576	-0.0371	-1.1220	-0.0201	
21.583	0.3245	-0.1686	-1.5494	-0.5960	-0.6289	-1.1220	-0.0125	
21.611	0.5875	-0.4317	0.9820	-0.7275	-0.3988	-2.3055	-0.0296	
21.644	0.7190	-0.5303	4.7626	-1.3521	-0.4316	-0.6289	-0.0185	
21.683	0.6861	-0.1358	-2.5685	-0.3988	-0.2673	-2.4699	-0.0237	
21.716	0.8834	-0.7275	0.0286	-0.4316	-0.6289	-1.0563	-0.0211	
21.752	1.2121	-2.0754	-0.7604	-0.5303	-0.3001	-2.9630	-0.0178	
21.783	-0.1029	0.0615	-0.0043	-1.0234	0.0286	-1.2535	-0.0194	
21.818	0.8176	-0.6947	-1.2535	-0.3001	-0.7604	-0.8919	-0.0234	
21.844	0.4889	-0.3988	-0.1358	-0.6618	-0.8261	-0.9248	-0.0250	
21.878	1.1135	-0.7933	-0.4645	-0.5303	0.1601	-1.3521	-0.0211	
21.919	0.9162	-0.5632	-9.4394	-0.4645	-0.3330	-2.0754	-0.0217	
21.950	0.7847	-0.0700	-2.3055	-0.5303	-0.2673	-1.8781	-0.0523	
21.986	0.7519	-0.2673	1.1464	-0.4316	-0.3659	-0.3988	-0.0309	
22.017	0.8505	-0.3002	-1.2864	-0.7604	-0.3330	0.0944	-0.0217	
22.050	0.8176	-0.0371	-1.6152	-0.4974	-0.5303	-0.8261	-0.0300	
22.083	-0.3988	-0.3002	-1.6480	-0.4316	-0.3330	-1.6151	-0.0171	
22.110	0.7847	-0.2673	-2.2398	-0.2673	-0.7604	-0.9248	-0.0053	
22.143	0.5546	-0.5960	1.0477	-0.7933	-0.5631	-1.1878	-0.0191	
22.177	0.6532	-0.4645	-1.1220	-0.2673	-0.1358	-0.6946	-0.0214	
22.216	1.1464	-1.0234	0.5546	0.5217	-0.8590	-0.3659	-0.0231	
22.254	0.5875	-0.0043	-2.3055	-0.4974	-0.5303	-0.5631	-0.0208	
22.283	0.7190	0.5875	-0.5303	-0.7275	-0.4974	-0.3988	-0.0145	
22.317	0.5546	-0.1358	3.5462	-0.7933	-0.2344	-1.2206	-0.0178	
22.343	0.4889	0.4560	-1.1878	-0.7933	-0.4974	0.2916	-0.0208	
22.378	0.5217	-0.3330	0.6204	-0.9248	-4.1465	-1.7466	-0.0165	
22.410	2.3299	-0.5632	-2.2398	-0.3001	-1.6480	-1.8453	-0.0188	
22.450	1.0806	-0.0371	-1.3850	-0.6618	-0.3001	-1.7466	-0.0221	
22.482	0.9162	-1.0234	0.9820	-0.5303	-0.4645	-0.7275	-0.0198	
22.516	1.5409	-0.4317	-1.8782	-0.2673	-0.5960	-1.2206	-0.0185	
22.550	3.4147	-0.5303	-2.2727	-0.4316	-0.8261	-2.2398	-0.0214	
22.584	0.6204	-0.4317	-0.1686	-0.7275	-0.5631	-1.3521	-0.0937	
22.610	0.7190	-0.3002	-0.3988	-0.9576	-0.5960	-0.3988	-0.3120	
22.643	1.1464	-0.9905	-0.6618	-0.4316	-0.8590	-0.8261	-0.0240	
22.677	0.9820	-1.6809	0.3574	-0.5631	-0.9248	-1.0234	-0.0217	
22.717	0.5875	-0.1358	-1.4837	-0.2673	-0.2344	-1.6480	-0.0168	
22.751	0.9491	-0.6289	-0.4317	0.0944	-1.0563	-0.1358	-0.0188	
22.783	1.1792	-0.6289	-0.8919	-0.4974	-0.3659	-1.7795	-0.0181	
22.816	0.6204	-0.4645	0.0286	-0.5631	-0.5960	-0.8919	-0.0375	
22.851	0.4889	0.1601	-1.1878	-0.6946	-0.2344	-2.2726	-0.0168	
22.877	1.0477	-1.0892	1.2121	-0.7275	-0.7275	0.3245	-0.0185	
22.911	0.4889	0.0944	-1.6152	-0.6618	-0.3659	-0.5631	-0.0145	
22.950	0.6861	-0.4645	-0.2344	-2.5028	-0.7275	-0.0700	-0.0168	
22.982	1.1792	-0.6289	-1.9110	-0.1029	-1.0234	-3.9164	-0.0185	
23.016	0.6532	-0.3988	-1.8453	-0.3988	-0.4316	-2.5356	-0.0175	
23.051	0.9491	-0.6947	-0.8919	-0.7275	2.7244	-0.9905	-0.0188	
23.077	0.3902	-0.7604	-0.0371	-0.4974	-0.6946	-0.7933	-0.0224	
23.111	0.9491	-0.6947	0.0944	-2.0754	-0.7604	-0.6618	-0.0178	
23.144	1.2779	-0.3988	-0.6947	-0.4974	-0.6618	-1.4836	-0.0188	
23.177	0.6204	-0.2015	-0.2015	-0.7933	-0.2015	1.0477	-0.0185	
23.215	0.9491	-0.3002	-2.9630	-0.8261	-0.2344	-2.1411	-0.0217	
23.249	0.5546	-0.7604	0.1272	-1.1220	-0.7933	-0.7604	-0.0175	
23.285	0.8505	3.5134	-2.5028	-0.5631	-0.4645	-1.5823	-0.0181	
23.315	0.4889	-0.3659	-1.2207	-0.5303	-1.0563	-0.0700	-0.0185	
23.348	1.3107	-1.0234	-0.1686	-0.6946	-0.3001	-1.9110	-0.0231	
23.376	0.0286	-0.6289	0.0944	-0.9248	-0.6618	-1.6151	-0.0188	
23.410	0.8176	-0.3659	-2.2069	-0.4316	-0.3001	-2.2398	-0.0155	
23.443	0.7190	-0.8590	-0.0700	-0.4316	-0.8919	-0.1358	-0.0204	
23.484	0.8834	-0.0371	-2.8644	-0.8590	-0.5631	-1.7138	-0.0280	
23.516	0.9820	-1.0892	1.9682	-0.6618	-0.6946	-0.3330	-0.0162	
23.550	2.6257	-0.5632	-1.9110	-0.5960	-0.4974	-1.8781	-0.0171	
23.584	-0.1358	-0.4317	-0.3002	-0.8261	-0.3659	-0.8919	-0.0188	
23.610	0.5875	0.0286	0.9491	-0.3001	-0.8261	-0.4316	-0.0139	
23.643	1.2450	-2.0425	-2.0097	-0.3988	-0.5960	-3.9164	-0.0185	
23.685	0.4889	-0.4317	-0.9248	-0.4316	-0.7604	-0.8590	-0.0181	
23.717	2.4614	-0.2344	-2.3384	-0.3659	-0.5631	-2.2398	-0.0191	
23.749	0.4889	-0.1358	-2.9630	-0.8919	-0.4645	-1.4508	-0.0392	
23.782	0.2259	-0.2673	-1.0892	-0.6289	-0.7933	-0.4316	-0.0165	
23.817	1.1464	-0.4317	-1.6480	-0.4974	-0.0700	-1.4836	-0.0168	
23.843	0.7190	-0.4317	-0.3659	-0.7933	-3.1603	-0.8590	-0.0168	
23.878	-0.1029	-0.3330	-1.4179	-0.6946	0.0944	-2.0425	-0.0175	
23.911	0.3574	-0.3002	-0.9248	-0.4974	-0.5631	-0.8919	-0.0816	
23.952	0.6861	1.8367	-3.6534	-0.2344	-0.5960	-2.3055	-0.0188	
23.985	0.9820	-0.6947	-1.3193	0.3245	-1.0563	-0.8590	-0.0208	
24.015	0.9491	-0.8262	-1.1549	-0.5960	-0.8590	-0.5631	-0.0323	
24.049	0.3574	-0.0700	-0.8919	0.3902	-0.7604	-0.4974	-0.0165	
24.084	0.3574	-0.4317	1.4422	-0.5631	-1.8453	-1.1549	-0.0188	
24.111	0.4231	-0.2344	15.8087	-0.1686	-0.8590	7.1296	-0.0214	
24.143	0.4889	-0.3988	33.9557	1.5737	-0.5960	10.0884	-0.0188	
24.184	1.1135	-0.7275	49.8673	0.7847	-0.4316	15.6114	-0.0188	
24.216	0.7519	-0.8919	65.7131	1.0477	-0.4645	24.0603	-0.0178	
24.266	1.0149	-0.2015	90.4681	1.6066	-0.2015	45.9880	-0.0783	
24.301	0.9491	-0.4645	106.9386	1.5080	0.3902	50.9850	-0.0162	
24.337	0.4889	-0.2673	114.2697	1.9354	0.0286	57.8231	-0.0148	
24.360	0.5217	-0.6289	125.4802	1.9682	-0.3988	70.8745	-0.0198	
24.393	0.2259	0.3574	126.2034	2.0340	-0.3988	78.6002	-0.0217	
24.427	0.6204	-0.2344	141.2931	2.3299	-0.2673	81.4275	-0.0135	
24.467	0.8834	-0.4317	138.6960	2.0669	-0.3330	76.6277	-0.0191	
24.499	-1.6152	-0.7933	143.5286	2.6586	0.9820	69.4609	-0.0224	
24.535	0.9491	-1.0234	132.8771	2.5271	-0.6289	64.7269	-0.0793	
24.561	0.9162	-1.3522	128.2088	2.2641	-1.0891	59.9271	-0.0211	
24.593	0.3574	-0.1358	120.2201	1.8039	-0.1358	52.1028	-0.0336	
24.627	0.8505	-0.4317	114.9601	1.8039	-0.2673	52.3658	-0.0188	
24.660	0.9491	-0.6289	88.9887	0.8834	-0.0371	37.3748	-0.0158	
24.693	0.5546	-0.0700	53.5822	0.0286	-0.2673	21.2331	-0.6115	
24.733	0.6204	1.5080	22.3508	-0.2344	-0.1029	4.6640	-0.0158	
24.767	0.6532	0.0944	-2.5357	-0.5303	-0.4645	-2.2398	-0.0316	
24.801	0.6532	-0.5632	-2.6014	-1.0891	-0.8261	-1.5165	-0.0188	
24.827	0.1272	-0.0700	-1.5823	-1.4836	-0.5303	-0.6618	-0.0188	
24.860	0.4231	-0.2015	-1.1220	-0.1029	-0.2015	-1.7138	-0.2121	
24.894	0.6861	-0.7933	0.5217	-0.6289	-0.5960	-0.4316	-0.0494	
24.928	0.7190	-1.4179	0.2259	-0.7275	-0.7275	-1.7795	-0.0185	
24.967	0.6861	-0.1686	-1.4837	-0.8261	-0.2015	-2.4699	-0.0694	
24.999	0.7847	-0.3659	-1.6152	-0.1358	-0.2344	-2.2398	-0.0194	
25.033	0.3902	0.1601	-2.5028	-0.7933	-0.4316	-2.0754	-0.0165	
25.066	1.9025	-0.7275	0.0615	-0.4645	-0.3001	-1.1549	-0.0194	
25.098	1.0477	-0.7604	-1.0892	-0.6289	-0.3001	-2.9959	-0.0185	
25.127	0.4560	-0.5303	-0.6947	-0.5303	-0.8590	-1.6151	-0.0208	
25.160	0.1272	-0.1029	-0.3659	-0.8261	6.3077	-2.1740	-0.0168	
25.199	1.0806	-0.7604	-0.9577	-0.5303	-0.4645	2.3956	-0.0171	
25.233	0.3902	-0.5303	0.2259	-0.7933	-0.3988	-1.0563	-0.0135	
25.266	1.0149	-0.4645	-1.1549	-0.6618	1.4422	-2.1083	-0.0168	
25.301	0.7519	-0.6947	0.5875	-0.6618	-0.2344	-1.4508	-0.0181	
25.326	0.4560	-0.1029	-1.1878	-0.1686	-0.5960	-0.2673	-0.2210	
25.359	0.6861	-0.8262	0.6204	-0.8261	-1.7466	-0.6289	-0.0142	
25.393	-0.2673	-0.8262	-0.5632	-0.6289	-0.1358	-1.8781	-0.0188	
25.426	0.4889	-0.1358	-0.8590	-1.8781	-0.0371	-1.8453	-0.0152	
25.460	0.4889	-0.4317	4.5325	-0.6946	-0.6289	-1.2535	-0.0145	
25.499	0.5546	-0.3002	0.5875	-0.9576	-0.1686	0.8176	-0.0109	
25.533	0.7190	-0.8919	1.0477	-0.6289	0.3902	-1.0563	-0.0201	
25.567	0.7190	0.0286	0.0615	-1.0234	-0.3330	-3.4562	-0.0181	
25.593	0.1601	0.1272	-0.3988	-0.8919	-0.1029	0.8176	-0.0158	
25.627	0.5546	-0.5303	0.0615	-0.5960	-0.6618	-0.7604	0.0532	
25.660	0.5875	-0.7604	0.0286	-0.6289	-0.8919	2.4942	-0.0208	
25.702	0.6532	-1.2207	0.5217	-0.8590	-0.3001	-0.3988	-0.0158	
25.732	1.0806	-0.3988	-1.5823	-0.4316	-0.6618	-1.2206	-0.0148	
25.766	0.0286	-0.4974	-0.2344	-2.0425	-0.4645	-0.9905	-0.0185	
25.799	0.3245	0.0615	-1.8782	-0.6618	-0.5631	-4.1465	-0.0185	
25.833	0.6861	0.0286	-2.2069	-0.6289	-0.3001	-7.1382	-0.0171	
25.860	-0.2673	-0.5303	-0.9905	-0.3330	-1.2535	-0.1358	-0.0188	
25.893	2.5271	-0.6289	-0.4645	-0.5303	0.0944	-0.3001	-0.0168	
25.927	0.7519	-1.4179	0.4889	-0.7933	-0.5960	0.1272	-0.0188	
25.970	0.8834	-0.6947	-2.1740	-0.5631	-0.3988	-1.8453	-0.0125	
26.000	1.1792	-0.9577	-0.7604	-0.5960	-0.4645	-5.3300	-0.0178	
26.032	0.4889	-0.3988	-0.6947	-0.4974	-0.8261	-3.1274	-0.0191	
26.066	0.8505	-0.4317	-1.0892	-0.7275	-0.2673	-0.3001	-0.0181	
26.098	0.4889	-0.4974	-1.1220	-0.3001	-0.9905	-0.4974	-0.0178	
26.127	0.6532	-0.3002	-0.9905	-0.1686	-0.0043	-1.9110	-0.0158	
26.160	0.4560	-0.3988	-0.7933	-0.7275	-0.0371	-2.2069	-0.0171	
26.193	1.2779	-0.4974	-1.5494	-0.1029	-0.4645	-2.2069	-0.0175	
26.233	-0.3659	-0.4317	0.4560	-0.9905	-0.0371	-1.0891	-0.0171	
26.267	0.1930	0.2259	-1.9110	-0.6946	-0.1686	-4.0808	-0.0165	
26.301	2.2641	-0.2673	-0.4645	-0.7275	0.2259	-0.8590	-0.0171	
26.333	0.9820	-0.6289	-1.8453	0.0286	-1.0563	-0.6618	-0.0214	
26.359	0.3902	-0.5632	-2.1412	-0.5960	-0.4974	-1.1878	-0.0208	
26.393	0.4889	-0.5303	0.0944	-2.0425	-0.6289	-0.9576	-0.0171	
26.427	0.8176	-0.5960	-0.2015	-0.7275	-0.4645	-0.7275	-0.0175	
26.465	1.0477	-0.7933	-1.4179	-0.4974	-0.5960	-1.8124	-0.0194	
26.500	0.6861	-0.4645	-1.0563	-0.3988	-0.7275	-1.4508	-0.0490	
26.533	0.3245	-0.3002	-1.6480	-0.5631	-1.0891	-0.9905	-0.0175	
26.566	1.0149	-0.8262	-0.7275	-0.4316	-0.5631	-1.2864	-0.0490	
26.598	0.3245	0.0286	-2.0754	1.5737	-0.4974	-1.2206	-0.0198	
26.627	0.8176	-0.3002	-1.7138	0.4560	-0.4316	-1.5165	-0.0162	
26.660	1.2121	-0.3988	-1.4837	-0.3659	0.0944	-1.9110	-0.0175	
26.662	0.5546	-0.1358	-0.3002	-0.2015	-0.1686	-0.3659	-0.0171	
26.669	0.9820	-0.1686	0.6861	-0.3659	0.3245	0.1601	-0.0155	
26.671	1.2779	-0.6289	-0.6289	0.0944	-0.7275	-0.0043	-0.0102	
26.674	0.5546	-0.9248	0.9491	-1.0563	-0.4316	-0.5303	-0.0145	
26.699	1.5409	-0.0043	-0.6947	0.2916	-1.7466	0.5875	-0.0175	
26.702	1.5409	-0.4645	0.5217	-0.1358	-0.9905	0.1601	-0.0175	
26.704	0.4889	-0.2673	0.4560	-0.4974	-0.2015	-0.3988	-0.0185	
26.707	0.2259	0.0944	-1.9439	0.2587	-0.4316	-1.1549	-0.0194	
26.709	1.0149	0.1272	-0.0700	-0.1358	0.7847	-0.0043	0.1456	
26.735	0.9162	-1.2864	1.5409	-0.3001	0.3574	0.8834	-0.0158	
26.737	0.8834	-0.1358	-0.6618	-0.3988	-0.0043	-0.1686	-0.0494	
26.739	-0.5632	-0.1029	-2.5685	-0.1686	-0.9248	-0.5631	-0.0129	
26.742	1.1135	0.1601	2.4285	0.1272	0.5217	0.1930	-0.0119	
26.769	0.7519	-0.2673	0.6861	-0.4645	0.1272	0.0615	-0.0185	
26.771	1.1135	-0.5303	-0.9248	-0.2344	-0.3659	0.0615	-0.0148	
26.773	0.6532	-0.0371	0.2916	-0.7933	-0.3988	-0.8261	-0.0178	
26.796	0.4560	-0.0043	0.6204	-0.4974	0.2587	-0.2015	-0.0155	
26.798	0.4889	0.3245	-1.0563	0.4560	-0.3001	1.2779	-0.0224	
26.800	1.1464	-0.1029	0.0944	0.0944	0.1272	-0.2015	-0.0211	
26.801	0.8834	0.0615	0.7519	-0.2673	0.1601	1.3107	-0.0139	
26.803	0.7519	-0.3002	1.1464	-0.5303	-0.1358	0.8505	-0.0306	
26.804	1.0477	-0.5960	0.4560	-0.4316	-0.2344	0.5875	-0.0142	
26.807	0.6861	-0.5303	-2.3055	-0.5631	-0.3330	-1.7466	-0.0227	
26.822	1.3436	-1.1878	0.2259	-0.7604	-0.2015	-2.1740	-0.0162	
26.852	0.9162	-0.4645	2.3299	-0.5960	-0.3330	-0.9905	-0.0240	
26.882	0.6204	0.4889	-0.3002	-0.8261	-0.1686	-1.1549	-0.0145	
26.912	2.8559	3.7764	-0.6947	-0.3659	-2.1083	-1.2206	-0.0234	
26.948	0.9162	5.8804	-0.2015	-0.4316	2.4614	-1.7138	-0.0162	
26.982	1.0477	13.7375	-2.0425	-0.4316	-0.7933	-0.5631	-0.0096	
27.015	0.7847	31.4244	-0.2344	-0.0043	-0.5303	-1.9768	-0.0421	
27.048	0.8176	60.5189	1.3765	-0.6946	-0.2015	2.4614	-0.0165	
27.082	-0.1029	88.3312	3.1189	1.2779	0.1601	-1.0891	-0.0165	
27.110	0.8176	95.2679	3.4147	3.6120	-0.5631	-0.8261	-0.0020	
27.143	-1.6480	110.8836	4.3681	2.2641	-0.3330	-1.2206	-0.0178	
27.176	1.4751	116.1107	4.8612	1.3436	-0.4316	-0.6289	-0.0158	
27.217	0.5875	130.9703	3.0860	7.7542	-0.6946	-0.7275	-0.0165	
27.247	1.3436	131.8580	3.3819	6.9324	-0.5631	-2.2069	-0.0155	
27.284	1.7052	134.4880	5.8804	3.7764	-0.9576	-1.6151	-0.0194	
27.315	1.1464	140.4055	5.6174	4.2037	-0.0371	-2.2398	-0.0234	
27.349	0.5875	147.5065	5.5187	7.4255	-0.3988	-1.7466	-0.0221	
27.376	0.3245	141.2274	3.1846	6.6036	-0.1686	-1.9439	-0.0191	
27.409	0.9162	134.9482	3.7764	4.9270	0.1601	-1.7138	-0.0188	
27.450	0.0286	128.2417	4.2366	7.0310	-0.7604	-1.4508	-0.0165	
27.482	0.4231	119.2668	4.8284	5.8146	-0.7933	-0.9576	-0.0201	
27.518	-0.0043	102.3361	1.8696	7.0310	-0.1029	-2.1411	0.0049	
27.550	0.5546	76.3647	0.8834	1.6395	-0.6618	-0.8919	-0.0168	
27.584	0.0286	46.5140	0.5217	0.1272	-0.4974	-1.5165	-0.0181	
27.610	0.5217	25.4740	-0.0371	1.9354	-0.1029	-2.1411	-0.0165	
27.643	0.3245	-0.5632	-1.2535	-0.5303	-0.7604	-0.9905	-0.0208	
27.676	0.1601	-0.5303	-0.8262	-0.3988	-0.9576	-6.3163	-0.0168	
27.718	0.2587	-0.0043	-0.1358	-0.5631	-0.7275	-0.5960	-0.0162	
27.751	1.6066	-1.0563	-1.3522	-0.5303	-0.5303	-1.0563	-0.0135	
27.782	0.7519	-0.9905	0.9162	-0.5960	-0.7933	0.9491	-0.0204	
27.816	0.5217	-0.8262	-0.3659	-0.7275	-0.9576	-2.6671	-0.0168	
27.843	0.3902	-0.1358	-2.5685	-0.5960	-0.3988	-2.1083	-0.0148	
27.876	0.2587	-0.5632	-1.3850	-0.5960	-0.8919	-1.9768	-0.0162	
27.910	0.4560	-0.5632	0.0615	0.0286	-0.4316	-1.4508	-0.0198	
27.949	0.4889	-1.2207	-2.0754	-0.5631	-0.3001	-1.7795	-0.0152	
27.983	0.4231	-0.8590	1.2450	-0.6289	-0.8590	-0.3001	-0.0198	
28.017	0.3902	-0.6289	0.6532	-0.7933	-0.2673	-1.4508	-0.0168	
28.048	0.2916	-0.3330	-0.7933	-0.7275	-1.8453	-0.6946	-0.0168	
28.082	1.0477	-0.7275	-3.4890	-0.2015	-0.4316	-0.8261	-0.0168	
28.110	0.8176	-2.1083	-1.7467	-0.1686	-0.8261	-2.5685	-0.0158	
28.143	1.4751	-1.1220	0.6861	-0.6618	-0.4645	-0.9248	-0.0162	
28.176	0.4560	-0.1686	-0.9905	-0.6946	-0.4974	-8.5189	-0.0201	
28.215	0.5217	-0.6289	-4.0479	-0.8590	-0.3988	-0.5631	-0.0162	
28.249	0.7847	-0.7933	-0.5303	-0.4974	-0.4974	-1.1220	-0.0171	
28.282	0.5546	-0.7604	-0.2015	-1.7466	-0.2344	-2.0096	-0.0194	
28.315	0.4231	-0.1686	-0.7933	-1.2864	-0.4645	-0.9905	-0.0244	
28.374	0.5875	-0.3330	-2.0425	1.3107	-0.5631	-1.2864	-0.0132	
28.392	1.0149	-0.7604	-1.1220	-0.3330	-0.5631	-1.4508	-0.0214	
28.394	0.8176	-0.4974	0.2916	-0.3988	-0.3659	-0.3659	-0.0148	
28.396	1.2450	-0.5303	1.1135	-0.0371	0.0615	1.0806	-0.0155	
28.398	1.1792	-0.4317	1.5737	0.0615	-0.0043	0.7190	-0.0142	
28.408	1.1464	-0.0043	-1.0563	-0.6289	-0.3659	-0.7275	-0.0162	
28.433	1.0477	-2.3384	1.4751	-0.0700	0.1272	1.0149	-0.0217	
28.435	1.0149	-0.2673	-1.1220	0.1601	-0.0371	-0.0700	-0.0185	
28.442	0.5875	0.3902	-0.4974	-0.0371	0.3574	1.0806	-0.0158	
28.472	1.1792	-0.6618	0.4889	-0.7604	-0.2344	-1.2864	-0.0145	
28.502	2.1655	-0.3002	-1.5494	-0.2673	-1.0234	-1.5494	-0.0178	
28.534	0.6861	-0.5303	-1.1549	-0.4645	-0.1686	-2.0425	-0.0208	
28.582	-1.9768	-0.3659	-0.0043	-0.4316	-1.6480	-0.1686	-0.0171	
28.610	0.4889	0.1601	-5.8889	-0.0371	-0.4974	-0.8590	-0.0415	
28.643	0.6532	-0.4317	-0.9577	-0.5303	-1.1220	-0.4316	-0.0188	
28.676	0.6204	-0.8919	-0.0043	-0.7933	-1.2535	-0.3001	-0.0158	
28.716	0.9820	-0.6947	-0.5303	-1.8124	-0.3659	-1.2535	-0.0132	
28.748	0.8176	-0.5303	0.1272	-0.5960	-0.6289	-1.9110	-0.0227	
28.783	0.8176	-0.2344	-3.0288	-0.5631	-0.6618	-0.8261	-0.0425	
28.815	0.2916	-0.3659	-0.9905	-0.7933	-1.1878	-0.7604	-0.0175	
28.848	0.7519	-0.6618	0.7190	-1.0234	-0.4316	-0.7604	-0.0155	
28.877	0.4889	-0.1029	-1.9439	-0.9905	-0.1686	-1.9110	-0.0247	
28.910	-0.0043	-0.7275	0.1601	-0.3988	-0.1358	-0.5303	-0.0181	
28.948	2.1655	-0.7275	-0.9905	-0.6946	-0.2344	-0.8261	-0.0171	
28.984	0.7190	-0.2344	-0.6947	-0.3001	-1.1878	-0.7933	-0.0201	
29.015	0.8834	-0.6618	0.3574	-1.0234	-0.3001	-1.1220	-0.0198	
29.050	0.8505	-0.5960	-0.8262	-0.7275	-2.0096	-1.0891	-0.0185	
29.082	1.2779	-0.3330	-1.5494	-2.4041	-0.4645	-1.0234	-0.0198	
29.110	0.7847	-0.6618	0.5875	-0.7604	-0.5960	-1.6151	-0.0332	
29.143	0.2259	0.0615	-1.1220	-1.1220	-0.4645	-1.3193	-0.0115	
29.176	1.0477	-0.7275	-0.5632	-0.3988	-0.3988	-2.2069	-0.0171	
29.215	0.9162	-0.7604	0.0286	-0.4974	-0.4974	-1.1220	-0.3117	
29.249	-1.3522	0.1930	-0.9577	-0.6946	-1.0234	-0.7604	-0.0188	
29.282	1.3107	-0.7604	0.1601	-0.4645	-0.4645	-0.9576	-0.0162	
29.315	1.1135	-0.3330	-1.8782	-0.3001	-0.4645	-1.2535	-0.4090	
29.348	0.9162	-0.4317	0.0944	-0.4974	-0.5631	-0.7275	0.0213	
29.375	0.7190	-0.4645	-1.7467	-0.2673	-0.7275	-1.2535	-0.0681	
29.409	0.6532	-0.4317	-0.2015	-0.5960	-0.6289	-2.1411	-0.0185	
29.442	0.9820	-0.5960	-1.0234	-0.8919	-0.1358	-0.9905	-0.0185	
29.482	1.6395	-0.8262	-0.5632	-0.3988	-1.7466	-1.1878	-0.0175	
29.518	-0.9905	-0.3002	0.0615	-1.3850	-0.4645	-0.6618	-0.0152	
29.549	-0.3988	-0.4317	-0.7933	-0.4316	1.0806	-1.2864	-0.0204	
29.583	0.1930	-0.5632	-1.0563	-0.5631	-0.5960	-1.9768	-0.0165	
29.610	0.3574	0.0944	-2.3055	-0.5303	-0.3330	-0.5631	-0.0178	
29.643	0.4560	-0.9248	0.3245	-1.1878	-0.5631	-1.2206	-0.0181	
29.676	2.1326	-0.8919	0.0286	-0.5303	-0.8590	-0.8919	-0.0185	
29.716	0.4889	-0.1358	-0.9577	-0.4316	-0.7275	-0.2673	-0.0277	
29.748	0.5875	-0.7275	-0.3002	-1.5165	-0.2344	-2.6671	-0.1434	
29.782	1.3436	-0.8919	-0.0043	-0.4974	-0.0043	-1.0234	-0.0145	
29.818	1.0477	-0.9248	-0.7604	-0.5303	-0.6289	-1.2206	0.1045	
29.843	-0.4645	-0.6947	0.4560	-0.9576	-0.1358	-1.9768	-0.0152	
29.876	-0.4974	-0.0700	-1.3193	-0.4974	-0.6289	-3.4890	-0.0168	
29.910	0.4560	-0.8262	-0.0043	-0.5960	-0.8919	-1.4179	-0.0178	
29.942	0.3245	-0.8262	-0.5303	-0.5960	-0.3001	-1.9768	-0.0148	
29.983	-0.3330	-1.6480	-1.2207	-0.3988	-0.5960	0.7847	-0.0178	
30.015	0.0286	-0.7275	0.2587	-0.7933	-0.6289	2.3956	-0.0208	
30.048	-0.3330	-0.5632	-0.4317	-0.6946	0.7847	0.1601	-0.0188	
30.082	4.2037	0.1601	-2.9302	1.2779	8.5104	-1.8124	-0.0165	
30.110	16.1045	-0.3002	-0.2015	0.0615	26.7890	-0.8919	-0.0135	
30.142	44.7717	1.2779	-1.2207	-0.3330	40.3006	0.6204	-0.1273	
30.176	70.0855	1.3436	-1.5494	-0.2344	54.0096	1.3436	-0.0178	
30.215	70.0198	1.5080	-0.3330	-0.7933	65.4830	-3.9822	-0.0135	
30.252	103.4538	3.0860	-0.7604	-0.6289	68.0473	-0.4645	-0.0175	
30.282	118.2805	2.5600	1.5737	-0.4974	70.2499	6.7680	-0.0185	
30.317	136.2632	3.8421	-1.2864	-0.4316	82.2165	1.7381	-0.0198	
30.343	145.0738	3.4147	0.1272	-0.7275	79.6193	0.3245	-0.0510	
30.376	159.7032	4.1380	-1.1878	-0.2015	82.5781	1.2779	-0.0181	
30.409	148.0983	4.6311	-0.3659	-0.5631	84.5506	1.5080	-0.0175	
30.448	161.2484	4.2695	1.1792	-0.9576	90.9612	1.0806	-0.0155	
30.483	173.0834	4.6311	0.3902	-0.7933	90.9612	1.6724	0.0243	
30.515	173.8725	4.9270	-2.5028	-0.7275	94.9063	0.8176	-0.0211	
30.549	186.0363	5.3215	0.0615	-0.6946	100.4622	1.8367	-0.0148	
30.581	181.4995	4.8941	0.5217	-0.7604	101.3169	2.1326	-0.0162	
30.615	188.8964	4.4339	0.2916	-0.4316	101.0868	1.9682	-0.0148	
30.643	166.6070	1.5737	0.0286	-0.4316	92.1119	5.2886	-0.0168	
30.676	141.9506	3.2504	-0.2015	-0.6618	78.4687	0.3902	-0.0181	
30.716	124.3953	3.5134	0.2587	-0.5631	76.1346	1.9025	-0.0191	
30.718	119.2668	3.2504	0.0286	0.0286	75.9702	2.0011	-0.0178	
30.720	118.3463	3.1517	0.4889	-0.4316	73.5703	1.7052	-0.0175	
30.723	107.3331	2.0340	1.8039	-0.9248	67.3569	3.9079	-0.0181	
30.725	104.6373	2.6915	-0.0700	-0.7604	70.0855	0.4889	-0.0168	
30.727	100.0677	2.9216	0.2916	-0.8261	72.0580	1.0477	-0.0056	
30.729	97.9965	2.2970	0.8176	-0.0371	68.8363	2.8230	-0.0168	
30.731	101.2840	2.4285	1.2779	-0.5303	69.4280	1.0477	-0.0204	
30.733	99.9362	2.7244	0.5217	0.1601	68.5075	0.3902	-0.0181	
30.752	60.7161	1.1464	-1.1878	-0.5303	53.6808	1.2779	-0.0171	
30.799	12.9157	-0.0043	-1.8453	-0.5303	30.4052	-0.6618	-0.0162	
30.833	5.9461	0.2259	-1.3850	-0.9576	18.0771	-1.5823	0.0003	
30.859	0.8176	0.0944	-1.2535	-0.8261	1.9354	-1.8453	-0.0132	
30.893	-1.0892	-0.5960	0.1272	-0.8261	0.4231	-1.0234	-0.0191	
30.926	-0.4645	-0.5303	-0.5303	-0.4645	0.1272	-0.8590	-0.0152	
30.965	1.1792	-0.6947	-1.6809	-0.4316	-0.9576	-1.2864	-0.0168	
31.001	0.6204	-0.3988	-1.0563	0.0286	-0.7933	-1.4508	-0.0109	
31.033	-0.0371	-0.8919	1.6724	-0.5631	-0.5960	-0.5960	-0.0444	
31.067	-0.1686	-0.0371	-1.3193	0.0944	-0.5960	-0.5303	-0.0162	
31.093	1.0149	-0.7275	-0.8590	-0.3001	-1.4179	-0.8919	-0.0171	
31.126	0.8834	-0.7275	1.5409	-0.5303	-0.5303	-1.7466	-0.0254	
31.159	-0.1029	0.2587	-2.1412	-0.3659	-0.0371	0.0615	-0.0165	
31.192	0.2587	-0.7604	0.2916	-1.2206	-0.0043	-5.9218	-0.0158	
31.234	-0.0371	-0.2344	-2.0097	-0.3001	-0.6946	-0.7275	-0.0316	
31.267	-0.3330	-0.1029	-0.7933	-0.5960	0.5546	-1.0234	-0.0185	
31.298	1.1792	-0.9577	-0.2015	-0.7275	-0.0043	-2.8644	-0.0142	
31.333	0.8834	-1.0892	-0.1686	-1.0891	-0.8590	-2.3384	-0.0188	
31.358	-0.6289	-0.6947	0.1930	-0.5960	-0.4316	-0.8261	-0.0198	
31.392	-1.4179	-0.6289	0.5546	-0.6289	0.2916	-1.2864	-0.0194	
31.426	-0.6618	0.2259	-1.9110	-0.5303	1.3107	-0.1358	-0.0194	
31.479	0.4889	-1.7795	-1.3193	-0.3001	-0.6946	-2.8315	-0.0175	
31.517	0.2916	-0.5303	-0.7604	-0.8590	-0.5631	-0.3001	-0.0122	
31.549	0.5546	-0.2344	-1.4179	-0.6289	-0.3330	-0.4645	-0.0185	
31.602	0.0615	-0.6289	-1.9110	-0.3001	-0.9248	-1.5823	-0.0155	
31.627	0.4889	-0.5632	0.1601	-1.0234	-0.5303	-0.8261	-0.0188	
31.660	0.5546	-0.9248	0.1601	-0.6618	-0.3988	-2.1740	-0.0171	
31.699	0.1601	-0.9577	1.0477	-0.5631	-0.6289	-0.8261	-0.0217	
31.732	-0.3330	-0.1029	-1.9768	-0.7275	-0.2015	-2.2069	-0.0168	
31.768	-0.1358	-0.1686	-0.5303	-0.6618	-0.5303	0.2916	-0.0175	
31.799	0.5546	-0.8590	-1.0563	-0.2673	-0.7604	-1.1549	-0.0214	
31.836	0.1272	-0.4645	-0.4645	-1.6151	-0.4974	-0.6289	-0.0155	
31.859	-0.1358	-0.4645	-3.3904	-0.5303	-0.4316	-2.1740	-0.0023	
31.893	-0.3002	-0.1686	-5.4615	-0.4974	-0.3330	-1.3521	-0.0158	
31.926	0.0286	-0.8262	0.5217	0.3902	-0.5631	-1.6151	-0.0152	
31.969	-0.1029	-0.6289	-1.4179	-0.3659	-1.0234	-1.3521	-0.0178	
31.998	-0.1029	-0.3988	-0.6289	-0.7604	-0.4316	1.2121	-0.0168	
32.033	-0.2673	-0.3330	-0.5632	0.0944	-0.5960	-0.4316	-0.0162	
32.065	0.6204	-0.8919	0.5875	-0.4974	-0.3659	-1.0563	-0.0194	
32.099	0.6204	-0.5303	-1.1220	-0.7933	0.5875	-2.1411	-0.0194	
32.126	0.2259	-0.7275	0.4889	-0.6946	1.4422	-1.7466	-0.0175	
32.159	0.3245	0.0615	-2.0754	-0.4974	-0.2344	-3.8178	-0.0188	
32.192	0.2259	0.1272	-2.4042	-0.4645	-0.7275	0.9162	-0.0158	
32.236	-0.5960	-0.2673	-1.7467	-0.7604	-1.1878	-0.0043	-0.0201	
32.266	-0.0371	-0.4645	0.1272	-0.0700	-0.4645	-1.4508	-0.0217	
32.300	-0.3988	-0.6289	-0.0043	-0.5960	-0.5631	-1.4508	-0.0145	
32.332	-0.1686	0.0615	-1.7795	-0.4645	-0.5303	-0.1358	-0.0142	
32.359	0.4560	-0.4645	0.4231	-0.9248	-0.5631	-1.1220	-0.0188	
32.392	0.7519	-0.8590	-0.8919	-1.3521	-0.7933	-0.9905	-0.0152	
32.426	0.4560	0.1272	-1.0892	-0.6289	-0.6946	-0.3988	-0.1841	
32.465	0.6861	0.8176	-0.3988	-0.8919	-0.5631	-1.7466	-0.0152	
32.498	1.0477	-0.6289	-1.5494	-0.0371	-0.9248	-1.3193	-0.0191	
32.532	0.2259	-0.4645	-1.3193	-0.6289	-0.6289	-1.1220	-0.0188	
32.566	0.6204	-1.2207	-1.1549	-0.7275	-0.2344	-0.0700	-0.0155	
32.599	0.7847	-0.4317	-1.3193	-0.3001	1.5409	-1.4836	-0.0158	
32.626	0.3574	-0.7275	-1.6809	-0.5960	-0.5631	1.9682	-0.0214	
32.659	0.7519	-0.6289	-0.0043	-0.6618	-0.5303	-1.0891	-0.0185	
32.700	1.0149	-0.4317	-0.0371	-0.7604	-0.3330	-0.5960	-0.0145	
32.733	1.1464	-1.1549	0.3902	-0.6289	-0.7933	-0.7275	-0.0185	
32.766	0.7190	1.6395	-2.2398	-0.5960	-0.4316	-5.0670	-0.0168	
32.798	0.5875	-0.5303	-1.5494	-0.6289	-0.8261	-1.5165	-0.0300	
32.832	-0.0043	0.2259	-1.7795	-0.3001	-0.7275	-0.1029	-0.0658	
32.858	0.8176	-0.6947	-0.7933	-0.9248	-0.1358	-1.9110	-0.0171	
32.892	-0.1358	-0.1029	-2.0425	-0.5631	-0.2015	0.3574	-0.0175	
32.925	-0.3002	-0.4974	-1.4508	-0.4974	-0.7604	-1.7138	-0.0142	
32.965	-0.1029	-0.2673	-0.2015	-0.7933	-0.3659	-1.0891	-0.0125	
32.998	-0.2344	-0.3002	-0.6947	-0.2015	-0.3988	-3.7520	-0.0191	
33.032	0.0615	-0.2015	1.3436	-0.4316	-0.6946	-0.6946	-0.0162	
33.066	0.4560	-0.6947	9.1350	-2.2069	-0.0043	-1.6480	-0.0145	
33.105	0.5217	-0.8590	23.6001	-0.3001	-0.2673	-1.8453	-0.0132	
33.125	0.0944	-0.9577	23.6001	-0.0700	-0.6618	-1.0891	-0.0185	
33.159	-0.0043	-0.1029	26.7232	-0.0371	-0.6618	-0.5631	-0.0352	
33.192	0.5546	-0.8919	34.3502	-0.1358	-0.7604	-1.2864	-0.0175	
33.237	-0.9577	-0.3002	49.1112	0.7190	-0.3659	-1.1878	-0.0175	
33.265	0.4889	-0.7275	65.3515	0.9162	-0.2344	-0.8919	-0.0162	
33.297	0.8834	-0.6289	75.5099	1.1792	0.0286	-1.0234	-0.0132	
33.331	0.4231	-0.5960	90.8626	1.9354	-0.2344	-0.8919	-0.0148	
33.364	0.7847	-1.1549	97.3062	1.4422	-1.2206	1.0477	-0.0162	
33.392	0.3574	-0.5632	99.9362	1.3765	2.3956	-0.0043	-0.0214	
33.425	0.4889	-1.0234	111.8041	1.3107	-0.3659	1.4422	-0.0201	
33.458	0.0944	-0.2673	110.0288	1.7710	-0.7275	3.2175	-0.0171	
33.497	-0.3002	-0.2015	114.4670	1.9354	-0.6946	4.1709	-0.0612	
33.531	0.2587	-0.4317	99.8047	1.5409	-0.3988	2.1326	-0.0204	
33.568	0.2259	-0.6947	91.3229	1.1792	-0.7933	0.9162	-0.0194	
33.592	-0.0043	-0.4974	71.6307	1.2779	-0.4645	1.2121	-0.0191	
33.626	0.2916	-0.1358	50.6563	0.8505	-0.6618	-0.1686	-0.0188	
33.660	0.1272	-0.8590	40.3993	0.3245	1.3107	-1.2864	-0.0221	
33.692	-0.3002	-0.3659	20.0167	-0.2344	-0.7933	-0.5303	-0.0194	
33.732	0.7847	-0.3988	4.5654	-0.3659	-1.3193	-0.3330	-0.0178	
33.767	-0.2344	-0.3659	0.2916	-0.7933	-0.5303	-1.5494	-0.0191	
33.798	0.0286	-0.1358	-0.8919	-0.6618	-0.3330	-0.0371	-0.0208	
33.834	-0.0371	-0.2344	-1.4179	-0.6618	-0.9248	-0.2673	-0.1976	
33.858	-0.3988	0.1272	-5.5602	-0.5960	-0.4645	-0.7933	-0.0263	
33.892	0.4231	-0.6289	-1.0563	-0.7275	-0.5631	-1.4836	-0.0201	
33.926	0.0286	0.0944	-2.8973	-0.2344	1.0477	-1.8781	-0.0171	
33.967	0.0944	-0.5303	-0.8919	-0.3001	-0.7933	-1.2535	-0.0277	
33.999	-0.2015	-0.4974	-1.1549	-0.3659	-1.5823	-0.2673	-0.0185	
34.035	-0.5632	-0.2015	-1.4837	-0.4316	-0.7604	-0.3988	-0.0290	
34.066	0.2916	0.1601	0.9491	-0.7933	-0.4645	-2.2398	-0.0168	
34.104	-0.2015	-0.3988	-1.2207	-0.2673	0.3245	-0.9576	-0.0171	
34.125	-0.0700	-0.1029	-1.4179	-0.5303	-0.6289	-1.3193	-0.0181	
34.159	1.0149	-0.7933	-0.4645	-0.4316	-0.5631	-1.3193	-0.0168	
34.200	-0.2015	-0.3002	-0.4974	-0.4974	-1.5165	-0.1029	-0.0145	
34.225	0.0944	-1.0563	1.0477	-0.8261	-0.3001	-1.7466	-0.0168	
34.269	0.0615	-0.9248	0.1601	-0.5960	-0.5303	-1.6151	-0.0037	
34.298	0.0944	-0.5960	-1.0234	-0.6946	-0.3659	-2.2069	-0.0178	
34.334	-0.0043	-0.5632	-0.9248	-0.7275	-0.3001	-1.1220	-0.0428	
34.359	-0.0043	-1.0892	-0.2344	-0.5631	0.2587	-1.3193	-0.0139	
34.392	-0.2673	-0.7604	0.6861	-0.8590	-0.3659	-1.9768	-0.0191	
34.425	-0.1029	-0.5303	-0.6947	-1.4508	-0.0043	-2.0096	-0.0162	
34.466	-0.2673	-0.1686	-2.1412	-0.1686	-0.3988	-1.6480	-0.0033	
34.498	-0.7604	-0.7275	0.3245	-0.7275	-0.6946	-0.7604	-0.0194	
34.532	-0.0700	-0.5303	-1.7795	-0.3988	-0.6618	-1.3193	0.0009	
34.564	-0.2015	-0.5632	-0.7604	-0.7275	-0.6289	-1.3521	-0.0204	
34.598	-0.5303	-0.7275	-0.1358	-0.7933	0.7519	-1.3521	-0.0181	
34.626	0.2259	0.0615	-1.5494	-0.4974	-0.6618	-0.5631	-0.0181	
34.659	-0.1686	-0.4974	4.7297	-0.7275	-0.8261	-0.2344	-0.0461	
34.699	0.1272	-0.5960	-1.1549	-0.9905	-0.4316	-1.6151	-0.1036	
34.748	-0.3002	-0.7933	0.9820	-0.8590	-0.4974	-3.6534	-0.0175	
34.782	-0.5632	0.0286	-1.1878	-1.1549	-0.6289	-0.3659	-0.0234	
34.814	0.4560	-0.6289	0.1272	-2.2069	-0.2344	-1.7466	-0.0162	
34.847	-0.1686	-0.9577	-1.6809	-0.6618	-0.4974	-0.5303	-0.0135	
34.881	0.6204	-0.5303	-0.8262	-0.9248	-0.0043	-2.5356	-0.0178	
34.909	0.3574	-0.3988	-1.4179	-0.4974	-0.3330	-1.9110	-0.0171	
34.948	0.5217	-0.0371	-2.2727	-0.3988	-0.2344	-8.8477	-0.0171	
34.990	0.9491	-1.0563	-0.6618	-0.3001	-0.6618	-0.3001	-0.0165	
35.011	0.9820	0.7190	-1.3522	-0.4316	-0.4316	0.0286	-0.0204	
35.044	0.5217	-0.5303	0.3245	-0.7275	-0.0700	-0.9248	-0.0152	
35.077	0.9491	-1.1878	-0.7275	-0.5631	-0.3659	-0.8919	-0.0181	
35.111	0.4560	-0.5960	1.0149	-0.7604	-0.5631	1.5080	-0.0168	
35.143	0.6204	-0.3002	-0.6289	-0.4974	0.0286	-0.5303	-0.0155	
35.185	0.9162	-0.2673	-1.9110	-0.3001	-0.9576	-2.2726	-0.0188	
35.216	0.5546	-0.5632	0.1272	-0.4974	-0.8261	-0.7933	-0.0020	
35.255	0.7190	-0.8590	-0.0371	0.1601	-0.5960	-1.5823	-0.0221	
35.277	0.6204	-0.1686	-2.6014	-0.4316	-0.2344	-3.4890	-0.0211	
35.310	0.4231	-0.9577	0.0615	-0.2015	-0.9576	-0.6289	-0.0165	
35.344	0.0944	-1.0234	-2.1083	-0.2344	-0.6289	-1.2864	-0.0158	
35.377	0.1930	-0.8262	-1.0563	-0.3659	-0.5631	-1.0563	-0.0181	
35.409	-0.1029	-1.1878	-0.5632	-0.7604	-0.1686	-2.1740	-0.0162	
35.443	0.4889	-0.3002	-1.8782	-0.3001	-0.4645	-3.8835	-0.0201	
35.483	0.7847	-0.3330	-3.4233	-0.0700	-0.3659	-1.8124	-0.0204	
35.516	1.0149	-0.9577	0.2259	-0.4974	-0.3988	-0.2015	-0.0175	
35.549	0.3574	-0.2673	-1.1549	-0.3001	-0.1686	-1.7466	-0.0622	
35.584	0.3574	-0.4645	-0.5960	-0.3988	-0.4974	-1.3850	-0.0162	
35.612	0.2259	-0.5632	-0.3002	-0.6289	-0.3988	1.1792	-0.0208	
35.645	0.1601	-0.3988	-1.7138	-0.5631	-0.3988	-0.9576	-0.0185	
35.684	-0.0043	-0.6947	-0.2673	-0.8919	-0.3988	0.0944	-0.0231	
35.716	-0.0371	-0.1686	-1.0234	-0.4645	-0.3001	-1.0891	-0.0063	
35.750	0.4889	-0.5632	-1.7467	-0.1358	-0.4974	-0.7933	-0.0148	
35.784	0.0615	-0.5303	-0.8919	-0.2673	-0.3659	-1.7795	-0.0158	
35.817	0.5546	-0.1358	-2.1412	-0.0371	-0.4645	-1.6480	-0.0191	
35.844	-0.2015	-0.0371	-0.9905	-0.5303	-0.3001	-0.8261	-0.0185	
35.878	0.3574	-0.8262	-0.3659	-0.5631	-0.5303	-0.7604	-0.0290	
35.911	-0.1686	0.1601	-1.8782	-0.5303	-1.1878	-1.9768	-0.0162	
35.944	0.1930	-0.8919	-1.7795	-0.3659	-0.6289	-0.1029	-0.0178	
35.978	0.9820	-0.7933	-0.0371	-0.4316	-0.4645	-1.5823	-0.0148	
36.011	0.3245	-0.6947	-0.4974	-0.4974	-0.3659	-0.8590	-0.0237	
36.045	0.6532	-0.6947	-1.2207	-0.0700	-0.5960	-0.6946	-0.0204	
36.078	0.5217	-0.4974	-0.6618	-0.1686	-0.7275	-1.2206	-0.0168	
36.111	0.7519	-0.5960	0.2259	-0.7604	-0.1686	-0.9576	-0.0148	
36.144	0.2916	-0.3330	-0.3002	-0.1358	-0.3988	-0.9905	-0.0129	
36.190	-0.0371	-0.3330	-0.4317	-0.4974	-0.6946	-0.5960	-0.0171	
36.235	-0.5632	-0.1358	-1.4508	-0.8261	-0.0700	0.4231	-0.0152	
36.267	0.0286	-0.8919	-0.1029	-0.5631	-0.9248	-0.2673	-0.0214	
36.299	0.4889	-0.6289	-0.5303	-0.2673	-2.3713	-0.5631	-0.0155	
36.335	1.1135	-0.7275	-0.0043	-0.6618	-0.8261	0.2259	-0.0194	
36.361	0.4889	0.0944	-1.0234	-0.7275	-1.8781	-0.5303	-0.0148	
36.394	0.6532	0.0615	-2.3713	-0.3659	-0.2673	-1.7138	-0.3798	
36.427	0.6532	-0.4645	-1.8124	-0.4974	-0.2015	-0.2015	-0.0171	
36.467	0.4889	-0.8590	-0.4645	1.0477	-0.8590	-0.2015	-0.0171	
36.502	0.5546	-0.8919	0.1930	0.0286	-0.8261	-0.2673	-0.0378	
36.534	0.7190	-0.3659	-1.3850	-0.0700	-0.5960	-1.3850	-0.0122	
36.569	0.6532	-0.4317	-0.9248	-0.2015	-0.3659	-0.1686	-0.0119	
36.595	1.0149	-0.1029	0.2916	-0.7933	0.0615	-0.9248	-0.0168	
36.629	1.1135	-0.2344	-1.2535	-0.4974	-0.3659	-1.7466	0.0036	
36.661	0.6861	-1.2535	-0.0043	-0.4645	-0.5303	-0.3001	-0.0162	
36.695	0.6861	-0.0371	-0.2344	-0.2673	0.0286	-0.9248	-0.0155	
36.729	0.6861	-0.3330	-0.5632	-0.4316	-0.3988	-0.8919	-0.0152	
36.762	0.9820	-0.8262	0.5217	-0.5303	-0.7604	-0.1358	-0.0043	
36.794	0.5546	-0.9577	0.5546	0.4889	-0.5960	-0.3988	-0.0132	
36.827	0.6204	-0.9577	-0.2344	-0.2673	-0.5303	-0.2344	-0.0175	
36.861	0.4231	-0.4974	-0.4974	-0.6618	-0.1686	-1.4508	-0.0780	
36.895	0.6861	-0.1686	-1.2535	-0.3988	-0.4974	-0.3001	-0.0148	
36.934	0.7190	-0.3659	-0.8262	-0.4316	-0.4316	-0.8919	-0.0139	
36.968	0.1272	3.8092	-0.3002	-0.5303	-0.3659	-0.5960	-0.0300	
37.000	0.3902	11.0746	0.2259	-0.4974	-0.2015	-1.3850	-0.0158	
37.035	1.1464	19.8523	0.2916	-0.1029	-0.5631	-0.3001	-0.0178	
37.067	0.4889	35.9282	1.9354	-0.7275	-0.0700	-0.8261	-0.0155	
37.094	0.8176	37.3748	1.6724	-0.2344	-0.7275	-0.1029	-0.0073	
37.127	0.8176	56.5738	-0.0043	0.8834	-0.3659	-1.4508	-0.0175	
37.161	0.6204	73.6689	2.1984	-0.6618	-0.1029	-0.5303	-0.0148	
37.200	-0.8262	72.4197	2.3956	-0.8919	-0.1029	-1.9439	-0.0162	
37.231	0.8505	90.8626	1.7381	-0.2344	-0.1686	-1.1549	-0.0171	
37.266	0.3574	111.4753	2.5271	0.8834	-0.1686	-0.6289	-0.0122	
37.299	0.1272	106.5769	4.6640	-0.1029	-0.6289	-1.3521	-0.0053	
37.332	0.7847	106.0838	3.0860	-0.1029	-0.0043	-2.4699	-0.0148	
37.366	-0.2344	84.9451	1.5409	-0.1358	-0.3001	-1.5823	-0.0181	
37.393	-0.1686	61.1435	2.6915	-0.5303	-0.5303	-1.7138	-0.0155	
37.433	0.2587	30.0107	-0.1686	-0.4974	-0.6618	-0.7933	-0.0148	
37.466	0.8834	10.3185	0.6532	-0.6289	-0.2673	-1.7138	-0.0135	
37.500	0.1601	2.0997	-0.2673	-0.7933	-0.0043	1.0477	-0.0152	
37.534	0.1930	2.6586	-0.8919	-0.6289	-0.1686	-0.8261	-0.0139	
37.568	0.3245	0.1272	-0.9248	-0.6289	-0.2015	-0.8919	-0.0139	
37.595	0.7847	-0.6289	-2.0097	-0.3659	-0.2015	0.5875	-0.0191	
37.627	1.1464	-0.3002	-1.9768	-0.2344	-0.3001	-1.1549	-0.0148	
37.667	0.7519	-0.5303	1.2450	-0.4645	-0.3659	-1.0563	-0.0115	
37.699	1.0806	-0.0371	-1.5823	-0.2344	-0.2673	0.0615	-0.0139	
37.733	0.6861	-0.2015	-1.8124	-0.1358	-0.3330	-1.5165	-0.0135	
37.767	0.0615	-0.3659	-0.4317	-0.3659	-0.2015	-1.7466	-0.0089	
37.800	0.1930	-0.6947	-0.2344	-0.4316	-0.7933	-1.2206	-0.0122	
37.834	-0.0043	-0.6947	0.9820	-0.5303	-0.4974	-2.1740	-0.0135	
37.861	-0.2344	-0.8590	-0.4974	-0.3659	-0.3330	-1.1878	-0.0175	
37.894	-0.0043	-0.3330	-1.2535	-0.5303	-0.2015	-1.5494	-0.0148	
37.934	0.1930	0.0286	-0.2015	-0.0700	-0.0700	-0.3988	-0.0122	
37.936	0.0286	-0.2673	-0.7933	-0.1358	-0.4316	-1.7466	-0.0145	
37.939	0.5217	-0.5632	-1.4179	0.2916	-0.2673	-2.2726	-0.0122	
37.941	0.2259	-0.3659	1.8039	-0.1029	-0.0371	2.3299	-0.0438	
37.967	0.4889	-0.2015	-0.1358	-0.2015	0.5217	-0.5303	-0.1003	
37.969	-0.1358	-0.3659	0.3574	-0.4645	-0.0371	0.0615	-0.0129	
37.971	0.0286	-0.6618	-0.0043	-0.4974	-0.4645	6.6036	-0.0132	
37.973	0.3574	-0.2673	-1.0563	0.0286	0.0615	-0.6618	-0.0145	
37.997	0.1930	0.0944	-0.1686	-0.1358	0.5217	0.0286	-0.0115	
37.999	-1.7795	-0.1358	1.2450	0.0944	0.3574	1.5737	-0.0145	
38.001	0.4889	-0.3659	-1.3193	0.1601	-0.2015	0.5217	-0.0158	
38.003	0.0615	-0.1686	-0.3659	-0.3988	0.1272	-1.0891	-0.0109	
38.006	-0.0371	-0.4317	-2.1740	-0.3001	-0.5960	-1.0563	-0.0119	
38.008	0.5217	-0.0700	-0.0371	0.0944	0.0286	3.4476	-0.0194	
38.049	0.9162	-0.4317	-0.3988	-0.0700	-0.3001	0.0615	-0.0050	
38.080	0.3574	-0.3330	-0.5303	-0.1358	-0.3330	-1.4508	0.0016	
38.109	0.9491	-0.8262	-2.2398	-0.1686	-0.5303	-2.0425	-0.0270	
38.141	0.7519	-0.4317	-0.5960	-0.5631	-0.5303	-1.2535	-0.0888	
38.175	1.0149	-2.1083	-1.3522	-0.5960	-0.4316	-0.6289	-0.0155	
38.208	0.1272	-0.4974	-0.7604	-0.1358	-0.7604	-0.7604	-0.0168	
38.241	0.4889	-0.1686	-1.7138	-0.4645	0.4231	-1.9768	-0.0119	
38.274	0.0944	-0.6947	-0.7275	-0.5303	1.0806	-1.1878	-0.0122	
38.308	0.2916	-0.2673	-1.6152	-0.3988	-0.3001	-2.4041	-0.0162	
38.342	0.5546	-0.4317	0.7847	-0.3001	-0.5631	0.5217	-0.0158	
38.378	-0.0700	-0.0043	-0.0371	-0.5303	-0.5960	-0.5631	-0.0201	
38.408	0.0944	-0.2015	-0.8919	-0.7933	-0.0700	-1.7138	-0.0109	
38.442	-0.1358	-0.0371	-0.8919	-3.0617	-0.6289	-1.2864	-0.0612	
38.475	0.3902	-0.6947	-0.7933	-0.5631	-0.2015	-1.7466	-0.0152	
38.509	0.5546	-0.6289	-2.1412	-0.8261	-0.3988	-6.4807	-0.0171	
38.542	0.4889	-0.4317	-1.6152	-0.3988	-0.5960	-0.6946	-0.0102	
38.575	0.3245	-1.4508	0.6532	-0.9576	1.3436	-2.6671	-0.0122	
38.608	0.4231	-0.6618	0.2587	-0.9248	-0.2673	-1.7466	0.0003	
38.641	-0.1358	-0.2344	-1.3522	-1.7795	-1.0234	-0.3330	-0.4945	
38.675	-0.8262	-0.2344	-0.9577	-0.3988	-0.7604	-0.3001	-0.0139	
38.716	-1.1878	-0.1358	-0.7604	-0.6946	-0.3988	-1.0563	-0.0171	
38.748	-0.1358	0.0615	-3.8507	-0.3001	-0.8919	0.2587	-0.0277	
38.782	0.3245	-0.2344	-0.7275	-0.7275	-0.3330	-1.9439	-0.0201	
38.815	0.5217	-0.6618	1.0477	-1.0234	-2.5028	-1.9110	-0.0132	
38.848	0.5875	-0.7275	-0.1686	-0.8590	-0.1029	-1.2864	-0.0135	
38.875	0.4889	0.0615	-2.1740	-0.3330	-0.5631	-0.3659	-0.0408	
38.909	0.8176	-0.5632	-1.1549	-0.6289	-0.3330	-1.5823	-0.0122	
38.942	0.5546	-0.3659	-1.1878	-0.7275	-0.1686	-1.5165	-0.0129	
38.981	0.4560	-0.7604	-0.8262	-0.2673	-2.3055	-0.5303	-0.0139	
39.015	0.6861	-0.8590	0.1272	-0.6618	-1.9439	-0.0371	-0.0132	
39.049	0.3245	-0.3002	-0.5960	-0.3988	-0.3659	-1.2535	-0.0125	
39.081	0.4231	-0.8262	-3.5877	-0.5631	-0.4974	-1.0563	-0.0224	
39.117	-0.4317	0.1601	-1.7138	-1.4836	-0.3330	-1.4836	-0.0125	
39.141	-0.0700	-0.5632	-1.4508	0.0615	-0.6618	-1.8124	-0.0112	
39.174	-0.0371	-0.3659	-0.0043	-0.9576	-0.4316	-1.2206	-0.0194	
39.215	-0.3002	-0.1358	-0.9248	-0.8919	-0.3988	-0.9248	-0.0145	
39.247	0.2259	-1.8782	0.1930	-0.6289	-0.6618	0.3245	-0.0122	
39.280	0.1601	-0.0371	-2.9630	0.2259	-0.8919	-0.6618	-0.0125	
39.313	0.3902	-0.3988	0.4231	-0.6618	-0.3659	-4.2452	-0.0115	
39.352	0.3902	0.1272	-1.6809	-0.4316	-1.7466	-0.2344	-0.0148	
39.374	2.5929	-0.4974	-2.1412	-0.2673	-0.5303	-1.2535	-0.0115	
39.408	41.5828	1.1464	-0.5303	-2.3055	0.0286	-1.1220	-0.0145	
39.441	64.4310	0.8176	0.4231	-0.5631	0.3574	-0.4316	-0.0155	
39.480	106.6098	3.1517	-1.3193	-0.5631	12.3568	-1.6151	-0.0132	
39.515	131.5621	3.6777	-1.1878	0.5217	27.2163	0.5546	-0.1092	
39.547	141.8520	3.0531	1.5737	-0.7933	48.0592	-0.4645	-0.0385	
39.582	155.7253	3.3161	1.5737	-1.2206	56.5739	0.4889	-0.0142	
39.613	172.3602	4.9599	-1.9110	-0.5631	63.2804	-0.4974	-0.0125	
39.641	198.2659	5.1242	0.6204	-2.3055	78.8303	0.2916	-0.0162	
39.675	204.5450	5.0256	-0.5303	-0.3001	82.8082	1.3107	-0.0132	
39.715	210.9228	5.5516	0.7519	-1.4836	99.4102	1.1792	-0.0139	
39.753	204.8080	6.1434	-2.2727	-0.7275	103.9469	2.8887	-0.0155	
39.781	222.6264	6.3406	-3.0945	-0.4645	114.5985	1.6395	-0.0129	
39.816	216.2486	5.7489	0.3902	-0.4974	116.8011	2.2641	-0.0155	
39.847	234.0670	6.5379	-0.0700	-0.3659	122.5872	2.4614	-0.0158	
39.883	234.2971	6.4393	-1.1549	-0.3001	120.3845	1.7381	-0.0119	
39.908	224.8948	5.9132	1.0806	-0.5631	96.6158	2.2312	-0.0168	
39.942	207.8326	5.1242	0.5875	0.5546	65.2529	1.1464	-0.2857	
39.981	202.9341	5.5516	0.0615	-0.7275	49.2098	0.3574	-0.0129	
40.014	147.1778	3.4147	1.4751	-3.1603	24.5534	0.2916	-0.0142	
40.047	114.3684	3.1189	0.9820	-0.6946	18.4716	-0.1686	-0.0017	
40.081	74.3264	1.2779	-0.6618	-1.0563	7.6227	-0.2673	-0.0135	
40.114	33.3640	0.5546	-1.4508	1.2450	0.9491	-0.3001	-0.0142	
40.141	0.7519	0.0286	-1.8453	-0.3988	-0.9248	1.1464	-0.0125	
40.174	0.3574	-0.7275	-0.3002	-0.8261	0.6861	-1.2206	-0.0178	
40.208	1.0477	-0.8919	-0.7604	-0.4316	0.8505	-2.3384	-0.0122	
40.251	0.0944	-0.6289	-1.1878	-0.2673	0.1930	-0.8590	-0.0152	
40.281	-0.1358	-0.3988	-0.8590	-0.5631	0.0615	-0.6289	-0.0155	
40.315	0.5217	-0.5632	-1.2207	-0.4645	-0.7275	-1.1220	-0.0132	
40.346	0.4560	-0.4645	1.7052	-0.5631	-0.7275	-1.0234	-0.0572	
40.379	0.2587	-0.0043	-2.1412	-0.1358	-1.7466	-0.4974	-0.0148	
40.407	0.7190	-0.0043	-2.7987	-0.3330	-0.6289	-2.4041	0.0055	
40.409	0.7519	-0.3659	-0.8262	-0.4974	-1.1878	-0.5631	-0.0175	
40.441	0.4889	0.1601	-3.3904	-0.5960	-0.5631	-0.7933	-0.0231	
40.481	0.4231	0.0286	-3.9493	-0.6946	-0.7604	-2.2398	-0.0155	
40.520	0.2259	-0.4645	-0.5960	1.3107	-1.1878	-0.3001	-0.0132	
40.541	1.5737	-0.7604	-0.1686	-0.7275	2.2641	-0.5303	-0.0142	
40.575	-0.2344	0.1272	3.6120	-1.1878	-0.3001	-1.8124	-0.0155	
40.608	0.2916	-0.8590	-0.2344	-0.5303	-0.5303	-0.8261	-0.0122	
40.642	-0.0700	-0.1358	-2.8315	-0.2344	-0.5303	-1.3521	-0.0152	
40.675	0.3902	-0.5960	0.7847	-0.6618	-0.3659	-2.3055	-0.0132	
40.707	0.1601	-0.6947	0.5875	-0.8919	-0.2015	-0.4974	-0.0119	
40.747	-0.4645	-0.3988	0.0286	-0.3330	-0.9576	-0.1686	-0.0148	
40.780	0.6861	-1.1220	0.9491	-0.7933	-0.1686	-1.2206	-0.0152	
40.814	0.3574	-0.8590	-0.2015	-0.8261	0.3574	-0.3330	-0.0145	
40.847	0.5875	-0.5960	0.0615	-0.9248	-0.1029	-3.0945	-0.0145	
40.880	-0.6289	-0.2015	-0.5632	-0.8261	1.1792	-1.4179	-0.0148	
40.908	-0.3330	-0.7275	0.0286	-0.6618	-0.5303	-1.2864	-0.0135	
40.941	-0.1029	-0.6289	-2.6343	-0.1686	-0.7275	-0.4645	-0.0119	
40.974	0.7190	-0.9577	-1.2207	-0.7275	-0.1358	-2.1411	0.0141	
41.034	1.1464	-1.3193	0.3574	-0.6946	-0.4316	-2.7986	-0.0129	
41.065	0.7519	-0.3330	-0.7275	-0.7275	-0.6289	0.2587	-0.0178	
41.098	0.3902	-0.2673	-0.6289	-0.1686	-0.7933	-0.5631	-0.0793	
41.125	0.8176	-0.8919	-2.7987	-0.4974	-0.5303	-1.4836	-0.0217	
41.158	0.8176	-0.6947	-0.5960	-0.4316	-0.3988	-2.4370	-0.0142	
41.191	0.8176	-0.5303	0.7519	-0.8261	-0.4316	-0.8919	-0.0092	
41.234	0.5217	-0.1686	4.7626	-0.6946	-0.5631	0.1272	-0.0704	
41.258	0.4560	0.0615	-2.5357	-0.3988	0.2587	-0.2344	-0.0099	
41.297	1.5080	-1.1549	0.4889	-0.9248	-0.1686	-1.6151	-0.0168	
41.330	0.9491	0.2587	-1.7795	-0.5631	-0.2673	-3.3904	-0.0099	
41.363	1.6066	-0.6947	-0.4317	-0.6618	-0.2344	-2.9959	-0.0115	
41.397	0.6532	0.5217	-1.2864	-0.4974	-0.6946	-0.2344	-0.0152	
41.424	1.0806	-2.9302	-0.1029	-0.6946	-0.1686	-1.2206	-0.0132	
41.458	0.7190	-0.4317	-0.5632	-0.8919	-0.1029	-1.9439	-0.1138	
41.491	-0.0043	-0.2344	-1.9110	-0.5303	-0.3988	-0.4316	-0.0135	
41.524	0.5875	-0.6947	-0.8262	-0.6289	-0.1686	-2.1083	-0.0129	
41.558	0.9162	-0.2344	-2.2398	-0.0043	-0.6946	-0.6289	-0.0293	
41.591	0.9162	-0.6289	-0.2344	-0.5631	0.5217	-1.3850	-0.0115	
41.625	1.2121	-0.8919	-0.4645	-0.5303	-0.2344	2.0340	-0.0102	
41.659	0.6204	-0.8590	0.4889	-0.9905	-0.5631	-1.5823	-0.0129	
41.692	0.6532	0.0944	-2.4042	-0.6289	-0.6289	0.0944	0.0575	
41.725	0.8176	-0.7604	-0.7604	-0.7933	-0.0700	-1.4836	-0.0115	
41.758	0.1930	-0.5303	0.4231	-1.6151	-0.2344	-2.0754	-0.0369	
41.791	0.3574	-0.5960	-0.1358	-1.1220	-0.2344	-1.7138	-0.0129	
41.824	0.5546	-0.7933	-0.5303	-0.3659	-0.7933	-1.1220	-0.0152	
41.859	0.2587	-0.3988	-0.6289	-0.1358	-0.8590	-0.5631	-0.0115	
41.891	0.9820	-1.1549	1.4094	-0.9576	-0.0043	-2.3384	-0.0004	
41.925	-0.2015	0.1601	-5.8232	-0.5303	-0.9576	-0.2673	-0.0148	
41.958	1.3107	-0.3330	-0.3330	-1.0234	0.0286	-2.1411	-0.0109	
41.997	1.0806	-0.6947	-0.4645	-0.5303	0.1601	-2.5356	-0.0158	
42.030	0.0615	0.0286	-1.2207	-0.9248	-0.4316	-1.1878	-0.0188	
42.066	-0.6618	0.4231	-1.7467	-0.4974	-0.8919	0.0944	-0.0142	
42.098	1.1135	-0.6947	1.1464	-1.0563	-0.2344	-2.3713	-0.0158	
42.125	0.9162	0.3902	-2.2398	-0.2344	-0.6289	1.6395	-0.0142	
42.157	0.6204	-0.3330	0.1272	-1.0891	-0.0371	-1.8124	-0.0115	
42.191	0.9162	-0.4317	-0.5303	-0.2673	-0.5631	-0.4316	-0.0168	
42.230	0.1601	0.1930	-3.2918	-0.2015	-0.9905	-0.2673	-0.0096	
42.264	0.9491	-1.0234	0.4889	-0.9248	-0.1029	-2.1411	-0.0115	
42.297	1.0477	0.2916	-0.0700	-0.7604	-0.2015	-1.8124	-0.0142	
42.339	0.8834	-0.3988	0.2259	-0.8261	-0.4316	0.4231	-0.0145	
42.358	0.9820	-0.6947	0.6532	-0.6946	-0.3001	-1.3193	-0.0148	
42.391	0.0944	0.0944	-2.7000	-0.2015	-0.6946	-1.6480	-0.0129	
42.425	0.8834	-1.6809	0.2587	-0.7933	-0.1029	-2.3055	-0.0148	
42.458	1.6066	-0.4974	-0.3002	-0.9905	-0.4645	-2.4041	-0.0148	
42.496	0.6532	-0.2673	-0.9248	-0.6946	-0.3001	0.2916	-0.0125	
42.531	1.1464	0.1930	-1.0892	-0.7275	-0.4974	0.0615	-0.0155	
42.564	0.2916	-0.4974	-1.2535	-0.3988	-1.2864	-1.3193	-0.0155	
42.597	0.6204	-0.9248	0.9491	-0.7933	-0.3988	-1.8781	-0.0135	
42.631	-0.0371	-0.3330	-2.7329	-0.2344	-0.6618	-0.9576	-0.0106	
42.658	0.7847	-0.8919	1.6395	-1.1549	0.1272	-2.6671	-0.0033	
42.691	0.5546	-0.1358	-1.1549	-0.4974	-0.6289	-0.4645	-0.0053	
42.733	1.0806	-1.1220	0.8176	-0.7933	-0.3988	-1.7138	-0.0171	
42.764	0.0944	1.3107	-2.6343	-0.5303	-0.5631	-2.0425	-0.0162	
42.799	0.7847	-0.6947	-0.6947	-0.6946	-0.3330	-1.7795	-0.3574	
42.830	0.2259	-0.7275	2.4614	-0.6289	-0.4645	-1.7795	-0.0056	
42.865	-0.0043	-0.3002	-1.2207	-2.0425	-0.4974	-1.0234	-0.0135	
42.891	0.1930	-0.9905	0.0286	-0.6289	-0.2015	-8.1902	-0.0119	
42.925	-0.1029	-1.0892	-1.5165	-0.4645	-0.8590	0.5546	-0.0162	
42.964	0.4889	-0.5303	-1.6480	-0.3330	-0.6946	0.0944	-0.0155	
42.997	0.7519	-0.7604	-0.4974	-0.5960	-0.1686	-2.5685	-0.0112	
43.031	-0.1029	-0.8590	0.9162	-0.9248	-0.9905	-0.9905	-0.0168	
43.064	0.1601	-0.1029	-2.0097	-0.4645	-0.4316	-0.7275	-0.0267	
43.097	0.5546	-1.1549	1.2779	-1.0891	-0.1686	-1.6480	-0.0155	
43.132	-0.7275	-0.5303	0.0286	-0.8919	1.4094	-2.0754	-0.0115	
43.158	0.0286	-0.0043	-2.0425	-0.3659	-1.1549	0.0944	-0.0352	
43.191	0.8176	-0.7275	-1.3522	-0.6618	0.0944	-2.3713	-0.0250	
43.224	-0.0371	-0.4317	-1.6152	-0.5960	0.1930	-2.4041	-0.0145	
43.264	0.7847	-0.3659	-1.5165	-0.4316	-0.5631	0.1601	-0.0474	
43.297	0.5875	-0.3659	-0.2673	-0.8261	-0.3988	-0.6618	-0.0089	
43.329	0.3574	-0.7933	0.7190	-0.5960	-0.3330	-1.6809	-0.0119	
43.364	0.4889	-0.7275	0.3902	-0.8919	-0.2673	-1.5823	-0.0142	
43.390	0.8505	-0.6618	0.6861	0.6204	-0.1029	-2.3055	-0.0148	
43.423	0.4889	-1.1878	-0.3330	-0.5960	-0.3659	-0.9576	-0.0112	
43.457	0.8834	-0.4645	-0.4645	-0.9576	-0.4316	-0.5631	-0.0849	
43.491	0.8505	-0.4317	-0.7604	-0.4316	-0.4645	-4.5410	-0.0145	
43.524	0.4889	-0.5960	0.3574	-1.4508	-0.4316	-1.8453	-0.0142	
43.558	0.9820	-1.0892	-0.3330	-0.8261	0.0286	-2.1740	-0.0096	
43.591	0.6204	-0.4974	-0.8919	-0.5631	-0.9576	-0.6946	-0.0757	
43.593	0.6204	-0.2015	0.0615	-0.6946	0.8176	-1.0234	-0.0132	
43.595	1.2121	-0.4974	-0.6289	-0.0371	-0.2344	-0.5631	-0.0125	
43.597	0.9820	1.2779	-0.0371	-0.0700	-0.2015	0.8176	-0.0162	
43.605	0.4889	-0.2344	-1.4837	-0.2344	-0.3001	-0.9905	-0.0115	
43.607	0.3574	-0.0371	-3.1603	-0.1029	-0.8590	2.3299	-0.0109	
43.625	1.0149	-0.5960	-0.9905	-0.5631	-0.1358	-2.0425	0.0009	
43.627	0.5875	-0.0700	-0.6947	-0.6618	-0.3001	-0.9576	-0.0181	
43.629	1.1792	-0.3002	-0.4317	0.1272	-0.0700	0.1272	-0.0109	
43.638	0.6861	-0.2344	-1.6480	-0.1686	-0.2344	-0.6289	-0.0145	
43.640	0.4231	-0.0043	-2.3055	-1.3193	-0.5631	-0.4316	-0.0346	
43.657	0.4231	-0.6618	-0.1686	-0.5303	-1.1878	-1.1549	-0.0135	
43.659	0.5546	-0.7933	-1.0234	-0.4645	-0.1029	-1.4836	-0.0125	
43.667	0.9491	0.2587	-0.3002	0.1601	0.6204	0.8505	-0.0158	
43.668	1.1464	-0.2015	-0.4974	-0.0700	0.1601	0.0615	-0.0066	
43.671	0.2259	0.2259	-1.5165	-0.6289	-0.2015	-1.3521	-0.0234	
43.673	0.9820	-1.0234	0.7190	-1.0563	0.1930	-2.2398	-0.0152	
43.691	0.9162	-0.3659	-1.8124	-0.3988	-0.4316	-1.5494	0.0210	
43.693	1.0149	-0.4317	-1.4179	-0.2344	-0.7275	-1.2864	-0.0270	
43.700	0.9491	-0.1029	-0.3002	0.0944	0.5875	-0.1029	-0.0119	
43.703	1.0806	-0.2344	-0.4645	-0.0043	-0.0043	0.4231	-0.0244	
43.705	0.6204	-0.5632	0.1272	-0.4974	-1.1220	-1.3193	-0.0148	
43.707	0.6532	-0.6947	-0.6289	-0.3001	-0.6289	-1.7795	-0.0231	
43.709	0.6204	-0.4317	-0.2015	-0.9905	-0.2015	-1.1549	-0.3498	
43.742	1.0806	-0.5960	-0.7604	-0.4316	-0.2015	-1.0234	-0.0918	
43.774	0.2587	-0.2344	-2.2398	2.5600	-0.8590	-0.3001	-0.0158	
43.807	0.8834	-0.0700	-1.6152	-0.3659	-0.5631	-1.2535	-0.0145	
43.810	0.7190	-0.3330	-0.6618	-0.6289	-0.4316	-0.4316	-0.0280	
43.841	1.0806	-0.7275	0.3902	-0.5631	-0.3659	-1.0234	-0.0142	
43.874	0.3902	-0.1029	-0.1029	-0.7933	-0.6946	-0.9248	-0.0152	
43.908	0.8176	-1.7138	0.6532	-0.8261	-0.1686	-1.3850	-0.0175	
43.941	0.6861	-0.3330	-1.0563	-0.1358	-0.1358	-1.3850	-0.0119	
43.974	0.8834	-0.2344	0.1272	-0.8261	0.0286	-1.8453	-0.0165	
44.014	0.6861	-0.1029	-0.6289	0.1272	-0.3330	3.0531	-0.0148	
44.016	0.5217	0.0615	0.8834	0.1601	0.2916	0.1601	-0.0175	
44.018	0.5546	-0.1686	1.1792	-0.3988	-0.0371	1.0806	-0.0158	
44.019	1.0149	-0.3002	-0.4974	-0.0043	-0.0043	-0.2673	-0.0132	
44.022	0.0286	0.1930	-2.7658	-0.2673	1.2779	0.0615	-0.0132	
44.024	0.6204	-0.8262	0.3245	-0.7933	1.9682	0.1601	-0.0152	
44.025	0.3574	-0.2344	-0.9905	-0.4316	-0.6618	1.3765	-0.0155	
44.027	0.7519	-0.6289	0.1601	-0.4316	-0.7933	-0.0043	-0.0148	
44.029	1.0149	-0.6618	0.8834	-0.3001	-0.4645	0.8176	-0.0178	
44.030	1.4422	-1.1549	1.6395	-0.1686	0.2916	0.0944	-0.0155	
44.032	1.1464	-0.2344	-0.9905	0.0944	0.0944	0.0944	-0.0142	
44.034	1.0149	-0.2673	1.8367	1.4751	0.3902	1.2779	-0.0122	
44.036	1.0477	-0.0371	-1.5494	0.0615	0.1272	0.0944	-0.0129	
44.044	0.9491	-0.3002	-2.2727	-0.2673	-0.3330	-2.1083	-0.0323	
44.078	0.7190	-0.7933	-0.5303	0.2587	-0.2673	-1.4508	-0.0106	
44.108	0.8505	-0.4974	-0.9577	-0.7275	-0.0043	-1.7795	-0.0158	
44.140	0.9820	-0.8919	1.5409	-1.0891	0.1272	-1.9439	-0.0148	
44.174	0.0944	0.1601	-3.8835	-0.0043	-0.7933	1.9025	-0.0135	
44.207	0.5875	-0.4317	-0.1358	-1.1220	-0.4645	-0.7275	-0.0158	
44.209	0.8834	-0.7275	0.1601	-0.0043	0.0944	-2.3713	-0.0115	
44.241	-0.0371	-0.0700	-1.8453	-0.1358	-0.8261	-2.3055	-0.0089	
44.274	0.8834	-0.8919	0.2259	-0.5303	0.1601	-2.4699	-0.0125	
44.307	0.0286	0.3574	-2.5028	-0.0043	-0.7604	0.2916	0.0151	
44.340	0.6204	-0.6947	-3.2260	-0.6289	-0.3659	-4.7054	-0.0188	
44.374	0.8505	-0.6289	0.8505	-1.1878	0.0286	-2.3713	-0.0201	
44.408	0.3902	-0.0371	-1.5494	-0.6618	-0.5631	-0.6946	-0.0293	
44.441	1.4094	-0.5303	-0.7604	-0.4974	-0.3001	-0.4316	-0.0145	
44.480	0.4889	-0.6947	-0.8919	-0.5631	-0.1358	-2.5028	-0.0115	
44.513	-0.0700	-0.2015	0.1272	-0.2015	-0.7604	-4.1137	-0.0086	
44.548	0.3574	-0.0043	-1.7138	-0.3330	-0.3659	-0.7604	-0.0135	
44.581	0.3574	-0.2344	-0.2344	-0.7275	-0.1029	-1.5165	-0.0428	
44.613	0.1930	-0.0043	-2.9302	-0.3988	-0.7275	-0.5631	-0.0237	
44.640	0.5546	-0.3988	-1.6480	-0.3659	-0.4316	-1.6809	-0.0234	
44.675	-0.1029	-0.0371	-1.8782	-0.7275	-0.7604	0.4889	-0.0155	
44.708	0.3245	-0.5303	-0.1358	-0.2015	-0.5631	0.1272	-0.0086	
44.741	0.8505	-1.2864	0.5217	-0.8590	-0.1358	-3.4562	-0.0115	
44.774	0.7847	-0.5632	-0.3988	-0.6946	-0.0700	-1.1549	-0.0132	
44.807	-0.5303	-0.3330	-1.4179	-0.3330	-1.9110	-0.0043	-0.0109	
44.842	1.0477	-0.7933	-0.0371	-0.6618	1.2121	-1.8124	-0.0139	
44.874	0.6204	-0.2015	-1.6809	-0.4316	-0.4316	-0.9248	0.0111	
44.907	0.4889	-0.5632	-1.7795	-0.2344	-0.4316	-1.2535	-0.0155	
44.909	1.0477	-1.0234	0.9162	-0.7275	0.2916	-0.9576	-0.0115	
44.940	0.9162	-0.6618	0.3245	-0.8261	-0.4316	-2.6343	-0.0158	
44.974	0.2916	0.7190	-0.9577	-0.5631	-0.2673	-0.9248	-0.0158	
45.013	0.8505	0.0286	-1.0892	-0.4316	-0.7604	-0.4316	-0.0109	
45.048	-0.0700	-0.2673	-2.9630	-0.1358	-0.7933	-2.7658	-0.0122	
45.080	0.1601	-0.0700	-0.7275	-0.6289	0.1930	-0.8919	-0.0112	
45.115	0.8176	-0.5632	2.4614	-0.7275	0.0944	-1.6480	-0.0083	
45.141	0.8176	-0.6618	0.2916	-0.3001	-0.2344	-1.0891	-0.1013	
45.174	0.8505	-0.6947	1.0477	-0.7275	-0.2673	-1.5494	-0.0168	
45.207	0.4889	-0.2673	-0.7275	-0.3659	-1.8124	-1.5494	-0.0109	
45.214	0.7519	-0.5303	-0.5632	-0.3001	-1.3850	-0.6289	-0.0102	
45.246	0.4889	-0.1358	-1.2535	-0.3001	0.0615	-1.7795	-0.0125	
45.279	1.0149	-0.2015	0.0286	-0.2015	0.2259	0.8176	-0.0132	
45.331	0.7190	-0.3330	-1.5823	-0.3659	-0.5631	-1.1549	-0.0122	
45.361	0.9820	-0.5632	0.4231	-0.6946	0.2587	-2.5356	-0.0231	
45.390	0.6861	-0.0371	-1.4508	0.1272	-0.6289	0.6861	-0.0053	
45.424	-0.4645	0.2587	-0.6947	-0.3001	-0.8919	0.3245	-0.0162	
45.457	0.2259	-0.9248	0.4560	-0.6289	-0.1029	-1.2535	-0.0132	
45.491	0.0944	0.0615	-1.9110	-0.3330	0.2916	-0.4316	-0.0168	
45.524	-0.2015	-0.1029	-0.5632	-0.4316	-0.7604	-0.0371	-0.0096	
45.558	0.0944	-0.4317	-0.1358	-0.5960	-1.2535	-0.8919	-0.0129	
45.590	0.6861	-0.6947	-0.6618	-0.1029	-0.2344	-1.5165	0.0009	
45.624	0.8834	-0.7933	0.9820	-0.7275	0.0615	-1.3193	-0.0102	
45.657	0.6532	-0.7275	0.7190	-0.6289	0.1930	-1.7466	-0.0106	
45.691	0.9820	-0.6618	0.1272	-0.7933	-0.1358	-0.7604	-0.0181	
45.724	0.6532	-0.2344	-1.0563	-0.2673	-0.2015	-1.4508	-0.0122	
45.765	1.1464	-0.6618	-0.6947	-0.6618	0.5217	-1.4179	-0.0119	
45.798	0.9491	-0.3330	-0.6289	-0.0043	-0.3659	-1.1878	-0.2594	
45.830	1.4751	-0.7275	-0.1358	-0.4974	-0.2015	0.0944	0.0026	
45.863	1.0806	-0.5632	0.0286	-0.6618	0.1930	-2.0425	0.0065	
45.896	1.5409	-1.0563	1.1792	-0.7604	-0.0700	-1.8781	-0.0595	
45.925	1.1792	-0.3659	-2.4042	-0.6289	-0.1686	-1.2206	-0.0987	
45.957	1.9025	-1.1878	1.1135	-0.6946	1.4751	-0.3659	-0.0099	
45.997	0.4889	-0.3988	0.0286	-0.6618	0.2259	-1.0563	-0.0122	
46.031	1.1135	-0.2015	-0.9905	-0.3330	-0.4316	1.4422	-0.0148	
46.064	0.8505	0.3574	-2.4699	-0.1686	-0.4645	0.5546	-0.0030	
46.096	0.7190	0.0615	-1.1549	-0.7933	-0.2344	-1.0891	0.0660	
46.131	1.3436	-0.6289	1.9025	-0.8590	0.1272	-2.7658	-0.0142	
46.157	0.6861	0.6204	-1.5494	-0.3988	-0.3330	-1.7466	-0.0135	
46.190	0.9820	0.0286	-1.7795	-0.3659	-0.4645	-0.5631	-0.0089	
46.224	0.6204	-0.1686	-0.0043	0.2916	-0.0700	-1.3193	-0.0142	
46.264	1.3107	-0.8919	0.4231	-0.5303	-0.4974	-0.2344	-0.0139	
46.296	0.9491	0.4231	-2.1412	-0.3330	0.0286	0.3574	-0.0162	
46.330	1.3765	-0.3988	-0.8262	-0.2344	-0.3988	-0.4974	-0.0139	
46.365	1.1464	-0.5303	0.1930	-0.6946	0.2259	-2.8973	-0.0096	
46.390	1.3436	-0.2673	-1.2207	-0.2344	-0.5303	0.1601	-0.0089	
46.424	1.4422	-0.4974	-0.4974	-0.6289	0.0944	-1.2206	-0.0162	
46.458	1.1464	-0.8919	1.0806	-1.2206	0.0944	-2.2726	-0.0135	
46.496	1.5080	-0.9248	2.0997	-0.8261	0.0944	-1.9768	-0.0352	
46.534	0.6204	-0.1358	-0.8919	-0.9248	-0.5303	-0.6289	-0.0106	
46.564	0.3574	0.2587	-1.2864	-0.2015	-0.4316	-0.1686	-0.0135	
46.597	0.3574	-0.0043	0.3574	-0.4645	-0.1686	-0.8919	-0.0155	
46.631	0.0944	-0.4645	-0.9248	-0.1358	-0.7933	1.1792	-0.0135	
46.657	0.9820	-0.3659	1.3436	-0.7933	0.2259	-1.5823	-0.0135	
46.691	0.3574	-0.1686	-0.9905	-0.8919	-0.2344	-1.4179	-0.0290	
46.724	0.5875	-0.5303	0.4560	-0.5960	-0.2344	-1.5823	-0.0148	
46.763	0.3574	-0.0043	-1.2207	-0.3988	-0.4645	1.2450	-0.0112	
46.796	0.8505	-0.5960	0.2259	-0.4974	-0.1686	0.1930	-0.0106	
46.829	-0.0700	0.0944	-1.7795	-1.7138	-0.9576	0.6204	-0.0119	
46.866	0.2916	-0.4317	-0.1686	-0.4645	0.0944	0.4231	-0.0099	
46.890	0.2916	0.1272	-1.9768	0.0615	-1.0891	0.4889	-0.0171	
46.924	0.3245	-0.8919	1.2450	-0.7604	-0.0371	-0.4645	-0.0139	
46.958	-0.9577	0.1930	-1.7138	-0.5303	-0.7604	0.3245	-0.0112	
46.996	0.4889	-0.4317	-0.7604	-0.5631	0.1601	-0.4974	-0.0132	
47.030	0.0615	-0.6289	0.8505	-0.9576	-0.2015	-3.9493	-0.0122	
47.064	-0.1358	-0.0700	0.4889	-0.4316	-0.0371	-2.3713	-0.0122	
47.097	0.3902	-0.8919	-0.4317	-0.3330	-0.2344	-1.1220	-0.0132	
47.131	-0.1358	0.1601	-1.0234	0.0286	-0.3988	0.0944	-0.0625	
47.157	-0.8262	0.0615	0.8176	-0.8261	0.0286	-0.8590	-0.0115	
47.190	-0.5303	0.0286	-2.1412	-0.6618	-0.1029	-0.0371	-0.0119	
47.230	0.3902	-0.3002	-1.1220	-0.0700	-0.5303	-0.4645	-0.0139	
47.256	0.0944	-0.0371	-0.9905	-0.2344	-0.4645	0.5875	-0.0122	
47.296	-0.3988	-0.4974	0.2587	-0.6618	-0.8590	-1.5165	-0.0115	
47.330	0.2916	-0.2344	-0.6289	-0.2673	-0.6289	-1.7466	-0.0155	
47.363	0.1930	-0.8262	0.7847	-0.5303	-0.6618	1.0149	-0.0168	
47.395	-0.5960	0.1930	-1.7467	-0.3659	0.9162	-1.3521	-0.0175	
47.424	0.2587	-0.9248	1.5080	-0.4645	-0.3988	1.5080	-0.0142	
47.457	-0.0043	-0.7604	0.6532	-0.7604	-0.3659	-0.1029	-0.0115	
47.490	-0.0700	-0.0043	-2.0425	-0.1686	-0.1029	-1.7138	-0.0300	
47.531	-0.2015	0.1272	-1.4508	-0.3659	0.0615	2.5600	-0.0132	
47.563	-0.0043	-0.0371	-1.9768	-0.1358	-1.8124	0.0286	-0.0162	
47.597	-0.3988	-0.1358	-1.3850	-0.2673	-0.3001	-1.4179	-0.0119	
47.629	0.4231	-0.9905	0.8505	-0.5631	0.0286	-1.2535	-0.0060	
47.657	0.1930	-0.6289	1.4422	-0.8590	0.5217	-1.9439	-0.0122	
47.691	0.0615	-0.3002	-0.8590	-0.3001	-0.7275	0.3902	-0.0217	
47.724	0.1930	0.0286	-2.0097	-0.0371	1.4751	-0.5303	-0.0145	
47.757	-0.0371	-0.1029	-0.6618	-0.0700	-0.4316	0.0615	-0.0092	
47.791	0.1601	-0.3988	-0.6947	-0.2015	-0.5631	0.1272	-0.0119	
47.823	0.2259	-0.4974	0.0286	-0.6289	0.0615	-1.6809	-0.0053	
47.858	-0.3659	-0.2673	-0.8262	-0.4645	-0.6289	-0.4645	-0.0125	
47.890	0.1272	-0.8262	0.3902	-0.6946	0.2587	-1.5823	0.0443	
47.924	0.5875	-0.9905	0.3245	-0.7933	0.3574	-1.8781	-0.0155	
47.958	-0.4317	-0.1358	-2.1412	-0.2673	-0.6618	-0.4974	-0.0171	
47.991	-0.0700	-0.5960	0.4560	-0.7275	0.2587	-0.5960	-0.0132	
48.024	0.0286	-0.3330	-1.5165	-0.1686	-0.4974	-0.3988	-0.0125	
48.057	0.0944	-1.6809	0.3574	-0.7604	0.1272	-2.6343	-0.0139	
48.090	0.5217	-0.7933	0.6204	-0.5303	-0.2673	-0.8919	-0.0102	
48.124	-0.2673	-0.3988	0.7519	-0.7604	0.1601	-1.3193	-0.0119	
48.157	-0.1029	-0.7933	0.9820	-0.8919	-0.1686	-0.9576	-0.0135	
48.190	0.5875	-0.8590	-0.4317	-0.0043	-0.7604	-0.0371	-0.0152	
48.223	0.1272	-0.4974	-1.4179	-0.2673	-0.4974	0.0944	-0.0139	
48.257	-0.4645	0.0615	-0.4317	-0.6618	-0.3659	-1.1878	-0.0129	
48.290	-0.2344	-0.0371	-2.1740	-0.2015	-0.2673	-1.5494	-0.0142	
48.324	0.1601	-0.7933	0.4560	-0.3659	-0.3659	-0.2015	-0.0145	
48.357	-0.4974	-0.0371	-1.7138	-0.3988	-0.8590	-0.1029	-0.0145	
48.391	-0.3659	-0.0043	-1.3522	-0.1029	-0.4316	-0.6946	-0.0171	
48.423	-0.3988	0.0286	-0.7933	-0.5960	0.1272	-1.9768	-0.0020	
48.457	-0.1686	-0.4317	0.3902	-0.5631	-0.0700	-1.3193	-0.0112	
48.497	0.2916	-0.9577	-0.0700	-0.3988	-0.4645	0.5546	-0.0158	
48.531	0.1601	-0.7604	0.9491	-0.4974	-0.3988	-0.1029	-0.0119	
48.564	0.1601	-0.6289	-0.5960	-0.3988	-0.2015	0.1601	-0.0122	
48.596	-0.2015	-0.4974	-0.1029	-0.4974	0.3574	-1.5165	-0.0115	
48.633	0.3245	-0.6289	0.3902	-0.7933	-0.0371	-0.3330	-0.0092	
48.657	0.2587	-0.4974	-0.1686	-0.2673	-0.7275	0.0286	-0.0168	
48.690	-0.1358	0.0615	-0.6289	-0.4316	0.0944	-0.8261	-0.0152	
48.730	-0.3988	-0.3330	0.8505	-0.7933	0.0944	-1.2206	-0.0132	
48.757	0.3245	-0.6618	-0.3988	-0.0371	-0.3988	-0.3330	-0.0148	
48.797	0.2916	-0.5960	-1.6152	-0.4316	-0.9248	0.2587	-0.0162	
48.830	0.2587	-0.6289	-0.5303	-0.5960	0.0286	-2.8644	-0.0142	
48.864	-0.0700	-0.3330	-0.3002	-0.5960	0.2259	-1.7795	-0.0102	
48.891	0.8505	-0.7275	-1.0234	-0.2344	-0.2673	-0.8261	-0.0135	
48.923	0.9491	-0.4317	0.2259	-0.0371	-0.6946	0.2587	-0.0125	
48.957	0.6532	-0.9248	1.3765	-0.6946	0.2916	-0.2015	-0.0148	
48.996	0.2916	-0.0043	-0.6289	-0.5631	0.1930	-1.5165	-0.0148	
49.030	-0.3659	0.0615	-2.1412	-0.1358	-0.2015	-1.0563	-0.0165	
49.063	0.6861	-0.3002	-0.7933	-0.3001	-0.3330	-1.1220	-0.0158	
49.096	0.5546	-0.2344	-0.9577	0.2259	-0.5303	-0.4316	-0.0076	
49.129	0.6532	-0.5632	0.2587	-0.4316	-0.3330	-0.3001	-0.0125	
49.157	0.9491	-0.3002	-0.7604	-0.3001	-0.2015	-0.0043	-0.0142	
49.189	0.3574	-0.0371	-0.1358	-0.5303	0.0615	-0.1686	-0.0106	
49.229	0.6861	-0.4317	-0.7275	-0.3659	-0.2344	0.1272	-0.0148	
49.264	0.8834	-0.6947	-0.0371	0.0286	-0.5631	-0.3001	-0.0152	
49.297	0.6204	-0.0371	-0.4317	-0.5631	-0.2015	-0.3330	-0.0119	
49.332	0.6204	-0.5303	0.0944	-0.1686	-0.4316	0.0615	-0.0125	
49.362	0.6861	0.0615	-0.5303	-0.3988	-0.1029	-0.4645	-0.0129	
49.397	1.1135	-0.6618	-1.0892	0.0615	-0.4316	-0.7933	-0.0168	
49.423	0.5546	-0.1029	0.0286	-0.5303	-0.1686	-0.8919	-0.0139	
49.456	0.3245	-0.4317	0.7190	-0.4645	-0.3659	0.4889	-0.0145	
49.490	0.7190	-0.1029	-1.4508	-0.3001	-0.0371	-1.1220	-0.0112	
49.524	-0.0371	-0.0043	-1.9768	-0.3330	-0.2015	0.7190	-0.0142	
49.558	0.5875	0.0944	-1.4837	-0.3330	0.3574	-1.0891	-0.0155	
49.590	0.7519	-0.4317	-0.2344	-0.1686	-0.5303	-0.3330	-0.0194	
49.623	0.9162	-0.4645	-0.7275	-0.0043	-0.6618	0.4889	-0.0142	
49.657	0.9162	-0.1029	-1.1878	-0.1686	0.1601	-1.1220	-0.0132	
49.690	1.1792	-0.4317	-0.9248	0.0615	-0.4645	-0.8590	-0.0194	
49.733	0.4231	-0.5960	1.1135	-0.5303	-0.0043	-4.1465	-0.0139	
49.764	0.4889	0.0944	-0.7275	-0.5303	0.2259	-0.2344	-0.0158	
49.796	0.3902	0.2916	-1.3850	-0.5960	0.1601	-1.4836	-0.0102	
49.830	0.8176	-0.5303	0.7519	-0.5631	-0.4645	-0.7604	-0.0119	
49.864	0.4560	-0.3002	-0.2015	-0.5960	-0.2673	-1.6151	-0.0175	
49.891	0.2259	0.2916	-1.8453	-0.2673	-0.1029	-1.8453	-0.0142	
49.924	0.9162	-0.5960	-0.0371	-0.4645	-0.2673	0.0286	-0.0211	
49.957	0.7190	-0.2015	-1.5823	-0.2344	-0.3659	-0.8261	-0.0155	
49.996	0.9491	-0.3330	-0.7604	-0.1358	-0.4974	-0.5631	-0.0139	
50.030	0.6532	0.0944	-1.9439	-0.0371	-0.6618	-0.3001	-0.0096	
50.064	0.8834	-0.3659	0.2259	-0.6946	-0.3001	0.5217	-0.0132	
50.095	0.6861	-0.1686	0.7519	-0.6289	-0.2673	0.2916	-0.0129	
50.128	0.8834	-0.2673	-0.3988	-0.3988	-0.1029	0.4231	-0.0168	
50.162	0.2916	-0.1686	0.7847	-0.6289	-0.5631	-0.0043	-0.0125	
50.189	0.3902	0.0286	-1.0563	-0.5303	0.1601	-1.6809	-0.0119	
50.191	0.6532	-0.0371	-3.0617	-0.3330	-0.5303	-1.6809	-0.0198	
50.193	0.0286	-0.2015	1.0477	-0.8919	-0.3001	-0.9576	-0.0323	
50.201	2.6915	-0.4645	-0.0700	0.2587	0.4560	0.7190	-0.0178	
50.203	0.4889	0.2916	-0.5303	-0.3659	-0.2344	-0.1029	-0.0142	
50.205	0.6204	-0.2015	-1.1220	-0.1686	-0.7275	-0.1686	-0.0185	
50.207	0.9491	-0.3988	-1.6480	-0.0700	-0.3988	-1.0563	-0.0145	
50.240	0.5875	-0.2015	-0.3659	-0.4645	0.0615	-0.8590	-0.0152	
50.273	1.1464	-0.3002	-1.3193	-0.0700	-0.2015	-0.3659	-0.0155	
50.307	0.7519	-0.9905	1.0149	-0.9248	-0.2015	-1.8781	-0.0194	
50.308	0.6532	-0.1686	-0.9248	-0.2344	-0.0700	-0.9576	-0.0181	
50.340	0.5546	-0.2673	-0.0371	-0.3659	-0.2015	-0.1358	-0.0178	
50.373	0.3574	1.1464	-1.7795	-0.4316	-0.4645	-3.7849	-0.0142	
50.410	0.9162	-0.4974	-0.8262	-0.4645	-0.4974	0.0944	-0.0221	
50.440	-0.0371	-0.0043	-5.6917	-0.1686	-0.9905	-0.3001	-0.0122	
50.442	0.5875	-0.5303	0.3574	-0.3330	-0.3330	0.6861	-0.0175	
50.473	0.2587	-0.2673	0.3574	-0.5960	-0.1358	0.5546	-0.0178	
50.506	0.1272	-0.4317	-1.3193	-0.3001	-2.0425	-0.5960	-0.0119	
50.508	-0.1029	-0.2344	0.3245	-0.6289	-0.1686	-0.7604	-0.0115	
50.540	0.6204	-0.5303	-0.4317	-0.1358	-0.3001	-0.4974	-0.0162	
50.573	-0.0371	-0.0700	-1.6480	-0.5303	-0.6946	-0.2344	0.0026	
50.610	0.2916	-1.1220	-0.1029	-0.1686	-0.9905	-0.1029	-0.0162	
50.646	-0.0371	-0.3002	-0.3659	-0.3988	0.0286	-0.6289	-0.0129	
50.673	-0.3330	-0.3330	0.3574	-0.5303	-0.0043	-0.5960	-0.0165	
50.707	0.3902	-0.2673	-1.5494	-0.4645	-0.8590	0.0944	-0.0162	
50.709	-0.3988	-0.0043	0.2259	-0.4316	0.1272	-0.1686	-0.0175	
50.740	-0.1358	0.0286	-1.5823	-0.1029	-0.1029	-0.4974	-0.0185	
50.773	0.0286	-0.1029	-1.1549	-0.3330	0.0944	-0.6289	-0.0129	
50.807	0.0944	-0.5632	-1.0234	-0.6618	-2.2069	-1.7795	-0.0139	
50.809	0.0286	-0.3002	0.4231	-0.5303	-0.1358	0.2259	-0.0201	
50.840	0.1601	-0.9248	0.8834	-0.4974	-0.5303	0.7519	-0.0181	
50.874	0.0944	-0.3330	0.1272	-0.4645	-0.2015	-0.1029	-0.0148	
50.906	-0.4317	-0.2344	-0.4645	-0.3659	-0.6289	1.6395	-0.0122	
50.908	-0.1029	-0.3988	0.0944	-0.3988	-0.1029	-0.3659	-0.0168	
50.939	-0.4317	0.1601	-2.3713	-0.3988	-0.4316	-1.5494	-0.0152	
50.942	-0.0700	-0.2344	-0.4317	-0.3659	0.1601	-0.5960	-0.0178	
50.973	-0.1686	-0.1686	-1.0234	-0.6289	-0.4645	-0.4316	-0.0260	
51.016	0.1601	-0.2344	-0.9577	-0.3001	-0.1029	-0.1686	-0.0162	
51.046	-0.1686	-0.4645	-0.1358	-0.3001	-0.3988	-0.2673	-0.0191	
51.079	0.3902	-0.9577	0.5875	-0.2344	-0.5303	4.1051	-0.0158	
51.116	-0.1358	-0.4317	0.1272	-0.2673	-0.2344	-0.1358	-0.0175	
51.140	0.1601	-0.9248	0.6204	-0.2344	-0.4645	0.1272	-0.0181	
51.173	0.3245	-0.3988	-0.8262	-0.0700	-0.2344	-0.3001	-0.0231	
51.206	0.2587	-0.8262	-0.1029	-0.9248	0.1272	-1.7795	-0.0155	
51.215	0.0944	-0.3659	0.1272	-0.3988	-0.2344	-0.0043	-0.0194	
51.239	-0.0371	-0.4974	0.3245	-1.2206	-0.1686	-0.6946	-0.0158	
51.241	-0.0700	-0.0700	-0.5960	-0.4316	0.1930	-0.7604	-0.0162	
51.278	0.3902	0.1601	-1.7138	-0.1029	0.0286	-1.4836	-0.0158	
51.312	0.2916	-0.5632	0.4560	-0.1358	-0.3001	0.2587	-0.0191	
51.345	0.2587	-0.2015	-0.2344	-0.3001	-0.1686	-0.3001	-0.0194	
51.378	0.5546	-0.1358	-1.0234	-0.1686	-0.1029	-0.9248	-0.0175	
51.411	0.5546	-0.4317	-0.5960	-0.2673	-0.1686	-0.1358	-0.0155	
51.439	0.6532	-0.7933	0.8176	-0.6618	-0.2344	-1.4836	-0.0171	
51.441	0.0944	0.2916	-0.7933	-0.4316	0.3574	-0.5303	-0.0152	
51.472	0.4231	-0.7933	0.9162	-0.6946	0.0944	2.0669	-0.0135	
51.479	0.1272	-0.5632	0.8505	-0.1029	-0.5303	0.1601	-0.0171	
51.506	-0.0371	-0.8919	-0.6947	-0.3988	-0.4316	-0.4316	-0.0198	
51.508	0.2916	0.0615	-1.0563	-0.3988	-0.0700	-0.9905	-0.0201	
51.545	0.6204	-0.5960	0.1930	-0.3001	-0.2344	-0.0700	-0.0152	
51.579	0.4889	-0.0371	-0.7933	-0.3659	0.0944	-0.8590	-0.0175	
51.614	0.7847	-0.4974	0.4889	-0.2673	-0.3001	0.0615	-0.0208	
51.639	1.0477	-0.4317	-0.9577	-0.1029	-0.1686	-0.9905	-0.0162	
51.674	1.1792	-0.7604	-0.1358	-0.1029	-0.4645	-0.0043	-0.0148	
51.707	0.7190	-0.6947	0.1930	-0.9905	-0.0700	-2.8644	-0.0191	
51.709	0.7519	-0.7275	0.2916	-0.4645	-0.3001	0.0944	-0.0201	
51.740	0.8176	-0.2673	-0.3988	-0.1686	-0.1358	-0.9248	-0.0211	
51.779	0.5217	-0.1358	-0.0700	-0.4974	0.2259	-0.3330	-0.0263	
51.813	0.6532	0.2916	-1.7795	-0.4316	0.1272	-1.1549	-0.0178	
51.847	0.7190	-0.1358	-0.0043	-0.5631	0.0286	0.2916	-0.0185	
51.880	1.0149	-0.3988	-0.5960	-0.0043	-0.3659	-0.5303	-0.0188	
51.906	0.7519	-0.3002	-1.4508	-0.6946	-0.6289	-0.3330	-0.0162	
51.908	0.7519	-0.4974	0.1930	-0.1358	-0.4316	0.0615	-0.0171	
51.940	3.1517	-1.1878	1.1792	-0.7933	-0.3988	-2.1740	-0.0178	
51.942	0.9162	-0.5960	0.3902	-0.1358	-0.3001	-0.1686	-0.0148	
51.982	1.1135	-0.7933	0.0944	-0.2344	-0.3330	-0.6289	-0.0198	
52.012	0.5875	-0.2015	0.4560	-0.5631	-0.1358	0.2916	-0.0211	
52.048	0.8834	-0.1358	-0.8262	-0.3988	-0.5631	-0.7275	-0.0162	
52.079	0.8834	-0.4317	0.4231	-0.4645	-0.3330	0.3902	-0.0191	
52.115	0.5875	-0.0700	-0.1686	-0.6946	-0.0700	-0.5303	-0.0181	
52.140	0.8176	-0.0371	-0.5960	-0.4316	-0.0371	-0.3001	-0.0145	
52.173	0.6532	-0.0043	-0.5632	-0.4974	0.0286	-0.3001	-0.0155	
52.206	0.3245	0.0944	-1.5494	-0.4316	1.5409	0.0286	-0.0119	
52.214	1.1135	-0.2344	-0.8590	-0.2015	-0.1358	-0.3001	-0.0132	
52.248	0.6861	-0.4974	0.1272	-0.0700	0.2259	0.4231	-0.0165	
52.283	0.5217	-0.6289	0.4231	-0.6946	-0.6618	-0.4316	-0.0201	
52.312	0.2587	0.1272	-2.3384	-0.3330	1.3436	-0.2015	-0.0122	
52.343	0.6532	-0.0700	0.7519	-0.4316	-0.3001	-0.2015	-0.0178	
52.375	0.3902	0.0944	-1.1878	-0.2344	-0.0043	-1.7138	-0.0191	
52.407	0.7519	0.0615	-0.7275	-0.4974	0.2259	-0.1358	-0.0142	
52.439	1.0806	-0.3659	-0.4645	-0.3659	-0.1686	-0.1686	-0.0168	
52.473	1.0806	-0.8262	-0.4317	-0.0371	-0.3988	-0.7275	-0.0171	
52.507	1.1464	-0.6618	-0.0043	-0.1686	-0.3659	-0.3001	-0.0181	
52.540	0.9820	-0.6618	0.2259	-0.1686	-0.2015	-0.3001	-0.0165	
52.573	0.7519	0.1930	-1.1549	-0.4974	0.3574	-0.4974	-0.0165	
52.606	0.9820	-0.4645	-0.5960	-0.6946	-0.7933	-1.1549	-0.0171	
52.608	0.7190	-0.6947	0.2587	-0.2015	-0.5631	-0.0371	-0.0191	
52.640	0.8834	-0.1358	-0.5303	-0.3659	0.0286	-0.4316	-0.0349	
52.673	0.6204	-0.3988	0.3245	-0.3659	-0.1029	-0.0043	-0.0115	
52.706	0.4560	-0.1029	-1.0892	-0.4316	-0.5303	-0.3659	-0.1529	
52.715	0.9491	-0.3002	-0.8262	-0.0371	-0.4316	-0.7933	-0.0185	
52.746	0.6532	-0.0043	-1.7795	-0.6289	-0.3001	-1.2206	-0.3985	
52.779	0.4889	-0.4317	-1.1549	-0.4974	-0.3001	-1.0234	-0.0109	
52.814	0.7519	0.0615	-0.3330	0.2259	-0.2344	1.0806	-0.0046	
52.851	0.8505	-0.4974	-0.8919	-0.4974	0.2259	-1.7795	-0.0171	
52.879	1.0477	-0.8590	0.2259	-0.1686	-0.5631	0.3245	-0.0178	
52.907	0.9820	-0.1029	-1.0563	-0.4974	0.0286	-0.7933	-0.0145	
52.940	0.6204	-0.4645	1.2121	-0.5303	-0.2673	0.7847	-0.0188	
52.973	0.6204	-0.2673	-0.1029	-0.8590	-0.4316	-0.2015	-0.0188	
53.006	0.9162	-0.8919	0.8834	-0.8261	-0.2015	-1.1878	-0.0194	
53.008	0.8834	-0.6289	0.3245	-0.2344	-0.3659	-0.2015	-0.0158	
53.040	0.9162	-0.3659	0.1601	-0.2015	-0.3330	-0.3001	-0.0194	
53.073	1.2121	-0.6947	0.4231	-0.0700	-0.4974	-0.3001	-0.0175	
53.107	1.0149	0.0615	-1.1878	-0.2344	0.1601	-0.4316	-0.0181	
53.139	1.2779	-0.4317	0.1272	-0.1358	-0.0700	0.5546	-0.0191	
53.173	1.2450	-0.1686	0.0944	-0.2344	-0.0043	0.5546	-0.0188	
53.206	0.7519	0.1272	-1.8782	0.2916	-0.5631	-0.3330	0.0101	
53.207	1.1792	-0.2344	-0.5960	-0.6618	-0.1029	0.6532	-0.0155	
53.239	0.8834	-1.9439	0.7190	-0.4645	-0.1686	-0.0043	-0.0155	
53.241	0.6861	0.1930	0.2587	-0.4316	0.3245	0.2259	-0.0155	
53.279	1.2121	-0.2015	-0.7933	-0.0043	0.1930	-0.5960	-0.0168	
53.315	1.5409	-0.3002	-0.5303	0.2259	0.0944	0.1272	-0.0050	
53.346	1.3436	-0.3659	-0.0371	-0.1358	0.0944	0.4231	-0.0175	
53.378	1.2450	0.0286	-1.0892	-0.0371	0.0944	-0.6289	-0.0165	
53.412	0.6532	-0.0371	-0.3330	-0.5631	0.1601	-0.3001	-0.0175	
53.440	1.0149	-0.1686	0.1272	-0.5303	-0.4316	-3.0288	-0.0171	
53.442	1.2779	-0.5960	-0.2015	-0.1686	-0.1686	-0.3001	-0.0194	
53.472	0.9162	0.0286	-0.8590	-0.2673	-0.0371	-1.0563	-0.0204	
53.513	1.1464	-0.1358	-1.5494	-0.2344	-0.1358	-0.2344	-0.0185	
53.551	1.0477	0.1272	-0.1029	-0.3659	-0.0700	-0.1686	-0.0158	
53.579	0.8834	-0.7275	0.7847	-0.3330	-0.2344	0.0615	-0.0188	
53.632	0.4560	0.1930	-0.5632	-0.1686	-0.1029	0.0615	-0.0181	
53.654	0.7847	0.3245	-0.2344	-0.5303	-0.0043	-0.1029	-0.0168	
53.690	0.9162	0.1930	-0.7275	-0.4316	0.2916	-0.2015	-0.0185	
53.723	0.9491	-0.3988	0.2587	-0.1358	-0.3988	0.1930	-0.0217	
53.757	0.9491	-0.0371	-0.1686	-0.4974	0.0286	-0.3330	-0.0152	
53.796	0.9162	-0.3002	0.1930	-0.0371	-0.2673	0.2259	-0.0198	
53.829	1.0477	-0.2673	-0.8919	-0.2344	-0.1686	-0.2344	-0.0158	
53.864	0.3245	0.1272	-0.3659	-0.4645	0.1601	-0.2344	-0.0171	
53.890	0.9491	-0.7275	0.4231	-0.0700	-0.5631	0.0615	-0.0162	
53.932	0.9162	-0.1358	-0.2673	-0.2344	-0.0371	0.2916	-0.0188	
53.956	0.7519	-0.7275	0.8834	-0.1686	-0.3659	0.3902	-0.0201	
53.990	0.9162	-0.2015	-1.1549	-0.3330	0.0944	-0.8590	-0.0145	
54.030	0.6861	0.1272	-0.6618	-0.4316	0.3245	-0.5303	-0.0165	
54.063	0.7519	-0.2673	-0.5632	-0.1358	0.0286	-0.7604	-0.0148	
54.097	0.6861	-0.3988	0.2916	-0.2673	-0.1358	0.8176	-0.0188	
54.129	0.5546	-0.0371	0.1601	-0.4645	0.1601	-0.1029	-0.0155	
54.156	0.9491	0.0286	-0.6947	-0.1358	0.1272	0.4231	-0.0158	
54.189	1.0149	-0.3659	-0.1358	-0.0700	0.0944	0.5875	-0.0175	
54.223	0.8505	0.1272	-0.9577	-0.2344	0.1601	-0.4974	-0.0168	
54.263	0.9491	-0.0371	-1.7138	-0.4974	0.0944	-0.9248	-0.0148	
54.296	1.0477	-0.4974	0.6204	-0.1686	-0.3001	0.3574	-0.0178	
54.330	1.2779	0.0286	-1.0234	-0.0371	-0.2344	-0.3330	-0.0191	
54.363	1.5080	-0.4317	-0.9577	0.1272	-0.2015	-0.5631	-0.0162	
54.396	1.2121	-0.4645	0.0615	0.0615	-0.3988	0.0286	-0.0188	
54.422	1.1792	-0.2015	-0.5632	-0.1358	0.2259	-0.5631	-0.0152	
54.456	1.2779	-0.3988	-0.5960	0.0615	-0.0043	-0.4316	-0.0171	
54.496	1.1135	-0.1358	-0.2673	-0.1686	0.0944	-0.6618	-0.0168	
54.530	1.0477	-0.2673	-0.1686	-0.2344	0.2259	0.1601	-0.0155	
54.563	1.2779	-0.4317	-0.1029	-0.1686	-0.1686	-0.2673	-0.0175	
54.596	0.8834	-0.1358	0.7190	-0.3659	-0.0043	0.0615	-0.0155	
54.629	0.7847	-0.6947	0.4231	-0.3001	-0.6946	-0.0700	-0.0181	
54.631	1.2121	-0.4645	1.1464	-0.2344	0.2259	0.1930	-0.0185	
54.633	1.1792	-0.3002	-1.9768	-0.2344	0.4231	-0.2015	-0.0296	
54.635	0.5546	0.4231	-0.2673	-0.0043	0.4889	0.8505	-0.0017	
54.637	1.0806	-0.2673	0.1930	-0.1686	0.3245	1.0149	-0.0201	
54.639	0.3574	-0.2344	1.0477	-0.5303	-0.2344	0.4560	-0.0185	
54.640	1.0806	-0.9577	0.3574	-0.6618	-1.4179	-1.3521	-0.0191	
54.642	0.7847	-0.2344	0.1601	-0.1686	0.1601	-0.3001	-0.0263	
54.673	0.7847	-0.4317	0.5875	-0.3988	-0.6289	0.2587	-0.0158	
54.674	0.9820	-0.3002	0.5875	-0.2015	-0.0371	0.8176	-0.0178	
54.706	0.5546	-0.2344	0.5875	-0.5631	-0.1029	-1.2864	-0.0162	
54.709	0.6532	-0.0043	-0.3988	-0.2344	0.4889	-0.7275	-0.0152	
54.740	0.2587	0.3574	-0.1686	-0.2344	0.9820	0.0615	-0.0162	
54.781	0.6204	-0.1686	0.4560	-0.2673	-0.0700	0.5546	-0.0162	
54.813	0.7190	-0.3988	0.3902	-0.2673	0.1272	-0.2673	-0.0155	
54.845	1.0149	-0.8262	-0.0700	-0.0043	0.0615	0.3574	-0.0188	
54.878	1.1792	-0.3330	-0.9577	0.1930	-0.3659	-0.3330	-0.0158	
54.913	0.7519	-0.2015	0.5546	-0.2344	0.2587	-0.0700	-0.0175	
54.939	0.7190	-0.4317	0.4560	-0.3988	-0.2344	-0.3330	-0.0217	
54.941	0.7519	-0.1358	0.1601	-0.3001	0.2587	0.2259	-0.0145	
54.973	1.0477	-0.2673	-0.1358	-0.2015	0.1930	0.4231	-0.0293	
55.014	0.8505	0.1272	-0.9248	-0.2015	0.2916	-0.3001	-0.0165	
55.047	0.7190	0.0944	-0.5632	-0.3659	0.3574	-0.2015	-0.0148	
55.079	0.5546	0.1272	-0.1358	-0.3330	0.2587	-0.2015	-0.0185	
55.112	0.7519	-0.3002	1.0806	-0.4316	0.1930	0.5546	-0.0185	
55.145	0.8834	-0.2015	0.2916	-0.1029	-0.1686	0.7519	-0.0185	
55.173	1.1464	-0.5632	0.6204	0.0944	-0.2344	0.6861	-0.0201	
55.205	0.7519	-0.4317	0.4231	-0.3988	-0.2673	0.2587	-0.0185	
55.207	1.2779	-0.2344	-0.8590	0.2587	-0.0043	0.1601	-0.0122	
55.249	0.5875	0.7190	-0.5632	-0.0700	0.3574	-0.0371	-0.0162	
55.279	0.5875	1.0149	0.0286	-0.0371	0.1601	-0.5960	-0.0155	
55.306	0.9820	-0.4645	-0.3988	0.0944	-0.2015	-0.1029	-0.0162	
55.322	0.6861	-0.8262	-0.0043	-0.8590	-0.4316	-1.6480	-0.1858	
55.352	0.1601	0.0286	0.3574	-1.0891	0.2916	-1.4508	-0.0185	
55.382	0.5875	-0.4645	0.3902	-0.3988	-0.2344	0.2259	-0.0178	
55.412	0.6861	-0.4645	0.5217	-0.1686	0.0286	0.5546	-0.0155	
55.442	0.7847	-0.0371	0.5546	-0.3001	1.0806	1.1135	-0.0175	
55.472	0.5875	0.0286	-0.5632	-0.4974	0.0286	-0.2344	-0.0168	
55.502	0.9820	-0.4317	0.8505	-0.0043	2.3627	1.1464	-0.0171	
55.532	0.9491	-0.0371	-1.4508	-0.1029	0.2587	0.1930	-0.0194	
55.562	0.7519	-0.2673	-0.5632	-0.2015	0.5546	-0.2673	-0.0155	
55.595	1.0149	-0.1358	-0.1029	-0.3330	0.2916	0.2587	-0.0158	
55.629	1.2121	-0.4974	-0.1029	-0.2015	0.1272	0.3574	-0.0178	
55.662	0.8834	-0.1686	0.1601	-0.2015	-0.2673	0.6861	-0.0194	
55.690	0.9491	-0.3659	0.2587	-0.0700	-0.1686	0.3245	-0.0267	
55.723	0.9820	-0.6289	1.0806	-0.0371	-0.1358	0.7519	-0.0244	
55.762	0.7190	0.0615	-0.6289	-0.4645	0.0615	-0.0700	-0.0185	
55.796	0.6204	-0.2344	1.1792	-0.7933	0.1272	0.8834	-0.0402	
55.829	0.8505	0.0286	-0.8590	-0.1358	0.3574	-0.1686	-0.0165	
55.863	0.7519	-0.0371	-0.4645	-0.3659	0.3245	0.0286	-0.0171	
55.911	1.0149	-0.3002	0.0944	-0.2673	0.1272	0.3574	-0.0175	
55.940	0.8176	-0.2344	-0.7933	-0.1686	0.0615	-0.9905	-0.0162	
55.974	0.7190	0.2259	-0.4974	-0.0700	0.1601	0.1601	-0.0181	
56.012	1.2450	0.1601	-1.3850	0.1272	-0.1029	-0.3988	-0.0175	
56.046	1.0149	-0.3002	-1.1549	-0.3988	-0.3001	-0.4316	-0.0155	
56.048	0.9820	-0.3988	0.0944	-0.2344	-0.1029	-0.1686	-0.0171	
56.050	1.0806	-0.6618	-0.7933	0.2259	0.0286	0.5546	-0.0158	
56.072	0.9162	-0.3330	1.0149	-0.4645	-0.0700	0.7190	-0.0191	
56.102	0.5875	0.0944	-0.1029	-0.3001	-0.0043	-0.1358	-0.0188	
56.132	1.1792	-0.1686	-0.9577	-0.0700	-0.0043	0.2259	-0.0168	
56.162	1.1464	-0.5303	0.6532	-0.1358	0.1601	0.0944	-0.0171	
56.192	1.1464	-0.3002	1.5409	0.0615	0.0944	-0.0700	-0.0181	
56.223	0.7847	0.0944	-0.8262	-0.1358	0.4560	-1.0234	-0.0142	
56.256	0.9820	-0.5960	1.3107	-0.1358	-0.2673	1.3436	-0.0181	
56.290	0.8834	-0.4317	0.2916	-0.1358	0.0286	-0.3001	-0.0162	
56.323	1.3107	-0.3988	-0.7933	0.1930	-0.1029	-0.1029	-0.0168	
56.357	0.8176	-0.6618	0.5546	-0.3001	-0.2015	-0.0700	-0.0162	
56.391	0.7519	-0.1029	2.1984	-0.3330	0.2259	0.7519	-0.0092	
56.422	0.6532	-0.3988	-0.0043	0.0615	-0.2344	0.6204	-0.0208	
56.456	0.9491	-0.1686	0.1272	-0.3659	0.4889	0.0944	-0.0145	
56.496	0.9162	-0.5632	1.9354	0.1601	-0.2673	1.1464	-0.0148	
56.528	0.7519	-0.2015	0.4231	-0.2344	0.2587	0.5217	-0.0185	
56.562	0.7847	-0.5303	0.1930	-0.1029	-0.1358	0.4889	-0.0194	
56.597	0.9162	-0.3330	-1.2207	0.1272	-0.1358	-0.0043	-0.0191	
56.630	0.8834	-0.2344	-1.3522	0.1601	-0.1029	-0.5631	-0.0198	
56.656	0.5217	0.1601	-0.5960	-0.0371	0.0944	0.1601	-0.0211	
56.690	1.1464	-0.1358	-0.5303	0.1601	0.4889	0.3574	-0.0168	
56.722	0.6532	-0.0700	0.3574	-0.4316	0.3245	0.3902	-0.0162	
56.764	-1.2207	-0.1686	0.0944	-0.1029	0.2916	-0.3330	-0.0171	
56.798	0.2587	0.0615	0.5875	-0.4316	0.4889	0.2916	-0.0191	
56.829	1.1464	-0.5303	1.0477	-0.3001	0.2916	0.2587	-0.0178	
56.863	0.8834	-0.1358	-0.8262	-0.1029	-0.0371	0.8176	-0.0175	
56.890	-0.9577	-0.4317	1.6066	-0.2015	0.1272	0.5217	-0.0198	
56.922	1.0806	-0.1686	-0.7275	0.2916	-0.6946	0.0286	-0.0171	
56.956	0.5217	-0.1686	1.1792	-0.1686	0.0615	1.5080	-0.0122	
56.989	1.0149	-0.3988	0.0615	-0.2673	0.1272	0.9820	-0.0168	
57.030	1.1135	-0.3659	-0.5303	0.2587	-0.0043	3.5134	-0.0208	
57.062	0.4889	0.0286	0.2259	-0.2344	0.0944	0.3245	-0.0247	
57.095	1.2121	-0.2015	-0.3330	0.1272	-0.2015	0.3245	-0.0194	
57.128	0.8505	0.4889	-0.6618	0.1272	0.0944	-0.8261	-0.0162	
57.169	0.6861	0.1930	-0.5632	-0.2673	0.5546	-0.4974	-0.0214	
57.190	0.8176	0.0286	-0.2015	-0.0371	-0.0043	0.7519	-0.0257	
57.222	1.0806	-0.0700	0.0615	-0.1686	0.1930	0.3574	-0.0185	
57.256	0.8505	-0.6947	0.7519	0.0944	0.0286	0.4889	-0.0191	
57.289	1.2779	-0.5960	0.9820	0.3245	0.1272	0.6204	-0.0300	
57.322	1.0149	0.0286	-0.2015	-0.1686	0.2916	0.3902	-0.0185	
57.356	0.5546	-0.0371	0.1601	-0.0700	0.0615	0.3245	-0.0201	
57.390	0.8505	0.2587	-0.2015	-0.2344	0.6204	3.6777	-0.0185	
57.422	1.2779	-0.4974	-0.8590	0.2587	0.1601	-0.5960	-0.0165	
57.455	0.8834	0.2587	0.0286	-0.3330	0.4560	0.1601	-0.0454	
57.489	1.1792	-0.2015	0.8505	0.3574	0.0615	0.0944	0.0046	
57.530	1.0477	-0.0043	-0.2673	-0.5631	0.2587	0.5217	-0.0079	
57.562	0.9491	-0.2344	1.0149	-0.0043	0.9820	0.8176	-0.0188	
