% Time	A1	A2	A3	A4	A5	A6	
11.220	0.2587	0.3902	-0.9248	-0.0371	-0.5303	0.6861	-0.0178	
11.250	0.7190	-0.4645	-1.6809	-0.1686	-0.4974	-0.9905	-0.0178	
11.280	0.5546	-0.4645	-0.5632	-0.7275	-0.1686	-6.1848	-0.0211	
11.310	0.8505	-0.0700	-0.6289	-0.3988	0.1930	-0.3330	-0.0194	
11.340	3.9736	0.1272	-0.0043	-0.1686	-0.2015	0.8176	-0.0185	
11.370	0.4560	-0.1029	-0.5960	-0.3001	-0.0043	-0.7275	-0.0188	
11.400	0.0615	-0.5303	-0.0371	-0.7933	-0.3988	-1.2864	-0.0257	
11.430	0.3574	0.0944	-1.5823	-0.1686	-0.5631	0.1601	-0.0198	
11.460	0.7847	-0.4645	0.6204	-0.8919	-0.0700	-1.3850	-0.0198	
11.490	1.0806	0.1930	0.2259	-0.2015	0.3245	1.2121	-0.0185	
11.520	0.4560	-0.2015	0.5875	-0.3330	-0.2344	-0.4645	-0.0194	
11.550	-0.3659	-0.0371	-0.2344	-0.8261	0.0286	-1.3521	-0.0191	
11.580	0.4560	-0.3002	-1.6809	-0.3659	-1.0563	-0.8261	-0.0162	
11.610	0.8505	-0.3002	-0.7604	0.1930	0.0286	-1.9768	-0.0188	
11.640	0.8834	-0.5632	3.1517	-0.0700	0.0944	0.3902	-0.0293	
11.670	0.3574	-0.5303	0.6532	-0.3001	-0.4316	0.4560	-0.0224	
11.700	-0.1029	0.0286	-1.3850	1.7052	-0.6289	-0.6289	-0.0185	
11.730	-0.1358	0.5546	-2.8315	-0.1686	-0.7933	0.4889	-0.0162	
11.760	-2.2727	0.3574	-2.2069	-0.4316	-0.7275	0.1601	-0.0191	
11.790	0.8176	-0.8919	0.5875	-0.1029	-0.4316	0.1930	-0.0211	
11.820	0.8176	-0.0043	-2.2727	0.2587	-0.1358	-0.6289	-0.0109	
11.850	0.0615	-0.1358	-0.8919	-0.6289	-0.7604	-0.4645	-0.0247	
11.880	0.6204	-0.1686	-1.0892	0.4231	-0.1358	-1.4508	-0.0181	
11.910	0.7519	-0.3002	0.2916	-0.0371	0.3574	-1.7795	-0.0171	
11.940	1.1792	-0.3659	1.6395	-0.6618	0.9820	-0.4316	-0.0198	
11.970	0.3574	-0.6947	-0.2344	-0.4316	-0.3330	-1.1549	-0.0181	
12.000	0.9162	-1.0892	-0.3659	-0.3988	-0.8590	1.5737	-0.0231	
12.030	2.3627	-0.8919	1.5080	-0.7604	-0.2673	-0.4316	-0.0162	
12.060	-0.0043	-0.1029	-0.6618	-0.7275	-0.3659	-3.0617	-0.0171	
12.090	0.8505	-0.1686	-1.6480	-0.1686	0.0286	-0.9248	-0.0155	
12.124	1.1135	-0.5632	0.3245	0.2259	0.1930	0.3245	-0.0152	
12.150	0.0286	-0.4317	-0.5960	-0.5631	-0.4316	-2.5356	-0.0188	
12.180	0.7519	-0.7275	0.5217	-0.4645	-0.2015	-1.1549	-0.0145	
12.210	1.2779	-0.5303	-0.2015	0.3574	-1.6151	0.1601	-0.0211	
12.240	0.7519	0.1272	-1.2535	0.0286	-0.7275	0.9820	-0.0155	
12.270	0.0944	-0.2673	-0.0043	-0.5303	-0.1358	-0.6946	-0.0168	
12.300	0.6204	-0.9577	1.0806	0.1930	-0.4316	-1.3193	-0.0178	
12.330	0.6204	-0.2015	-0.8262	-0.3988	-0.1358	-0.5631	-0.0165	
12.360	0.0944	0.0944	-3.3575	-0.2673	-0.8261	-1.0234	-0.0168	
12.390	0.8834	-0.8590	-0.1686	-0.0371	0.5546	-0.8590	-0.0165	
12.420	0.3245	-0.5303	0.7847	-0.4974	-0.4974	0.3245	-0.0300	
12.450	0.4889	-0.1358	-2.2069	-0.5631	-0.7275	-0.6289	-0.0198	
12.480	0.1930	-0.0371	-1.4837	-0.0371	0.0615	-0.4316	-0.0188	
12.510	0.3902	-0.3330	0.4231	-0.4316	0.5546	0.5217	-0.0188	
12.540	0.7190	-0.1029	-4.4095	0.4560	0.1601	0.1601	-0.0237	
12.570	0.5217	-0.0371	-0.5632	-0.3988	-0.1029	-0.5631	-0.0191	
12.600	0.4889	-0.5303	-1.3522	-0.3330	-0.3330	-1.9439	-0.0178	
12.630	0.7190	-0.2344	-0.9577	-0.1358	-0.0700	-1.0891	-0.0145	
12.660	0.1930	-0.4645	-0.6618	-0.4974	-0.3659	-0.4974	-0.0168	
12.690	0.9491	-0.3988	0.2916	0.0944	0.4889	-0.1686	-0.2755	
12.720	0.4231	0.2587	-1.6152	0.2916	0.0944	0.5875	-0.0148	
12.750	0.3902	-0.8919	-2.3384	-0.4974	-0.3001	-1.8453	-0.0208	
12.780	0.4560	-0.2015	-1.2207	-0.2015	-0.0043	-0.7933	-0.0171	
12.810	1.0477	-0.5632	0.6532	0.0615	0.6532	0.4889	-0.0208	
12.840	0.9820	-0.9577	2.0340	-0.3659	0.4560	-1.2206	-0.0185	
12.870	1.1464	-0.0371	-0.7933	0.3574	-0.3988	0.4231	-0.0211	
12.900	-0.0371	-0.3659	-0.3659	-0.7275	0.9491	-0.4974	-0.0178	
12.930	0.8505	-0.3659	-1.7138	-0.1029	-0.6618	-0.1029	-0.0139	
12.960	0.3245	-0.7275	0.2259	-0.5303	-0.6618	-0.4974	-0.0194	
12.990	0.9162	-0.2673	-0.1358	0.0944	0.3245	-0.1686	-0.0102	
13.020	0.4231	-0.1029	-0.9905	-0.3988	-0.0043	-0.4645	-0.0178	
13.050	0.4231	-0.6947	-0.2015	-0.5631	-0.7604	-0.8261	-0.1062	
13.080	0.8505	-0.0043	-1.8782	-0.1686	-0.2344	-0.5631	-0.0217	
13.110	0.5875	-0.0700	0.4889	1.2779	0.0286	0.5217	-0.0191	
13.140	0.7190	-0.3988	0.7190	-0.2673	0.1601	2.2970	-0.0188	
13.170	0.8505	-0.5960	-0.5303	-0.4645	-0.3001	-4.0479	-0.0201	
13.200	0.8505	-0.6947	-0.5303	-1.2864	-0.3659	-0.6946	-0.0162	
13.230	0.7847	-1.0892	1.9354	-0.7933	0.0286	-1.1220	-0.0145	
13.260	0.2916	-0.5632	-0.3330	-0.3001	-0.7604	-0.5960	-0.0185	
13.290	0.9162	-0.2344	0.3574	-0.0371	0.2259	-0.3988	-0.0152	
13.321	0.6861	-0.5303	0.2587	-0.1358	-0.3988	-1.2206	-0.0191	
13.350	0.5546	-0.5960	-0.9577	-0.7604	-0.3659	-1.7795	-0.0165	
13.380	0.9820	-0.4974	-1.4179	-0.0043	-0.3988	-0.8261	-0.0208	
13.410	0.5546	-0.3988	0.9491	-0.3988	0.1272	1.1464	-0.0231	
13.440	0.2587	0.0615	0.1272	-0.0371	0.0286	0.4231	-0.0191	
13.470	-0.0043	-0.0700	0.7190	-0.5631	-0.0371	0.1272	-0.0145	
13.500	0.3902	-0.8590	0.1601	-0.7275	-0.4316	-1.7138	-0.0158	
13.530	0.4889	-0.0371	-0.8590	-0.1029	-0.0043	-0.1358	-0.0188	
13.560	0.7519	-0.8919	0.9491	-0.8261	-0.2344	-1.5823	-0.0194	
13.590	0.7847	-0.1358	0.2916	0.2916	0.3902	0.1601	-0.0171	
13.620	0.1601	-0.3988	0.3245	-0.4974	-0.4645	-0.3988	-0.0300	
13.650	0.0944	-0.5632	0.0286	-0.6946	-0.4316	-0.6618	-0.0194	
13.680	0.6861	-0.3659	-0.5632	-0.0371	-0.3001	-0.6289	-0.0188	
13.710	0.6532	-0.1686	-0.1686	-0.1029	0.1272	0.9162	-0.0221	
13.740	2.2970	-0.4974	-0.5303	-0.6289	-1.0234	-0.5960	-0.0194	
13.779	0.8176	-0.6618	-0.6618	-0.2673	-0.3330	-1.0563	-0.0152	
13.800	0.3902	-0.8919	1.1464	-0.6946	-0.4645	-1.5823	-0.0221	
13.830	0.7519	-0.8919	1.1464	-0.7275	-0.4974	-0.5960	-0.0237	
13.860	0.5546	0.7847	-0.4317	-0.6946	-0.1686	-0.8919	-0.0270	
13.890	-2.9302	0.1601	1.4094	-0.1358	1.1464	0.8834	-0.0385	
13.920	0.7190	0.1272	-1.5165	0.2587	-0.0700	0.1930	-0.0451	
13.950	0.6861	-0.7604	0.2259	-0.4316	-0.5631	-1.0234	-0.0425	
13.980	0.8176	-1.1878	1.7381	-0.8590	-0.0700	-2.7658	-0.0280	
14.010	0.2259	-0.3002	1.2779	-0.3330	-0.1686	0.8176	-0.0392	
14.040	0.7190	-0.3988	1.4094	-0.0371	0.0286	-3.9822	-0.0474	
14.070	1.7381	-0.5632	0.9162	-0.3001	0.5875	-0.4974	-0.0421	
14.100	0.7847	-2.1083	-0.4645	-0.3988	-0.8261	-1.6151	-0.0415	
14.130	0.0286	-0.0700	-1.2207	-0.5631	0.2587	-0.5631	-0.0398	
14.160	0.6532	-0.5632	-0.0700	-0.5303	-0.2673	-0.0700	-0.0378	
14.190	0.8834	-0.1029	-4.9355	0.2587	-0.0700	0.1272	-0.0474	
14.220	0.8834	-0.2015	-0.7275	0.1930	-0.4974	0.3245	-0.0576	
14.250	0.5546	-0.0700	-1.8782	-0.3659	-0.2344	-1.2206	-0.0346	
14.280	0.5217	-0.3988	-0.5632	-0.2015	-0.8261	0.5546	-0.0306	
14.310	0.6861	-0.3002	0.1272	-0.3001	-0.1029	-1.1878	-0.0280	
14.340	-0.0371	0.6532	-1.4837	0.0286	0.5217	0.2587	-0.0326	
14.370	0.4889	-0.5303	1.9354	-0.4974	0.3902	0.1272	-0.0260	
14.400	0.6204	0.0286	-1.0563	-0.1358	0.1601	-0.5631	-0.0290	
14.430	-0.0700	-0.0043	-1.7795	-0.2344	-2.2726	-0.1686	-0.0234	
14.460	0.1601	-0.2344	-1.4508	-0.3330	-0.3330	-1.0563	-0.0237	
14.490	0.9820	0.1272	-0.9248	0.3902	0.2587	0.9820	-0.1296	
14.520	0.6861	0.3574	-1.9439	-0.1358	0.1930	-0.9248	-0.0267	
14.550	0.3574	-0.8262	-1.5823	-0.6946	-0.5960	-0.7604	-0.0316	
14.580	-0.1358	0.3245	-1.4837	-0.2673	-0.8590	0.2259	-0.0224	
14.610	0.7519	-0.1358	-1.1220	0.0615	0.6532	-0.2344	-0.0247	
14.640	0.6861	0.2587	-1.2535	-0.0043	0.2916	0.3574	-0.0819	
14.670	0.6532	-0.5632	1.0806	-0.2344	-0.4316	0.6532	-0.0217	
14.700	0.3902	0.0944	-1.0563	0.0286	-0.0043	-0.3330	-0.0247	
14.730	0.5217	-0.3659	0.6861	-0.8261	-0.3330	-2.0425	-0.0227	
14.760	-0.0700	-0.2673	-1.5494	-0.5631	-0.8261	-0.8919	-0.0092	
14.790	0.7519	0.4560	-1.7795	-0.0043	0.2587	-0.5631	-0.0240	
14.820	0.3902	0.4889	-2.3384	0.3245	-0.1029	1.3765	-0.0224	
14.850	0.3245	-0.8919	1.0149	-0.8261	-1.2206	-0.0371	-0.0217	
14.880	-0.3330	0.0615	-1.6480	-0.2673	-0.8919	-0.1029	-0.1980	
14.910	0.6532	-0.2673	-0.4317	0.0286	-0.2344	0.4231	-0.0250	
14.940	0.3574	-0.1358	1.9354	-0.1358	0.2259	2.0997	-0.0244	
14.970	0.6532	-0.5632	0.8176	-0.1686	-0.5631	0.7519	-0.0247	
15.000	0.9162	-0.3988	-0.3002	-0.2344	-0.6618	-0.8590	-0.0254	
15.030	0.8176	-0.8919	0.7519	-1.0234	0.2259	-2.6671	-0.0208	
15.060	0.2916	-0.5960	0.9820	-0.9248	-0.1686	0.9820	-0.0208	
15.090	0.3245	0.4889	-0.5632	-0.1686	0.5875	0.0944	-0.0977	
15.120	0.2916	-0.1358	-0.0700	-0.0371	0.0286	-0.5303	-0.0549	
15.150	0.4231	-0.1686	-1.0234	-0.3001	-0.2344	-2.0754	-0.0408	
15.180	0.7847	-0.2015	-1.4837	-0.3988	-1.0891	0.1272	-0.0211	
15.210	0.6532	-0.4317	-0.7275	-0.1029	-0.7275	-1.1220	-0.0217	
15.240	0.3574	0.3902	-1.1220	0.5217	0.6532	-0.4974	-0.0168	
15.270	0.5217	-0.1029	0.5546	-0.0700	0.2259	0.3902	-0.0217	
15.300	0.5217	-0.3988	0.5217	-0.4316	-0.5631	-0.0700	-0.0221	
15.330	0.3245	-0.4317	-0.9905	0.4231	-0.6289	-0.6618	-0.0224	
15.360	0.4231	-1.2864	-0.2673	-0.7275	-0.1358	-2.3384	-0.0165	
15.390	0.5217	-0.3002	1.3436	0.0944	0.2587	0.6861	-0.0102	
15.420	0.4889	0.2587	-1.4837	0.1272	-0.0043	0.1272	-0.0139	
15.450	0.2587	-0.5632	-0.6947	-0.4974	-0.5303	-0.7275	-0.0240	
15.480	0.2259	-0.5303	0.0286	-0.5960	-0.4645	-1.4179	-0.0112	
15.510	0.7519	-0.6289	0.0944	-0.1358	-0.4316	-0.0371	-0.0214	
15.540	0.8505	0.0944	-1.1878	0.0944	0.4889	-0.3001	-0.0198	
15.570	1.0806	-0.7933	0.8505	-0.0371	-0.1029	0.1930	-0.0349	
15.600	-0.0700	-0.3659	0.2916	-0.8590	-0.3988	-0.9576	-0.0175	
15.630	0.4231	-0.7275	-0.3330	-0.5631	-0.6946	-0.8919	-0.0178	
15.660	0.7519	-0.8919	-0.0043	-0.6946	-0.0043	-5.5602	-0.0155	
15.690	0.9820	0.6861	1.8039	-0.0371	-0.1358	1.3436	-0.0191	
15.720	0.3902	-0.2673	1.3107	-0.4974	0.0615	0.4889	-0.0171	
15.750	0.5875	-0.3988	-0.8919	-0.3659	-0.3330	-1.2206	-0.0175	
15.780	-0.0371	-0.0700	-1.1878	-0.2673	-0.6289	-1.3850	-0.0208	
15.810	0.7847	0.2259	-1.7795	-0.1029	0.1272	-1.1878	-0.0171	
15.840	0.7190	-0.3988	0.7190	-0.1029	0.1930	2.2641	-0.0201	
15.870	0.0944	0.1601	-0.3002	-0.2673	0.0286	-0.3659	-0.0165	
15.900	0.2916	0.0615	-1.9439	-0.6618	-0.0043	-2.5356	-0.0194	
15.930	0.9491	-0.9248	1.2121	-0.8919	-0.4974	-1.7138	-0.0211	
15.960	0.4231	-0.2673	-2.2398	-2.1083	-0.8919	-0.9576	-0.0145	
15.990	0.6861	-0.7275	-1.8782	0.1601	0.2916	-1.2206	-0.0185	
16.020	0.1601	0.3902	-2.6014	1.0149	-0.3659	1.0806	-0.0139	
16.050	0.2587	-0.1686	-1.0234	-0.3001	-0.5631	-0.1686	-0.0175	
16.080	0.4889	-0.5632	0.5217	-0.7275	-0.2344	-0.8590	-0.0191	
16.110	0.4231	-0.2344	0.6204	-0.3001	0.1601	0.2259	-0.0168	
16.140	0.0286	0.0944	0.5875	-0.0043	0.3902	0.8834	-0.0188	
16.170	0.6861	0.0286	-1.3193	-0.1686	-0.0043	-0.4316	-0.0171	
16.200	0.5217	-1.7795	-0.2344	-0.3330	-0.4645	-0.2344	-0.0191	
16.230	0.2916	-0.4317	-0.4974	-0.4645	-0.6618	-1.1549	-0.0217	
16.260	-0.1686	-0.0371	-2.9302	-0.1686	-0.7933	0.3245	-0.0142	
16.290	0.6532	0.4231	-1.1878	0.0286	0.2587	0.0286	-0.0162	
16.320	0.0944	0.0286	-1.0234	0.0286	-0.0043	-0.1686	-0.0181	
16.350	0.3574	-0.4317	0.4231	-0.7933	-0.3988	-0.5631	-0.0234	
16.380	0.4889	-0.3330	0.4889	-0.6289	0.4231	-0.5303	-0.0158	
16.410	0.6861	-0.3330	-0.7604	-0.0700	0.0286	-1.0563	-0.0201	
16.440	1.2450	-0.5303	0.7190	0.1272	0.1272	0.7190	-0.0208	
16.470	0.7519	-0.2344	1.1792	-0.6618	0.5217	-0.4974	-0.0162	
16.500	0.0615	-0.4317	-0.2673	-0.6618	-0.3988	-0.5303	-0.0191	
16.530	-0.2344	0.2916	-1.0563	-0.8261	-0.2344	-1.3193	-0.0480	
16.560	0.3574	-0.5632	-1.5494	-2.5356	-0.6946	-1.0563	-0.0152	
16.590	0.6532	-0.2673	2.1984	0.0615	0.1272	0.5875	-0.0188	
16.620	0.3245	0.1272	-0.5303	-0.2344	0.2587	-0.2015	-0.0152	
16.650	-0.1358	-0.5632	-0.4317	-0.6618	-0.4645	-0.8919	-0.0221	
16.680	0.9491	-1.5823	1.0477	-0.7275	0.0944	-1.8453	-0.0214	
16.710	0.6204	-0.3002	-0.4645	-0.3001	-0.0700	-0.2673	-0.0158	
16.740	0.2259	-0.5632	0.7519	0.0944	0.3902	1.2450	-0.0188	
16.770	0.2916	-0.5303	-0.1358	-0.5631	-0.2673	-1.5165	-0.0171	
16.800	0.0944	-0.0371	-0.9577	-0.4645	-0.4316	-1.2864	-0.0171	
16.834	-0.5632	-0.1029	-1.8782	-0.3988	-0.1358	-1.9439	-0.0191	
16.866	0.6204	-0.5632	-0.8262	-0.3330	-0.6618	-1.0563	-0.0148	
16.900	0.5217	-0.5632	-0.5632	-0.3988	-0.5631	-0.1358	-0.0227	
16.934	0.4889	-0.7604	0.6532	-0.6618	-0.5631	-0.0371	-0.0135	
16.966	0.4231	-0.4317	-1.0563	-0.4316	-0.1358	-1.5823	-0.0191	
17.000	0.4560	-0.3002	0.6204	-0.3001	-0.3001	0.0944	-0.0191	
17.035	0.7190	-0.1029	-0.4974	-0.3001	-0.4974	-0.7933	-0.0194	
17.067	0.5875	0.0286	-0.9905	-0.1358	0.0286	0.3245	-0.0158	
17.070	0.6861	-0.3659	-2.7658	0.1272	0.0615	1.0477	-0.0309	
17.100	0.2916	-0.2344	-0.3002	-0.3001	-0.3330	-0.4974	-0.0168	
17.134	0.3574	-0.1686	-1.1220	-0.4316	-0.1029	-0.9248	-0.0198	
17.167	0.8176	-0.5632	-1.2207	-0.1686	-0.5303	-0.7604	-0.0254	
17.201	0.2259	-0.6947	0.1930	-0.3659	-0.5631	-0.0371	-0.0201	
17.234	0.4231	-0.8262	0.7847	-0.4645	-0.5631	0.1601	-0.0185	
17.267	0.5217	-0.3002	-0.4974	-0.4645	-0.6618	-0.3988	-0.0188	
17.301	0.7519	-0.6618	-0.6289	-0.4645	-0.4974	0.0615	-0.0221	
17.333	0.3902	-0.0371	-1.1549	-0.4645	-0.2344	-0.7604	-0.0306	
17.366	0.8176	-0.3330	-1.5165	-0.2344	-0.2673	-0.7933	-0.0162	
17.401	0.0286	-0.8919	-0.1029	-0.5631	-0.2015	-0.2673	-0.0188	
17.433	0.3902	-0.7275	-0.5632	-0.3659	-1.7466	-1.2535	-0.0178	
17.466	0.5875	-0.8262	-0.4317	-0.2015	-0.7604	0.0615	-0.0171	
17.500	0.2916	-0.4974	-0.2344	-0.3659	-0.5303	-1.6809	-0.0188	
17.533	0.4560	-0.6289	0.8176	-0.5303	-0.5631	-0.3001	-0.0188	
17.567	0.5875	-0.7604	-0.0371	-0.3988	-0.3988	-0.8261	-0.0175	
17.600	0.4560	-0.0371	-1.4508	-0.3330	-0.0700	-1.0891	-0.0148	
17.634	0.7847	-0.5960	-0.7604	-0.1358	-0.6618	-0.8261	-0.0171	
17.667	0.5217	-0.6618	-0.1358	-0.1029	-0.6946	-0.0700	-0.0175	
17.700	0.4560	-0.7604	0.4889	-0.3330	-0.7604	0.0286	-0.0158	
17.734	0.5546	-0.5303	-0.7604	-0.3330	-0.7604	-0.5960	-0.0240	
17.767	0.3245	-0.2673	-1.1549	-0.4316	-0.2344	-1.4836	-0.0139	
17.800	0.3574	-0.6618	1.3107	-0.5631	-0.4316	-0.1358	-0.0148	
17.834	0.5217	-0.8919	-1.1878	-0.4974	-0.0371	-1.4179	-0.0148	
17.866	0.5217	-0.6947	0.3902	-0.3659	-0.6289	-1.2206	-0.0168	
17.900	0.9491	-0.8590	0.3902	-0.7275	-0.4316	-0.6618	-0.0178	
17.932	0.3574	0.3574	-0.1029	-0.7933	-0.0700	-0.6289	-0.0162	
17.967	0.4231	-0.2673	-0.7604	-0.6289	-0.5303	-0.1029	-0.0227	
18.000	0.0944	-0.5303	-0.3988	-0.4316	-0.0371	-1.6480	-0.0145	
18.033	0.3902	-0.2344	-1.3193	-0.3659	-0.3330	-0.2673	-0.0260	
18.066	0.6204	-0.9577	-0.6289	-0.6289	-0.2015	-0.6289	-0.0148	
18.098	-0.0043	-0.2344	0.4889	-0.6946	-0.1686	-0.1358	-0.0152	
18.134	0.4231	-0.4645	-0.5303	1.0806	-0.6618	-0.6618	-0.0181	
18.166	0.5217	-0.4317	-0.8262	-0.3659	-0.1686	-0.6946	-0.0132	
18.200	0.6204	-0.4974	-0.2673	-0.4645	-0.2015	-0.8919	-0.0582	
18.233	0.3245	-0.0371	-0.1029	-0.6618	0.0615	0.0286	-0.0155	
18.268	0.7519	-0.4645	-0.9577	-0.3330	-0.2673	-0.7604	-0.0162	
18.300	0.6204	-0.1358	-0.3002	-0.1029	-0.2673	-0.6289	-0.0165	
18.333	0.6532	-0.3988	-2.7987	-0.1029	-0.3659	-3.5548	-0.0231	
18.366	0.6204	-0.7275	0.2916	-0.4316	-1.3193	-0.2015	-0.0171	
18.400	0.0615	0.0944	-1.6809	-0.5303	-0.2015	-1.4179	-0.0175	
18.433	0.4889	-0.1686	-1.2207	-0.2673	-0.4645	-1.0234	-0.0142	
18.466	0.9162	-0.8919	-0.5632	-0.0371	-0.6618	-0.7933	-0.0201	
18.500	0.5546	-0.5303	0.0944	-0.6946	0.1930	-0.5631	-0.0152	
18.534	0.9491	-0.5632	-2.6672	-0.0700	-0.5303	-1.0234	-0.0231	
18.566	0.1930	-0.4317	-1.8453	-0.3330	-0.3659	-1.3193	-0.0109	
18.599	-0.0043	0.0944	-0.3988	-0.7275	0.0615	-1.3850	-0.0175	
18.633	0.4231	-0.3330	-1.3522	-0.7275	-0.2344	-1.8124	0.0055	
18.667	0.5546	-1.2207	-1.2207	-0.4316	-0.1686	-1.0891	-0.0175	
18.700	0.4560	-0.6289	-0.8919	-0.3988	-0.4316	1.6066	-0.0211	
18.732	0.5217	-0.7604	-1.2864	-0.3988	-0.8590	0.2259	-0.0208	
18.766	0.4889	-0.2344	0.5546	-0.7275	-0.2015	0.4231	-0.0171	
18.768	0.2916	0.3574	-0.8919	0.2587	-0.3330	-1.8453	-0.0148	
18.770	1.0806	-0.3330	1.4751	0.2259	0.0286	4.4996	-0.0165	
18.773	0.5217	-0.3002	1.3765	-0.3659	0.0944	1.4094	-0.0191	
18.774	0.7847	-0.6289	0.4560	-0.2344	-0.0371	-0.0371	-0.0171	
18.775	1.0477	-0.9577	-0.1029	-0.2344	-0.4974	3.0531	-0.0162	
18.780	0.1272	-0.1686	-0.7275	-0.8261	0.0286	-1.7795	-0.0178	
18.810	0.3574	-0.1029	-1.0563	-0.3659	-0.3659	-0.7604	-0.0267	
18.840	0.7190	-0.2015	-2.2727	-0.2344	-0.3988	-2.3713	-0.0158	
18.870	0.8176	-0.7604	-0.1686	-0.1686	-0.7275	-0.6618	-0.0201	
18.900	-0.0043	0.2916	-0.9905	-0.5631	-0.2015	-1.0891	-0.0188	
18.933	0.0286	-0.3988	0.5546	-0.6289	-0.3330	0.0615	-0.0162	
18.966	0.8176	-1.0234	-0.5960	-0.2015	-0.7933	-2.0425	-0.0198	
18.999	0.2259	-0.6289	0.8505	-0.3659	-0.2015	-0.8590	-0.0208	
19.033	0.2259	-0.3988	-0.5960	-0.7933	0.1272	-1.2206	-0.0165	
19.066	0.1601	-0.0043	-3.4890	-0.6289	-0.3988	-0.6289	-0.0217	
19.099	0.5217	-0.1358	-0.8590	-0.3988	-0.1686	-1.8781	-0.0152	
19.132	0.3574	-0.6618	0.7190	-0.4316	-0.5960	0.7190	-0.0168	
19.166	0.4231	-0.4974	-0.1358	-0.4974	-0.4316	-1.1220	-0.0178	
19.200	0.3245	-0.3659	2.0340	-0.3001	-0.4645	-0.8919	-0.0148	
19.233	0.1272	-0.0371	-0.0700	-0.6289	-0.1686	-0.9248	-0.0178	
19.266	0.0286	-0.2673	1.1792	-0.6946	-0.2344	-0.9576	-0.0247	
19.299	0.5546	-0.5960	-0.8919	-0.1029	-0.8261	-0.6618	-0.0240	
19.333	0.7847	-0.3988	-1.5823	-0.3988	-0.3659	-1.5494	0.0249	
19.366	1.5409	-0.2015	-1.2864	-0.4974	-0.2673	-0.6289	-0.0198	
19.400	0.6532	0.5217	-1.7138	-0.2015	-0.3659	-2.0096	-0.0178	
19.433	0.0615	-0.1686	-0.5632	-0.8590	-0.0700	-2.2398	-0.0145	
19.465	0.6861	-0.8262	-0.5960	-0.4316	0.2916	-1.7795	-0.0158	
19.500	1.4094	-0.4645	-1.9110	-0.3330	-1.1878	-0.7933	-0.0145	
19.532	0.4889	0.2916	-2.0097	-0.2344	-0.3001	-2.7658	-0.0178	
19.566	0.4560	-0.4974	0.5217	-0.5631	-0.5631	-0.2673	-0.0171	
19.599	-0.0043	-0.2673	-0.6947	-0.6946	0.0944	0.9820	-0.0194	
19.632	0.3245	-0.6618	-0.1686	-0.4316	-1.7138	-0.5631	-0.0178	
19.666	0.0286	-0.3988	1.7710	-0.9576	-0.2015	-1.3850	-0.0188	
19.699	0.4889	-0.3330	-1.7467	-0.3330	-0.6946	-1.6151	-0.0237	
19.732	0.1601	-0.1686	-0.6289	0.6204	-0.3330	-1.1878	-0.0214	
19.766	-0.0043	0.7190	-0.9248	-0.6618	-0.3659	-1.1220	-0.0175	
19.799	0.6204	-0.8919	0.7190	-0.3659	-0.7604	0.3574	-0.0185	
19.833	0.3902	-0.3330	-0.8262	-0.6618	-1.1878	-1.0563	-0.0188	
19.866	0.2916	0.6204	0.7519	-0.8261	-0.3988	-0.3988	-0.0148	
19.899	0.7847	-0.8919	3.5462	-0.2344	-0.7604	-0.3659	-0.0132	
19.933	0.0944	-0.5632	-0.7933	-0.7604	-0.1358	-0.3001	-0.0171	
19.966	0.0286	-0.3659	-1.1878	-0.4316	-0.3988	-1.0891	-0.0300	
19.999	0.4560	-0.4317	-2.1740	-0.2015	-0.4645	-1.4508	-0.0122	
20.033	0.3902	-0.2673	-1.6480	-0.7275	-0.1029	-1.2864	-0.0168	
20.066	0.6204	-0.8919	-0.7933	-0.5631	-1.2206	-0.7933	-0.0162	
20.098	0.0944	-0.5632	0.1272	-0.7275	-0.4645	0.5875	-0.0158	
20.133	0.5546	-0.7275	1.0806	-0.3330	-0.6946	-1.0234	-0.0155	
20.166	0.4231	-0.0043	-1.9439	-0.5960	-0.2344	-1.9768	-0.0198	
20.199	0.1601	-1.1549	0.2916	-0.5631	-0.3001	-0.9576	-0.0201	
20.233	0.3574	-0.2344	0.2916	-0.6618	-0.3330	-1.1878	-0.0158	
20.267	-0.0700	-0.2344	-0.5960	-0.3001	-0.4974	-0.9905	-0.0162	
20.299	0.8834	-0.9248	-1.1878	-0.0371	-0.7604	-0.7275	0.0279	
20.333	0.5217	-0.2015	-2.0425	-0.3330	-0.1358	-4.0479	-0.0158	
20.366	0.0286	-0.5632	0.3902	-0.6946	-0.3988	-0.7933	-0.0198	
20.399	0.9162	-0.3330	-0.7933	-0.2344	-0.4974	-0.1358	-0.0204	
20.433	-0.0371	-0.0371	-0.4974	-0.7933	-0.0043	3.2504	-0.0168	
20.466	0.0944	-0.3002	-0.7604	-0.7275	0.0286	-1.8124	-0.0155	
20.499	0.8505	-0.2673	-0.3988	-0.5303	-0.3659	-0.9576	-0.0198	
20.533	0.2916	0.0944	-2.8644	-0.3988	-0.1358	-3.8507	-0.0139	
20.566	0.6532	-0.6618	-1.6152	-0.1686	-0.8590	-4.2452	-0.0194	
20.599	-0.0700	0.4889	-0.9248	-0.6946	-0.1358	-1.2535	-0.0188	
20.633	0.1272	-0.6618	-1.0234	-0.6946	-0.2673	-0.0043	-0.0181	
20.665	0.6204	0.0615	-1.0892	-0.4645	-0.5303	-1.5823	-0.0185	
20.699	0.1930	-0.2015	-0.3988	-0.4316	-0.5960	1.1464	-0.0171	
20.733	0.3245	-0.3002	0.5546	0.0615	-0.0700	0.2587	-0.0155	
20.735	0.4889	0.1272	-0.6289	0.0615	-0.4974	0.7519	-0.0194	
20.737	0.4231	0.5546	-1.9110	0.2259	0.3245	-0.6289	-0.0175	
20.739	0.6861	-0.2344	0.6204	-0.0371	-0.1029	0.3245	-0.0201	
20.740	0.8505	-0.3002	-0.6618	0.0286	-0.2344	-0.2015	-0.0158	
20.742	0.5546	-0.7275	-0.1686	-0.5303	-0.0043	-1.1878	-0.0168	
20.743	0.9162	-0.7275	0.3574	-0.9248	-2.0754	-2.3713	-0.0155	
20.760	0.1930	0.2916	-2.3713	-0.0700	-0.8919	0.6532	-0.0181	
20.790	0.3902	-0.3659	-0.9248	-0.5631	-0.3330	-1.3850	-0.0152	
20.820	0.0944	-0.0700	-1.2864	-0.5960	-0.2673	-0.8261	-0.0148	
20.850	0.6861	-0.3659	-1.2207	-2.3713	-0.3001	-1.6480	-0.0175	
20.883	-0.1358	0.0615	0.3245	-0.7933	-0.5631	-1.6151	-0.0158	
20.916	0.7847	-0.2015	-1.6480	-0.2015	-0.2344	-0.8590	-0.0083	
20.940	0.0944	-0.5632	-1.0892	-1.0234	-0.3001	-1.0563	-0.0286	
20.970	0.3574	-0.1029	-1.7138	-0.2673	-0.8590	-1.6480	-0.0178	
21.000	0.6861	-0.3002	-1.3193	-0.2015	-0.7604	-1.4508	-0.0224	
21.033	0.4560	-0.4317	-0.2344	-0.7933	-0.5631	-0.8261	-0.0191	
21.066	0.3245	-0.7604	0.6861	-0.6946	-1.0563	-0.1686	-0.0181	
21.098	0.8834	-0.1686	-2.2727	-0.2673	-0.3988	-1.6809	-0.0198	
21.132	0.5217	-0.7604	-0.2344	-0.2673	-0.8261	-0.4316	-0.0145	
21.166	0.6861	-0.9905	-0.2015	-1.8124	-0.7275	-1.1220	-0.0185	
21.199	-0.0371	-0.2015	-2.9630	-0.6946	-0.2344	-1.7466	-0.0168	
21.232	0.4889	-0.2344	-2.6343	-0.3330	-0.2344	-2.3055	-0.0158	
21.266	0.1272	-0.8919	0.1272	-0.7604	-0.3988	-6.2505	-0.0155	
21.299	0.1930	-2.2398	-0.8590	-0.6946	-0.3988	-0.9576	-0.0145	
21.332	-0.1358	0.0615	-1.0892	-0.5960	-0.2673	-1.1220	-0.0484	
21.365	0.3902	-0.3002	-0.4317	-0.7933	-0.7275	-1.4179	-0.0181	
21.399	-0.3002	-0.4645	0.6861	-0.6946	-0.3988	-0.6946	-0.0194	
21.433	0.5217	0.1272	-2.9630	-0.3659	-0.5631	-2.1083	-0.0155	
21.466	-0.1029	-0.0043	-0.8590	-0.8261	-0.2344	-1.6809	-0.0201	
21.499	0.2587	-0.2015	-0.7933	-0.4645	-0.3988	-0.2015	-0.0178	
21.533	-0.0371	-0.5303	0.3902	-0.7604	-0.6289	-0.1686	-0.0290	
21.565	0.4560	-0.0700	-5.3300	-0.3330	-0.3988	-1.7795	-0.0263	
21.599	0.5546	-0.3659	-0.6947	-0.2015	-0.9248	-0.6289	-0.0188	
21.632	0.1930	-0.6947	0.5217	-1.4179	-0.4316	-0.5631	-0.0300	
21.666	0.8505	-0.6289	-0.9577	-0.6289	-0.6618	-0.9248	-0.0148	
21.699	0.6204	-1.0563	1.2121	-0.5631	-0.5303	0.5875	-0.0155	
21.732	0.0286	-0.5632	1.3765	-0.7933	-0.2344	-0.4645	-0.0194	
21.766	0.0286	-0.3002	-0.7604	-0.8261	-0.3659	-1.0234	-0.0037	
21.799	0.0944	0.0286	-0.6947	-1.1878	-0.2344	-1.0234	-0.0155	
21.832	0.5546	-0.6289	0.7190	-0.2344	-0.8261	-0.9576	-0.0152	
21.866	0.6861	-0.9905	-0.5303	0.0944	-0.8919	-0.5303	-0.0188	
21.899	0.5546	-0.7604	-0.1358	-0.4316	-0.9576	-0.1358	-0.0964	
21.932	0.2587	-0.6289	-0.5303	-0.4974	-0.6289	-2.1411	-0.0155	
21.966	0.4889	-0.3330	-0.8919	-0.8261	-0.3988	-1.3521	-0.0181	
21.999	0.3574	-0.5632	-1.2535	-0.5631	-1.2206	-2.1740	-0.0165	
22.032	0.2259	-0.7604	1.1135	-1.4836	-0.5303	-0.4974	-0.0178	
22.065	0.4231	-0.9577	0.6532	-0.6289	-0.7275	-0.6618	0.0161	
22.097	0.7519	-0.7275	-2.1740	-0.5960	-0.3659	-1.5494	-0.0175	
22.132	0.5875	-0.5303	-1.2207	-0.2344	-0.5631	-1.1220	-0.0303	
22.166	0.1272	-0.1686	0.6204	-0.9576	-0.3988	-0.9576	-0.0132	
22.198	1.4751	-0.8590	0.1601	-0.5303	-0.9248	-0.7933	-0.0171	
22.231	1.4094	-0.0700	-1.2535	-0.6289	-1.7795	-1.0563	-0.0178	
22.265	0.5217	-0.4645	-1.6809	-0.3001	1.2450	-2.1083	-0.0198	
22.298	-0.7933	-0.2673	-1.3850	-0.4974	-0.3659	-2.1411	-0.0181	
22.332	-0.1686	-0.1686	-0.3002	-0.9576	0.1272	-1.2864	-0.0148	
22.365	-0.0371	-0.6618	-0.1029	-1.1878	-0.8261	-0.7933	-0.0201	
22.399	0.4560	-0.4974	-1.9110	-0.6289	-0.3001	-1.0234	-0.0214	
22.432	0.4231	-0.3659	-1.6480	-0.9248	-0.5631	-1.7795	-0.0313	
22.466	0.1601	-0.2015	-0.3002	-0.5631	-0.3001	-0.7604	-0.0214	
22.467	0.6204	-0.4317	0.9491	-0.5303	0.0615	-0.1686	0.0266	
22.470	0.5217	0.0286	0.8176	-0.3330	-0.8261	0.1272	-0.0168	
22.471	0.6861	-1.2864	0.9491	0.0615	0.2587	0.7847	-0.0158	
22.473	0.8505	-0.6947	0.3245	0.0615	0.1601	-1.9439	-0.0194	
22.474	0.6204	-0.1686	-0.5632	-0.0371	-0.2344	0.0286	-0.0168	
22.500	0.8505	-0.9905	0.0615	-0.1358	-0.8919	-0.4316	-0.0198	
22.533	0.7847	-0.3659	-0.7604	-0.2015	-0.3330	-1.4508	-0.0155	
22.565	0.5217	-1.0892	-0.7604	-0.2673	-0.8590	-0.4974	-0.0181	
22.599	0.3574	-0.3002	-2.8973	-0.3659	-0.2673	-1.1549	-0.0421	
22.632	0.6861	-1.5823	-1.0563	-0.2673	-1.0563	0.1601	-0.0201	
22.665	0.2587	-0.7933	0.9162	-0.1686	-0.4645	-0.5631	-0.0605	
22.699	0.6861	-0.3988	-1.4508	-0.2015	-0.5960	-1.1549	-0.0194	
22.732	0.1930	0.8505	0.5875	-0.7275	-0.3988	-2.1740	-0.0214	
22.765	0.6861	-0.8919	-0.2673	-0.5631	-0.2673	-3.1603	-0.0145	
22.799	0.3902	-0.3659	0.4560	-1.1549	-0.2015	-0.7275	-0.0142	
22.832	0.9162	-0.4974	-2.1083	-0.3001	-0.5631	-3.7520	-0.0227	
22.866	0.3245	-0.4974	-0.9905	-0.5631	-0.3988	-1.2535	-0.0158	
22.899	0.1601	0.1272	-2.3055	0.6204	-0.1686	-2.5028	-0.0171	
22.932	0.2916	-0.5632	-0.4974	-0.5631	-0.6618	-1.0563	-0.0053	
22.966	0.8834	-1.0563	-0.4645	-0.3988	-0.5631	-0.0700	-0.0194	
22.999	0.4560	-0.4317	-0.6947	-2.7986	-0.3001	-1.0563	-0.0168	
23.033	0.5546	-0.5303	0.1930	-0.8919	-0.3001	-0.6289	-0.0158	
23.065	0.3245	-0.5632	0.6204	-0.1358	-0.6946	-0.5303	-0.0162	
23.100	0.3245	-0.1686	-1.6809	-0.2673	-0.3988	-1.3521	-0.0165	
23.132	0.3245	-0.6618	0.4231	-0.6618	-0.6946	-0.3659	-0.0139	
23.166	0.2916	-0.0371	-3.4562	-0.3988	-0.4645	-1.3193	-0.0115	
23.199	0.1601	-0.3659	0.0944	-0.3988	-0.5631	8.0501	-0.0162	
23.232	-0.0700	-0.2015	-0.8919	-0.5303	-0.6289	-2.2726	-0.0171	
23.265	0.7519	-0.9248	-1.0563	-0.2344	-0.8261	-1.0891	-0.0214	
23.298	0.8834	-0.6947	-1.1878	0.0286	-0.5631	-1.1549	-0.0227	
23.332	-0.0371	-0.1686	-0.9905	-0.9905	-0.0371	-1.4179	-0.0148	
23.365	0.8176	-0.6947	-1.4837	-0.1686	-0.7933	0.1930	-0.0178	
23.399	0.6204	-1.0563	0.4560	-0.4316	-0.7275	-0.2673	-0.0191	
23.432	-0.3002	0.0615	0.3902	-0.8261	-0.2015	-0.2344	-0.0125	
23.466	0.4889	-0.3002	-1.0892	-0.5631	-0.4974	3.0202	-0.0171	
23.498	-0.2344	-0.5303	0.0286	-0.7604	-0.5303	-0.6618	-0.0221	
23.533	0.2587	-0.7275	-1.6480	-0.7604	-0.5631	-0.3330	-0.0109	
23.566	0.6861	-0.9577	-0.2673	-0.1029	-0.8590	-0.7275	-0.0194	
23.599	0.3245	-0.1686	-1.5165	-0.4645	-0.3659	-1.7466	-0.0372	
23.632	0.5217	-1.6152	-1.2864	-0.6946	-0.1029	-1.4508	-0.0194	
23.665	0.2259	-0.3330	-1.4508	0.6204	-0.3330	-1.9110	-0.0162	
23.698	0.1601	-0.0043	-2.1083	-0.5631	-0.4974	-5.1657	-0.0188	
23.732	0.8834	-0.7933	-3.1274	-0.1686	-0.7604	-1.4836	-0.0234	
23.765	0.6861	-0.3002	-1.6480	-0.5960	-0.5631	-1.4836	-0.0162	
23.798	0.4889	-0.5303	-0.9577	-0.4645	-0.5303	-1.2864	-0.0171	
23.832	0.1930	-0.0043	-1.9439	-0.2673	-0.1029	-2.5356	-0.0260	
23.865	0.0944	-1.8124	-0.1029	-0.5303	-0.7275	2.5271	-0.0211	
23.898	-0.0371	-0.3988	-2.3713	-0.2015	-0.8261	-1.6151	-0.0198	
23.932	0.7847	-0.7933	-0.9905	-2.0096	-0.8261	-1.3193	-0.0201	
23.966	-1.1220	0.0615	-0.6947	-0.7604	0.6204	-1.2535	-0.0204	
23.999	0.5875	-0.4317	-0.0700	0.3574	-0.7933	-1.4179	-0.0254	
24.032	0.1272	-0.1029	-2.3713	-0.2673	-1.0234	-1.9439	-0.0152	
24.066	0.3574	-0.2344	-1.7467	-0.5631	-0.1029	-2.9630	-0.0148	
24.099	1.5409	-0.4645	-1.3850	-0.3330	0.3245	-1.4836	-0.0211	
24.133	0.0286	-0.4974	0.0286	-0.5960	-0.3988	-1.4836	-0.0162	
24.166	-0.0371	0.1930	-0.3659	-0.9248	-0.4316	-1.8124	-0.0171	
24.198	0.2259	-0.1029	-1.6480	-2.6014	-0.2673	-1.6809	-0.0145	
24.232	0.4231	-0.6947	-0.9577	0.2587	-0.6289	-1.1220	-0.0145	
24.265	0.7190	-0.4974	-3.8835	-0.5960	-0.3330	-1.7138	-0.0060	
24.299	-0.8590	-0.3659	0.6532	-1.6480	-0.1358	-1.1549	-0.0135	
24.332	-2.1083	-0.6289	0.1601	-0.6289	-0.7933	-0.2344	-0.0211	
24.365	0.4889	-2.0097	-1.5823	-0.4316	-0.4316	-1.7795	-0.0181	
24.399	0.2587	-0.5960	-4.3109	-0.3001	-0.7604	-0.8261	-0.0313	
24.432	0.2587	-0.8262	-0.1686	-0.6618	-1.0891	-1.6151	-0.0181	
24.465	0.7519	-0.5960	-5.3300	-0.4645	-0.5631	-1.2535	-0.0263	
24.499	0.1272	-0.3988	-1.0563	-0.3988	-0.7275	3.9407	-0.0214	
24.532	0.3902	-0.4317	-1.5494	-0.7275	-0.4316	-1.4179	-0.0306	
24.566	0.3902	-0.5960	-0.5960	-0.3001	-1.0234	-1.4836	-0.0208	
24.599	0.2587	-0.6618	-0.0043	0.4560	-0.4645	-1.7138	-0.0175	
24.632	0.3574	-0.4317	0.0286	-0.6618	-0.7604	-0.3001	-0.0178	
24.666	0.3902	-0.7933	-1.0892	-0.7275	-0.3988	-0.8261	-0.0158	
24.698	0.4231	-0.6289	3.8421	-0.4316	-0.9576	-0.6946	-0.0257	
24.732	-0.2673	-0.2344	-0.3330	-0.8590	-0.4645	-1.1878	-0.0625	
24.766	0.0286	-0.2673	3.0202	-0.3988	-0.9248	-0.6289	-0.0283	
24.798	0.2587	-0.2015	-0.1686	-0.8261	-0.3001	-1.5494	-0.0188	
24.832	0.2259	1.4751	-0.3988	-0.9248	-0.1686	-2.5685	-0.0168	
24.865	0.5875	-0.5632	-0.7933	-0.9248	-0.3659	-1.8124	-0.0158	
24.898	0.0944	-0.9248	1.2121	-0.9248	1.2121	-0.8919	-0.0171	
24.932	0.5217	0.8834	-1.7138	-0.4974	-0.6289	-1.1878	-0.0178	
24.965	0.0944	-0.6618	-0.0700	0.2916	-0.4316	-2.2069	-0.0168	
24.998	0.5546	-1.0563	-2.4699	-0.3330	-0.6289	-0.4974	-0.0188	
25.032	0.2916	-0.1686	-1.5165	-0.7933	-0.1358	-2.1083	-0.0967	
25.066	0.1601	-0.1358	0.2259	-0.5631	-0.8919	0.2916	-0.0162	
25.099	0.6204	-0.2344	-2.9630	-0.3001	-0.7275	-1.9768	-0.0208	
25.132	-0.0700	-0.4317	-0.7604	-2.6343	-0.8261	-0.5631	-0.0234	
25.166	0.5217	-0.6947	-1.4508	-0.3001	-0.7933	-1.3193	-0.0204	
25.198	0.1930	-0.7275	1.2779	-1.0563	-0.5960	-0.3659	-0.0283	
25.232	0.0944	-0.4645	-0.0700	-0.4974	-0.7275	-3.3904	-0.0162	
25.266	-0.5960	0.2587	-0.9577	0.0615	-0.4316	-1.5494	-0.0185	
25.298	-0.2344	0.0944	-1.1878	-0.8919	-0.1358	-0.1029	-0.0142	
25.332	0.0944	-0.6618	-0.0371	0.6532	-0.7933	-0.7604	-0.0178	
25.365	0.5875	-0.4974	-0.7604	-0.6946	-0.1686	0.5875	-0.0102	
25.398	-0.0043	-0.4974	0.6532	-1.0563	0.3245	-0.6618	-0.0162	
25.432	0.5546	-2.5685	-0.1029	-0.6618	-0.3001	-2.0754	-0.0208	
25.465	0.0944	-0.4974	-0.1029	-0.9576	-0.2015	-1.1549	-0.0168	
25.498	0.2587	-0.9577	-1.3193	-0.6946	-0.0371	-3.6534	-0.0155	
25.532	0.3245	-0.8919	1.0477	-0.7275	-0.5631	2.0669	-0.0122	
25.565	0.2916	-0.9577	0.1272	-0.6946	-0.7604	-1.3850	-0.0148	
25.599	-0.0043	-0.2015	-0.3002	-1.0234	-0.1686	-2.8644	-0.0148	
25.631	0.4889	-0.6618	1.0477	0.0286	-0.4316	-0.7604	-0.0171	
25.665	0.7190	-0.7275	-0.3002	-0.7604	-0.3988	-2.0096	-0.0122	
25.698	0.3245	-0.7933	0.5217	-0.3988	-0.5303	-0.8919	-0.0168	
25.732	0.1601	-0.2344	-2.5357	-0.4316	-0.2015	-3.7192	-0.0171	
25.765	0.0944	-0.3988	-1.1549	1.2779	-0.1686	-1.6809	-0.0178	
25.798	0.5875	-0.7275	-1.1549	-1.1878	-0.3001	-2.0096	-0.0162	
25.831	0.1601	-0.8590	-0.1686	-0.8919	-0.4316	-0.8261	-0.0227	
25.865	0.5875	-0.4974	-1.0234	-0.6289	-0.2673	-1.8781	-0.0145	
25.898	0.3902	-0.6618	0.6532	-0.5960	-0.5303	-2.2398	-0.0362	
25.932	0.1601	-0.1029	-1.5165	-0.7933	-0.3001	-1.6480	-0.0175	
25.965	0.3245	-0.6947	-0.9577	-0.3988	-0.8261	-4.1137	-0.0175	
25.998	0.2259	-0.7933	-0.1358	-0.5631	1.0806	-2.1083	-0.0168	
26.032	0.2916	-0.4974	-0.5632	-0.7933	-0.3988	-0.9576	-0.0129	
26.065	-0.1029	0.1272	-3.9493	-0.4974	-0.5631	-1.0234	-0.0208	
26.098	-0.0043	-0.5303	4.2037	-1.0234	-0.4974	-1.1549	-0.0336	
26.132	0.4889	-0.6289	0.5875	-0.6289	-0.2015	-0.8919	-0.2321	
26.165	0.7190	-1.3522	3.6449	-1.0563	-0.4974	-2.0425	-0.1003	
26.198	0.2916	-0.3659	-0.7275	-0.5631	-0.6289	-0.7604	-0.0188	
26.231	0.1601	-0.3002	-1.1220	-0.5631	-0.7933	-0.7275	-0.0162	
26.265	0.1272	-0.2015	-2.2398	-0.4974	-0.4645	-1.2864	-0.0326	
26.298	0.4889	-0.2344	-1.0892	-0.7275	0.4231	-1.7466	-0.0162	
26.331	0.3245	-0.8262	0.8834	-0.7933	-0.6618	-1.2864	-0.1102	
26.365	0.2587	-0.1686	1.1464	-0.1686	-0.6618	-1.5494	-0.0632	
26.398	-0.0700	0.1601	-0.2673	-0.9576	-0.1686	-1.9110	-0.0185	
26.432	0.7190	-0.8919	-0.5960	-0.6289	-0.5631	-2.3713	-0.0185	
26.464	0.6861	-1.1878	0.8176	-0.8919	-0.1686	-4.3767	-0.0201	
26.498	0.6861	-0.5960	-0.7275	-0.7275	-0.1358	-1.9768	-0.0326	
26.531	0.4231	-0.0700	-4.8698	-0.4316	-0.5631	-1.1549	-0.0162	
26.565	0.3245	0.1601	-2.6014	-0.4316	-0.5303	-2.7000	-0.0185	
26.598	-0.9248	0.0286	-0.8590	-0.7275	-0.5303	-0.3001	-0.0158	
26.632	0.1601	-0.3659	-0.7604	-0.6618	-0.4316	-1.0234	-0.0257	
26.665	0.2916	-0.6947	0.6532	-0.4316	-0.8261	3.1189	-0.0162	
26.698	-0.2015	-0.4317	0.0286	-0.6618	-0.5960	-5.8232	-0.0204	
26.732	0.6532	-0.7933	-0.4645	-0.3001	-0.1686	-1.7138	-0.0510	
26.765	-0.0700	0.7190	0.1272	-0.7275	-0.5303	-1.6151	-0.0162	
26.799	-0.3002	-0.3002	-1.3850	-0.6946	-1.3521	-1.0234	-0.0129	
26.832	0.0944	-0.3002	-0.9577	-0.3330	-1.0234	-0.0043	-0.0162	
26.865	0.5217	0.0286	-2.1740	-0.7604	-0.6618	-2.8973	-0.0145	
26.899	0.3574	-0.3002	-0.3330	-1.1220	-0.3001	-1.0563	-0.0129	
26.932	0.5217	-0.6947	-0.2015	-0.6618	-0.8919	-0.6946	-0.0152	
26.965	0.2916	-0.8919	0.4889	-0.8261	-0.5303	-1.2206	-0.2627	
26.998	-0.1029	-0.0700	0.0944	-0.1686	-0.8261	-0.3988	-0.0609	
27.032	0.4231	-0.1358	-2.2398	-0.3659	-0.6289	3.5134	-0.0129	
27.065	-0.1686	-0.2673	-1.3193	-0.6289	0.8834	-0.1686	-0.0194	
27.099	-0.0371	-0.9577	-0.5632	-0.5631	-0.7933	3.0860	-0.0162	
27.132	0.7847	-0.4645	-0.3988	-1.5494	-0.4316	-1.0563	-0.0188	
27.165	-0.1029	-0.0700	-1.1878	-0.1029	-0.8590	-0.1358	-0.2509	
27.198	-0.1686	-0.0700	-1.0563	-0.5631	-0.8919	-0.1686	-0.0178	
27.231	0.8834	-1.0234	-0.0700	-0.3659	-0.0700	-2.6343	-0.2078	
27.265	0.3245	-0.5303	0.4231	-2.7000	-0.4974	-1.1549	-0.0168	
27.298	0.4889	-0.3002	-1.7467	-0.6289	-1.0234	-1.4508	-0.0165	
27.331	0.2587	-0.1358	-1.8124	-0.3659	-0.4974	-0.8919	-0.0155	
27.365	0.2587	-0.3002	-1.6152	-1.6809	-0.3001	-1.5494	-0.0129	
27.398	0.3574	-0.4317	-2.3055	0.1601	-0.5631	-1.4179	-0.1749	
27.432	-1.2207	0.1601	-2.2398	-1.9110	-0.9248	0.0286	-0.0194	
27.464	0.4889	-0.3002	-1.4837	-0.2015	-0.3001	-0.9576	-0.2167	
27.498	0.6861	-0.2015	-1.2535	-0.7604	0.0615	-1.0891	-0.0168	
27.531	0.4889	-0.0371	0.7847	-0.7275	-0.3988	-1.6809	-0.0155	
27.565	0.4560	-0.3659	-1.1549	-0.4316	-0.2673	-1.6480	-0.0148	
27.598	0.5546	1.4094	-0.7933	-0.8261	-0.0371	6.1434	-0.0181	
27.632	0.8505	-1.2207	1.2121	-0.9248	-0.2015	-4.2452	-0.0171	
27.665	-0.1358	-0.0043	-1.2207	-0.6946	-0.9248	-0.7275	-0.0152	
27.698	-0.1029	-0.2344	-1.3522	-0.3330	-0.9905	-1.5494	-0.0221	
27.731	0.5217	-0.2673	-1.6152	-0.4645	-0.4316	-1.9768	-0.0112	
27.764	0.2587	-0.5303	-0.7933	0.3245	-0.8919	-0.4974	-0.0168	
27.798	0.4231	-0.7275	-0.0043	-0.8590	-0.6289	-1.2864	-0.1401	
27.832	0.5875	-0.4974	0.4560	-0.9248	-0.1358	-1.0891	-0.0185	
27.864	0.3902	-0.3002	-3.3247	-0.3001	-0.6946	-1.5165	-0.0171	
27.898	-0.3330	-0.5303	0.5217	-0.9576	0.0944	-1.4836	-0.0175	
27.931	0.2587	-0.4974	-1.5494	-0.8261	-0.2344	-1.1878	-0.0214	
27.965	0.0286	-0.1029	-0.7933	-0.6618	-0.0043	-0.7933	-0.0168	
27.998	0.3574	-1.3193	-0.4974	-0.7604	-0.3001	-0.0371	-0.0198	
28.031	0.0944	-0.4974	-0.1686	-0.7933	0.8834	-1.1878	-0.0188	
28.065	0.5217	-0.7604	0.2916	-1.1549	-0.0700	-7.8614	-0.0181	
28.098	0.3574	-0.2344	-0.7933	-0.6289	-0.4316	-1.0891	-0.0162	
28.131	-0.1358	0.0944	-1.2864	-0.6946	-2.3384	-0.4974	-0.0122	
28.165	0.3245	-0.3330	-0.1686	-1.4836	-0.2344	-1.6809	0.0115	
28.197	0.8505	-0.6289	0.0944	-0.4974	-0.3330	-2.0754	-0.0250	
28.232	-0.7933	-0.3330	-1.0563	-0.5960	0.6532	-1.6809	-0.0158	
28.265	0.4231	-0.8262	-0.2015	-0.4645	-0.6946	4.5982	-0.0201	
28.298	0.1930	-0.3330	-0.4317	-0.8919	0.1930	-1.7466	-0.0148	
28.333	0.3245	-0.8919	3.6449	-0.9576	-0.3988	-1.6809	-0.0089	
28.366	0.1601	-0.7933	0.7847	-1.0234	-0.3330	-1.1549	-0.0129	
28.399	0.3574	-0.8262	-0.2015	-0.6618	-0.4645	-0.6618	-0.0181	
28.434	0.7519	-0.8919	-3.7849	-0.3001	-1.0234	-0.9905	-0.0188	
28.467	0.4889	-0.5303	-0.8919	-0.5960	-0.3001	-1.7138	-0.0165	
28.500	0.6861	-0.2344	-1.8124	-0.3001	-0.3001	-1.6480	-0.0168	
28.536	0.1930	-0.3002	-0.8919	-0.6289	-0.6289	0.9491	-0.0168	
28.567	0.3245	-0.4317	0.1601	-0.7604	-0.5960	-0.5631	-0.0214	
28.600	0.5875	-0.8919	0.0286	-0.1686	-0.8261	-0.5631	-0.0198	
28.633	0.1601	-0.7933	3.6120	-0.6289	-0.6289	0.1601	-0.0129	
28.667	0.1601	-0.4645	-0.4974	-0.8919	-0.3330	-1.4508	-0.0145	
28.700	0.6861	-0.5632	-0.1686	-0.2673	-0.6618	-2.0754	-0.0155	
28.734	0.7190	-0.4317	-0.9577	-0.3330	-0.4645	-2.7329	-0.0168	
28.736	0.2259	-0.0700	0.4889	-0.0371	0.1601	-0.3001	-0.1477	
28.737	0.0944	-0.6618	1.2450	-0.0371	0.1601	0.1930	-0.0165	
28.738	0.8505	-0.3988	-4.3767	0.2587	0.3245	-0.3330	-0.0102	
28.740	0.7847	-0.5632	1.6066	-0.0700	0.0944	1.0806	-0.0198	
28.741	0.5875	-0.0043	-0.4974	-0.0043	-0.1686	-1.5823	-0.0162	
28.743	0.4560	-0.5303	0.4889	-0.3988	-0.6289	-0.2344	-0.0145	
28.745	0.3574	-0.5632	-0.3988	-0.6946	-0.2344	0.8505	-0.0145	
28.747	0.8505	-0.4317	0.0944	-0.7933	-0.3659	-0.6618	-0.0175	
28.748	0.3574	-0.2344	-2.1412	-0.2344	-0.5960	6.8995	-0.0168	
28.750	0.4560	-0.3330	-1.3522	-0.2673	-0.3001	-1.7138	-0.0171	
28.752	0.3574	0.1272	-0.7933	-0.1358	-0.1029	-0.1686	-0.0076	
28.754	0.7847	-0.3659	0.4889	0.1601	0.2259	0.0944	-0.0162	
28.756	1.1135	-0.2344	-0.1029	0.0944	2.1984	0.0286	-0.0145	
28.757	0.2916	-0.1029	0.7847	1.5737	0.3245	0.6204	-0.0162	
28.759	0.5217	-0.3002	0.3902	-0.2673	0.2587	-1.6151	-0.0165	
28.761	0.2259	0.0944	-1.6152	1.2450	-0.3330	-1.5165	-0.0162	
28.800	0.3902	-0.5632	-0.1358	0.2916	-0.7604	-0.5631	-0.0188	
28.833	-0.2015	-0.2344	-0.3330	-0.9905	-0.2344	-2.2069	-0.0155	
28.866	0.4231	-0.1029	-1.8782	-0.2344	-0.4645	-1.5494	-0.0250	
28.900	0.1930	-0.1358	-0.7275	-0.4645	-0.5303	-0.8261	-0.0168	
28.934	0.5217	-0.2344	-2.1412	-0.2673	-0.4316	-1.4179	0.0006	
28.968	0.7847	-1.2864	-0.8919	-0.8919	-0.8590	-0.6618	-0.0217	
29.000	0.5875	-0.9577	0.0615	-0.2673	-0.7933	0.2259	-0.0145	
29.002	0.6861	0.0615	-1.8453	-0.3001	0.1601	-0.6946	-0.0125	
29.003	1.0806	-0.3659	1.2121	-0.3988	0.5217	-1.5165	-0.0181	
29.004	0.5217	-0.3988	-0.0043	0.2259	0.0615	-0.7604	-0.0119	
29.006	0.2916	-0.2673	1.0806	-0.2015	-0.5631	1.2121	-0.0168	
29.007	0.7519	-0.0043	-0.0700	0.1272	0.4889	0.4889	0.0029	
29.009	0.8176	-0.1029	-0.7275	0.1272	0.1930	-0.4316	-0.0148	
29.011	0.4231	-0.4645	-0.2673	-0.3330	-0.5631	-0.8919	-0.0119	
29.040	0.6861	-1.0234	-0.5303	-0.3001	-1.2864	-0.8261	-0.0158	
29.070	0.4889	-0.7604	0.1930	-0.4316	-1.0891	-0.2673	-0.0158	
29.100	0.4231	-0.4317	-1.2864	-0.3001	-0.3001	-2.2398	-0.0125	
29.130	0.2916	-0.5303	-0.4317	-1.0563	-0.4974	-1.6809	0.0976	
29.160	0.3245	0.0615	-0.2344	-0.4645	0.0944	-0.2344	-0.0250	
29.190	0.2916	-0.0043	-2.4042	-0.4974	-0.3001	-3.6205	-0.0122	
29.220	0.1272	-0.0043	-1.2864	-0.5631	-0.3001	-1.2864	-0.0254	
29.250	0.2259	-0.1358	-1.2207	-1.5165	-0.3659	-0.7933	-0.8088	
29.284	0.6532	-0.6289	-0.9248	-0.2673	-2.6014	-1.0563	-0.0168	
29.318	0.1601	-0.1686	-0.5632	-0.5631	-0.4974	-0.5631	-0.0240	
29.350	0.5546	-0.5960	0.7847	-0.6289	-0.2344	-1.1220	-0.0155	
29.384	0.2916	-0.4974	-2.8315	-0.9905	-0.2344	-0.8261	-0.0924	
29.417	0.1601	-0.7604	0.6861	-0.8261	-0.4316	-2.1411	-0.0135	
29.450	0.4560	-0.2673	-0.2344	-0.3988	-0.8590	-1.4836	-0.0162	
29.484	-0.0371	1.5409	-1.8782	-0.5960	-0.2344	-2.3384	-0.0145	
29.517	-0.2015	-0.0371	0.1930	-0.8261	-3.2260	-1.7795	-0.0175	
29.551	0.2587	-0.3988	-0.7933	-1.1549	-0.8261	-0.3001	-0.3488	
29.584	0.1601	-1.0892	-2.0754	-0.5960	-0.1358	-1.2535	-0.0132	
29.617	0.1930	-0.6947	-0.2344	-1.3193	-0.9248	0.1272	-0.0714	
29.650	-0.2673	0.0615	-1.1878	-0.8590	-0.4316	-1.2206	-0.0208	
29.683	0.0615	0.0615	-0.9905	-0.3659	-0.1686	-1.7466	-0.0122	
29.717	0.1601	-0.0371	-1.2535	-0.7933	0.0615	-3.1603	-0.0129	
29.750	0.1272	-0.2673	-1.6480	-0.8590	-0.3001	-2.3384	-0.0185	
29.783	0.2916	-0.8262	0.0944	-1.3521	-0.5303	-1.8124	-0.0139	
29.816	0.0286	0.0286	-2.9302	-0.7933	-0.3659	-2.0096	-0.0145	
29.850	0.0615	0.0615	-0.0043	-0.6618	-0.1358	-2.0096	-0.0096	
29.852	0.7190	-0.6289	0.0286	-0.2015	-0.1686	-0.2015	-0.0148	
29.854	0.0615	0.3245	-1.6152	0.1930	-0.4316	1.9025	-0.0115	
29.880	-0.0371	0.0615	-1.2207	-0.8590	-0.2673	-1.1878	-0.0162	
29.910	0.1272	2.3299	-1.7795	-0.6289	-0.2673	0.9491	-0.0178	
29.940	0.4560	-0.3002	-0.5632	0.2259	-0.8261	-1.0563	-0.0178	
29.970	0.7190	-0.3002	-2.3713	-0.3988	-0.6618	-1.2535	-0.0162	
30.000	0.1930	1.1792	0.5546	-0.8590	-0.5303	-0.9905	-0.0155	
30.034	0.0944	0.7847	-1.0892	-0.9248	-0.2344	1.1792	-0.0162	
30.067	0.1930	0.1272	0.7519	-1.0234	-0.2344	-2.1083	-0.0162	
30.099	0.0944	-0.4974	4.5654	-0.7275	-0.4974	-1.5494	-0.0086	
30.134	0.6532	0.0286	-0.8919	-0.9248	-0.1358	-2.2726	-0.0152	
30.166	0.3574	0.2259	-2.6343	-0.4316	-0.6289	-1.9768	-0.0162	
30.199	0.3902	-0.8262	-0.1358	-1.0563	-0.9905	-0.3330	-0.3896	
30.233	0.6861	-0.3330	-1.1220	-0.5303	-0.5960	-2.5685	-0.0083	
30.266	-0.5632	-0.6289	0.0944	-0.6289	-0.2673	-1.0891	-0.0188	
30.300	0.6204	-0.7275	-1.2207	-0.2344	-0.7604	-0.8919	-0.0175	
30.334	0.1272	-0.8262	0.6204	-0.8261	-0.7604	-0.1029	-0.0158	
30.367	-0.3659	0.0286	-2.3713	3.2832	-0.5303	-1.1878	-0.0135	
30.400	0.2916	-1.4508	-0.4974	-0.6618	-0.5631	2.3627	-0.0135	
30.434	0.4560	-0.8919	-0.7275	-0.6946	-0.5303	-1.1549	-0.0165	
30.467	0.1930	0.0615	-0.3002	-0.6289	-0.3988	0.1601	-0.0129	
30.500	0.3902	-1.1878	1.1792	-0.7933	-2.2398	-0.3988	-0.0132	
30.535	-0.2344	-0.1358	-0.8262	-0.2673	-0.3659	-0.7933	-0.0139	
30.567	0.0944	-0.5303	-0.9577	-0.4974	-0.5303	0.9162	-0.0171	
30.600	0.6204	-0.2673	0.1272	-1.5494	-0.1686	-1.2864	-0.0155	
30.602	0.6532	-0.3659	-0.3002	-0.4974	-0.3001	-0.3330	-0.0162	
30.603	0.3574	0.4889	-1.6152	-0.2015	0.4231	-1.7138	-0.0148	
30.630	-0.0371	-0.4645	-1.3193	-0.7275	0.2259	-1.5823	-0.0132	
30.660	0.7519	0.0286	-0.9577	-0.1686	0.2259	-0.8261	-0.0135	
30.690	-0.1029	0.2259	-4.3438	-0.3001	-0.4974	-0.5631	-0.0382	
30.720	0.8834	-0.8262	0.1601	-0.7275	-1.3850	-0.3659	-0.0181	
30.751	0.9820	-0.9248	0.5875	0.8176	-0.7275	-2.3384	-0.0168	
30.782	0.1272	-0.4317	-0.8590	-0.3659	-0.8919	-0.8919	-0.0145	
30.817	0.4889	-0.3988	-3.3247	-0.4974	-0.4316	-3.5219	-0.0244	
30.849	0.7519	-1.0563	-1.0234	-0.3659	-1.0234	-0.6946	-0.0089	
30.884	0.7519	-1.2207	1.6066	-0.8261	-0.1358	0.0944	-0.0148	
30.916	1.2779	-0.5303	-1.3850	-0.6289	-0.4974	-2.1083	-0.0148	
30.950	0.2259	-0.5960	0.3245	-0.7933	-0.6618	-2.7329	-0.0148	
30.984	0.1601	0.0944	-0.3988	-0.6946	-0.7604	-0.6289	-0.0145	
31.017	-1.9439	0.2587	-2.8315	-0.3330	-2.2069	-0.0043	-0.0129	
31.050	-0.7933	-0.1358	-0.6618	-0.8590	0.4231	-1.5165	-0.0139	
31.083	0.1601	-0.2015	-3.4890	-0.4316	-0.3988	-2.3384	-0.0073	
31.117	0.3574	-0.5632	-0.3659	-0.9576	-0.0371	-2.5356	-0.0162	
31.150	0.0286	0.1272	-5.7903	-0.2344	-0.6946	-0.0371	0.0019	
31.183	-0.9248	-0.2344	-0.4974	-0.6618	-0.4316	-0.7275	-0.0152	
31.216	-0.2344	-1.1220	0.7190	-0.7275	-0.2015	-2.1740	-0.0115	
31.249	0.6532	-1.3193	-0.9577	-0.5303	-0.7275	-0.9576	-0.0526	
31.284	0.2916	-0.7275	0.0286	-1.2535	-0.2344	-2.5356	-0.0109	
31.317	-0.0043	0.1601	-1.6152	-0.5631	-0.5303	-0.3001	-0.0211	
31.347	0.0944	0.0944	-2.1412	-0.3988	-0.4974	1.8696	-0.0158	
31.381	0.1272	0.1272	-2.9959	-0.3001	-0.5303	-0.6618	-0.0040	
31.415	0.3902	-0.1358	-0.8262	-0.6618	-0.0371	-1.0891	-0.0132	
31.447	-0.0043	1.1464	-1.5823	-0.2344	-0.6618	-1.3193	-0.0125	
31.481	0.4889	-0.4645	-0.9577	-0.2344	-0.3988	-0.8261	-0.0188	
31.514	0.6532	-0.4974	-0.0043	-0.4974	-0.1029	-1.5494	-0.0112	
31.547	0.4560	-0.2344	-0.8919	-0.4316	-0.3659	-0.7275	-0.0145	
31.582	-0.2344	-0.3659	-2.4370	-0.5631	-0.8261	-1.1220	-0.0125	
31.584	0.3574	-0.2673	-0.6289	-0.4316	-0.6289	-1.5494	-0.0168	
31.585	0.3245	-0.3659	-0.5632	-0.2673	-0.4316	-0.8919	-0.0171	
31.590	1.1135	-0.3988	-4.1137	-0.0371	0.5546	0.3245	-0.3978	
31.620	0.5217	-0.2673	-0.9248	-0.2344	-0.4974	-0.6289	-0.0162	
31.650	0.8176	-0.7275	0.4231	-0.4974	-0.1358	-1.0891	-0.0109	
31.681	0.0286	0.0615	-1.8782	-1.3193	-0.3330	-0.6618	-0.0142	
31.714	0.4560	0.1601	-1.7795	-0.2673	-0.4316	-0.3001	-0.0122	
31.747	0.2259	-0.1029	-1.2535	-0.5631	0.1272	-0.7275	-0.0089	
31.781	0.2587	0.0944	-0.9577	-0.3001	-0.6946	-0.1686	-0.0145	
31.814	0.3245	-0.0043	-1.3850	-0.3988	-0.6289	-1.7795	-0.0145	
31.847	0.6532	-0.2673	0.2587	-0.5960	-0.0043	-0.5631	-0.0142	
31.881	0.5546	-0.8919	1.1464	-0.5960	-0.2344	-0.4316	-0.0142	
31.915	0.4231	-0.5960	0.6532	-0.6289	0.5217	-0.7604	-0.0106	
31.947	0.6532	-0.2344	-1.4837	-0.2015	0.2259	0.6532	-0.0132	
31.981	0.6532	-0.6947	1.5409	-0.6289	0.0615	0.6532	-0.0109	
32.014	0.6532	-0.8262	-1.6809	-0.2015	-0.3988	0.0944	-0.0129	
32.047	0.7519	-0.7933	1.5409	-0.4974	-0.2673	-0.1358	-0.0112	
32.082	0.6204	-0.9248	0.8834	-0.5631	-0.7275	0.8505	-0.0129	
32.114	0.3245	0.1930	-1.9110	-0.2015	-0.4316	-0.2015	-0.0086	
32.148	0.5217	0.2587	-1.0563	-0.0700	-0.5631	-0.4316	-0.0165	
32.181	0.9491	-0.9248	-0.1358	-0.6946	-0.2015	-1.7795	-0.0234	
32.182	0.5546	-0.1358	-2.1412	-2.4699	-0.4645	-1.8453	-0.1033	
32.190	0.8834	-0.0371	-0.5632	0.2587	0.2916	0.0944	0.0230	
32.220	0.4560	0.0615	-0.4645	-0.2344	0.1601	-0.3330	-0.0165	
32.250	0.6532	0.0286	-1.7138	-0.2673	-0.0371	-0.4974	-0.0155	
32.281	0.1601	-0.1029	0.8176	-0.7933	-0.0043	-0.1686	-0.0129	
32.314	0.5546	-0.2344	-0.6618	-0.3659	-0.1686	-1.4179	-0.0165	
32.347	0.5875	-0.4974	0.0286	-0.3001	-0.3001	0.2259	-0.0142	
32.380	0.6861	-0.6618	0.1930	-0.3988	-0.1029	-0.3988	-0.0112	
32.414	0.7519	-0.5632	-0.0043	-0.1686	-0.5631	0.0286	-0.0139	
32.447	0.3902	0.0286	-1.8782	0.0286	-0.1029	-1.5165	-0.0122	
32.481	0.3574	0.5546	-1.7467	-0.3659	-0.0043	-1.7466	-0.0148	
32.514	0.6532	-0.1686	-0.5303	-0.3001	-0.2344	0.5875	-0.0148	
32.547	0.1930	0.1930	-1.2207	-0.4316	0.1601	-1.1220	-0.0132	
32.581	0.8176	-0.6289	-0.2015	-0.2344	-1.2535	0.5875	-0.0125	
32.615	0.2916	-0.2015	-0.1686	-0.5960	0.2259	0.0615	-0.0132	
32.647	0.2587	-0.1029	-0.1686	-0.3001	-0.1029	-0.9576	-0.0155	
32.681	0.3902	0.1930	-2.1083	-0.0043	-0.1029	-0.6618	-0.0240	
32.714	0.4889	-0.2344	-0.1686	-0.4974	-0.1358	-1.3193	-0.0132	
32.748	0.3574	-0.1686	-1.1549	-0.2015	-0.2344	-0.8590	-0.0139	
32.782	0.3574	-0.0700	-0.7275	-0.4974	0.2259	-0.8590	-0.0102	
32.814	0.3902	-0.6289	-1.1878	-0.3001	-0.9248	-2.1740	-0.0171	
32.816	0.5875	-0.5632	0.8505	-0.7933	-0.3988	2.4614	-0.0109	
32.820	0.2916	-0.0700	-0.3330	-0.3330	0.0615	-0.6618	-0.0135	
32.850	0.6532	-0.5303	-1.4508	-1.0234	-0.6618	-1.1878	-0.0181	
32.880	0.8176	-0.3659	-2.0754	-0.3330	-0.4316	-0.7604	-0.0060	
32.910	0.0944	-0.1029	-3.8835	-0.2673	-0.4974	-0.5960	-0.0487	
32.940	0.6204	0.1272	-2.6672	-0.2015	-0.0371	-1.1878	-0.0171	
32.970	0.3245	-0.0700	-0.3988	-0.7275	0.2259	-1.4836	-0.0102	
33.000	-0.0043	0.0615	0.1601	-0.6289	0.1930	-0.7275	-0.0142	
33.031	0.3574	-0.1029	-0.9577	-0.0700	-0.2344	-1.3521	-0.0066	
33.065	0.5546	-0.4645	1.1135	-0.3988	-0.3659	0.6861	-0.0171	
33.097	0.6532	-0.3002	-0.7604	-0.0700	-0.4645	-0.4645	-0.0168	
33.131	0.7190	-0.3330	-0.7604	-0.1029	-0.2015	0.1930	-0.0155	
33.165	0.6204	-0.2673	0.2259	-0.4316	-0.0700	-0.5631	-0.0122	
33.197	0.0615	0.2916	-1.0892	-0.4316	0.3245	-1.4836	-0.0129	
33.231	0.6532	-0.2015	-0.5632	-0.3330	-0.2015	-0.3988	-0.0129	
33.264	0.1930	-0.0043	-1.6809	-0.5631	-0.2673	-6.7766	-0.0125	
33.270	0.7519	-0.6947	0.2587	0.0286	-0.6289	-0.4645	-0.0162	
33.300	0.9491	-0.4974	-0.5303	-0.0043	-0.3988	-0.2344	-0.0125	
33.331	0.4231	-0.4974	0.2587	-0.4316	-0.0700	1.7052	-0.0119	
33.365	0.3574	-0.0043	-0.6618	-0.3001	-0.0700	-0.5631	-0.0122	
33.397	0.5875	0.0615	-1.6152	-0.3988	-0.1686	-1.2535	-0.0125	
33.431	0.6204	0.2259	-2.1083	-0.2673	-0.0371	-1.3193	-0.0162	
33.465	0.3574	0.1272	-1.0234	-0.5631	0.2916	-0.2344	-0.0129	
33.497	0.4231	-0.5632	1.6066	-0.5960	-0.3001	-1.4508	-0.0129	
33.531	0.9820	-0.6618	-0.3659	-0.2015	-0.4645	0.3902	-0.0020	
33.564	0.5546	-0.1029	-1.5823	-0.0371	-0.3659	-0.9905	-0.0171	
33.597	0.1272	-0.0700	0.3574	-0.6618	-0.0371	-1.1549	-0.0125	
33.631	0.2587	-0.0043	-1.1549	-0.2344	-0.2344	-1.1220	-0.0372	
33.665	0.0944	-0.2015	0.9162	-0.4316	-0.3659	0.3574	-0.0122	
33.697	0.1601	0.0615	-0.0371	-0.6289	0.0615	-1.8124	-0.0109	
33.731	0.2259	0.0286	0.3574	-0.6289	0.0286	0.1601	-0.0158	
33.764	0.8505	-0.5632	-0.0700	-0.1686	-0.4974	0.5875	-0.0162	
33.797	0.3574	-0.1358	-0.9248	-0.3330	-0.0700	-0.5631	-0.0139	
33.831	0.5217	-0.5632	0.7847	-0.5631	-0.2673	0.0944	-0.0142	
33.865	0.3902	-0.1686	0.0286	-0.4974	-0.0043	0.3902	-0.0119	
33.897	0.6204	-0.2344	-0.8919	-0.1029	-0.3330	-0.8261	-0.0112	
33.931	0.1930	0.2259	-0.7275	-0.3001	-0.2344	-0.3659	-0.0148	
33.965	0.7847	-0.1686	-1.3522	-0.2015	0.0944	-1.2535	-0.0089	
33.997	0.6532	-0.1029	0.6204	-0.6289	0.1601	0.3574	-0.0092	
34.031	0.0615	-0.0371	0.3902	-0.5303	0.0286	0.1272	0.0046	
34.064	-0.1358	0.2916	-0.3002	-0.1358	-0.8919	-1.3193	-0.0069	
34.066	0.2916	-0.2015	-0.5632	-0.6289	-0.6946	5.3544	-0.0158	
34.068	0.6861	-0.8262	-0.1686	-0.2344	-0.9576	0.0944	-0.0145	
34.080	0.4889	-0.5303	0.9491	-0.6618	-0.1686	-0.0371	-0.0115	
34.110	0.4889	0.0286	-1.2864	-0.1686	0.0286	-0.8590	-0.0119	
34.140	0.2916	0.0944	0.2259	-0.7275	0.0944	-0.1029	-0.0115	
34.170	0.8176	-0.5960	-0.3002	-0.1029	-0.3001	-0.1686	-0.0066	
34.200	0.1930	-0.3659	-0.4317	-0.5631	-0.6946	-1.3850	-0.0132	
34.230	0.5875	-0.2673	-0.1029	-0.3001	-0.1358	0.0944	-0.0158	
34.260	0.4889	-0.2015	-0.2344	0.0286	0.2916	0.7519	-0.0155	
34.290	0.7847	-0.4317	-0.4974	-0.1686	-0.2344	0.0615	-0.0148	
34.320	0.7190	-0.3659	-0.7275	-0.2015	-0.2015	-0.6618	-0.0152	
34.350	0.3902	-0.5303	-0.4317	-0.3330	-0.2015	-0.2673	-0.0171	
34.380	0.4560	-0.2015	-0.5632	-0.3001	0.0286	-0.6618	-0.0106	
34.414	0.2259	-0.3988	0.9820	-0.2344	-0.4974	0.6532	-0.0139	
34.447	0.3245	-0.2015	-0.5632	-0.3001	-1.4508	-0.3988	-0.0119	
34.470	0.4231	-0.3330	0.4560	-0.7275	-0.0043	0.1272	-0.0145	
34.500	0.4889	0.1930	-1.3522	-0.4645	0.3902	-0.6289	-0.0109	
34.531	0.3902	0.0944	-1.1220	-0.4974	-0.2344	-0.7604	-0.0106	
34.565	0.3574	-0.5632	0.4889	-0.3330	-0.2015	0.4889	-0.0148	
34.597	0.4889	-0.0371	-0.9248	-0.3001	0.0286	-0.5631	-0.0145	
34.631	0.3574	-0.3002	-0.0371	-0.3330	0.0615	-0.6618	-0.0109	
34.664	0.1272	-0.2673	0.6861	-0.4645	-0.1686	-0.7604	-0.0162	
34.697	0.3245	-0.2673	0.3902	-0.6618	-0.1029	0.1930	-0.0142	
34.730	1.0477	-0.3002	-1.4179	-0.2015	-0.7275	-0.4974	-0.0132	
34.765	0.4231	-0.2015	-0.4974	-0.1358	-0.2344	-0.5631	-0.0158	
34.797	0.4231	-0.3330	1.0149	-0.4974	-0.1029	0.2916	-0.0168	
34.831	0.7847	-0.4645	-0.3659	-0.5631	-0.2344	-0.3001	-0.0148	
34.864	0.8176	-0.3002	-1.3522	-0.1029	-0.1029	-1.5494	-0.0125	
34.897	0.3902	-0.0371	-0.5632	-0.3330	0.1601	-0.7933	-0.0142	
34.930	0.4560	0.0615	-1.1220	-0.5303	0.1601	-0.8919	-0.0109	
34.964	0.3902	-0.2344	0.7519	-0.4645	-0.0371	0.3245	-0.0165	
34.997	0.4889	-0.3330	-0.5632	-0.0043	-0.2344	-0.7604	-0.0109	
35.031	0.3245	-0.0043	0.3574	-0.6289	0.0286	0.2916	-0.0129	
35.064	0.3902	-0.5960	1.1792	-0.2673	-0.4974	0.5217	-0.0148	
35.097	0.2587	-0.3330	0.2916	-0.3330	-0.3001	-0.1358	-0.0132	
35.131	0.6532	-0.5632	-0.0371	-0.2673	-0.3001	0.2259	-0.0119	
35.164	0.7847	-0.1686	-0.6289	-0.1358	-0.0700	-0.2344	-0.0132	
35.197	0.5546	0.0286	-0.8919	-0.4645	-0.0371	-0.5960	-0.0112	
35.231	0.3902	-0.2673	-0.6947	-0.1686	-0.1686	-0.4974	-0.0201	
35.264	0.3245	-0.2344	-0.1029	-0.4316	0.0286	-0.3330	-0.0142	
35.297	0.8505	-0.3330	-1.1220	-0.1029	-0.1358	-0.8261	-0.0119	
35.331	0.3245	-0.4645	0.9162	-0.6289	-0.2015	0.5546	-0.0162	
35.364	0.6861	-0.6947	-1.1549	-0.1686	-0.1686	-0.5631	-0.0155	
35.398	0.4231	-0.0043	-0.4645	-0.4974	0.1272	-0.1686	-0.0115	
35.431	0.8176	-0.6618	-0.2015	-0.0700	-0.2673	-0.3330	-0.0273	
35.464	0.2916	-0.1029	-1.1878	-0.3330	0.0615	-0.7275	-0.0129	
35.497	0.9162	-0.3002	-0.3988	0.1601	-0.1029	0.0944	-0.0129	
35.530	0.4231	-0.3002	0.0944	-0.3330	-0.1358	-0.3330	-0.0115	
35.564	0.3245	0.0286	0.7519	-0.5303	0.2259	0.4560	-0.0142	
35.597	0.6861	-0.3002	-0.0700	-0.1358	0.1930	-0.1686	-0.0145	
35.629	0.1601	-0.1029	0.8834	-0.3988	-0.5303	-0.0043	-0.0145	
35.664	0.1930	0.3574	-2.1412	-0.2673	-0.4316	-1.2535	-0.0109	
35.666	0.5875	-0.9577	0.3902	-0.7275	-0.8919	-1.1549	-0.0148	
35.668	0.2916	-0.0700	-2.3055	-0.4645	-0.4316	-1.4179	-0.0165	
35.669	-0.0043	-0.1029	-0.3988	-0.6618	-0.0371	-0.8590	-0.0139	
35.671	0.1272	0.0944	-0.9577	-0.4316	0.0615	-0.2344	-0.0139	
35.700	0.4889	-0.4974	-0.1358	-0.3001	0.0615	-0.4645	-0.0132	
35.731	0.5217	-0.5632	0.2587	-0.1029	-0.4974	-0.1358	-0.0125	
35.764	0.3574	-0.3659	0.2916	-0.3988	0.0615	0.2259	-0.0109	
35.797	0.3902	-0.3659	0.9162	-0.3330	-0.0371	0.4889	-0.0162	
35.830	0.5546	0.2259	-1.2207	-0.3001	0.3574	-0.5303	-0.0115	
35.864	0.8834	-0.5632	-0.9577	-0.0371	-0.1686	-1.7466	-0.0122	
35.897	0.2916	-0.0043	-0.5303	-0.3659	0.0615	-0.1029	-0.0102	
35.931	0.5217	0.1272	-0.3330	-0.4645	-0.1686	-0.3988	-0.0129	
35.964	0.3574	-0.0371	0.0286	-0.4645	0.0944	-0.1358	-0.0135	
35.997	0.5217	-0.6289	0.8505	-0.2015	-0.4316	0.2259	-0.0162	
36.031	0.5546	-0.1358	-0.9905	-0.1686	0.1930	-1.3521	-0.0122	
36.064	0.5875	0.1930	-1.0234	-0.3988	0.3902	-0.2673	-0.0089	
36.096	0.4231	-0.3988	-0.1358	0.0944	-0.5303	0.8176	-0.0165	
36.129	0.8176	-0.3002	-1.1549	-0.0043	-0.0371	-0.6618	-0.0191	
36.164	0.5875	-0.2015	0.0615	-0.1686	-0.0043	0.5546	-0.0175	
36.197	0.1601	0.0615	0.0944	-0.3001	0.1601	0.0615	-0.0122	
36.231	0.4231	0.0944	-1.8782	-0.3659	0.2916	-0.5631	-0.0092	
36.264	0.4231	-0.2673	1.0477	-0.3330	-0.0700	1.1135	-0.0171	
36.297	0.7190	-0.2344	-0.2344	-0.1029	-0.2673	0.0944	-0.0204	
36.331	0.6532	-0.3988	0.1930	-0.2344	-0.0371	-0.2673	-0.0148	
36.364	0.2916	0.0615	-0.6947	-0.3988	0.1272	-0.5960	-0.0129	
36.398	0.4889	-0.2344	0.4889	-0.4645	-0.1029	0.3902	-0.0125	
36.431	0.4560	0.0615	-1.1220	-0.3001	0.1601	-0.1686	-0.0109	
36.464	0.6532	-0.3002	-0.5632	-0.3330	0.0286	-0.2344	-0.0122	
36.497	0.2587	-0.0700	-0.2015	-0.3330	-0.1029	-0.3988	-0.0194	
36.531	0.3902	0.0944	-0.3659	-0.3330	0.1272	0.0944	-0.0158	
36.563	0.7847	-0.3002	-0.3002	-0.1686	0.3574	-0.2344	-0.0122	
36.597	0.6532	-0.1358	-0.1358	-0.1686	-0.1029	-0.2344	-0.0112	
36.630	0.6204	0.0615	0.0944	-0.2673	0.1930	0.4560	-0.0125	
36.663	1.0149	-0.1029	-1.6809	0.0944	0.1930	-0.4316	-0.0142	
36.697	0.8505	-0.2015	-1.2207	-0.2344	0.0286	-0.8261	-0.0178	
36.730	0.4231	0.1272	-0.9577	-0.3001	0.2916	-0.3001	-0.0030	
36.764	0.1930	-0.0371	-1.7795	-0.3659	-0.4316	-0.7604	-0.0139	
36.766	-0.2673	0.0944	-1.0892	-2.5685	-0.1358	-1.4508	-0.0142	
36.768	0.3245	-1.1549	0.2916	0.6204	-0.4974	-1.1878	-0.0139	
36.770	0.4231	0.0944	-1.7795	-0.4645	-0.0043	-1.1878	-0.0139	
36.780	0.2587	-0.4974	0.7519	-0.4316	-0.2344	-0.3001	-0.0139	
36.810	0.6861	-0.6618	0.9491	-0.1358	-0.1686	0.4231	-0.0132	
36.840	0.5546	-0.5303	-0.0700	-0.3330	-0.1358	-1.1549	-0.0155	
36.870	0.3902	0.2587	-0.4974	-0.4974	0.3902	-0.2344	-0.0145	
36.900	0.6532	-0.1029	-1.1878	-0.2673	0.1272	-0.5303	-0.0109	
36.931	0.5546	-0.6289	0.9162	-0.2344	-0.2344	0.7519	-0.0129	
36.963	0.7847	-0.5303	-0.0043	-0.1358	-0.1029	-0.5303	-0.0076	
36.997	0.7519	-0.2344	-1.1549	-0.1686	-0.0700	-0.2673	-0.0168	
37.031	0.4560	-0.1029	0.0615	-0.5303	-0.1686	0.0615	-0.0132	
37.064	0.3245	-0.0371	0.7847	-0.5631	-0.0371	0.6861	-0.0135	
37.097	0.7847	-0.5303	-0.5960	-0.3659	-0.2015	-0.1686	-0.0155	
37.131	0.4231	0.0286	-0.3002	-0.3330	0.2916	-0.2344	-0.0129	
37.164	0.5875	-0.1686	0.2587	-0.3659	0.0286	0.6532	-0.0142	
37.197	0.2916	0.6204	-0.1686	-0.3659	0.4560	0.0944	-0.0135	
37.230	0.3574	-0.3988	1.2450	-0.3330	-0.1358	1.0149	-0.0148	
37.263	0.4889	0.1272	-0.7933	-0.2344	0.1601	0.0615	-0.0125	
37.297	0.2259	0.1272	0.0944	-0.3988	0.0615	0.1601	-0.0132	
37.330	0.3902	-0.0371	0.3902	-0.5303	0.1601	0.4231	-0.0148	
37.364	0.6532	-0.3659	0.4560	-0.3659	-0.1029	1.1135	-0.0175	
37.397	0.7190	-0.2673	-0.6618	-0.1358	0.1272	-0.2015	-0.0145	
37.430	1.0149	-0.6289	-0.4974	-0.1358	-0.0043	0.4889	-0.0109	
37.463	0.5875	-0.0371	-0.5632	-0.1686	0.2259	-0.6946	-0.0129	
37.497	0.5217	-0.2673	0.1272	-0.2015	0.1272	-0.2673	-0.0112	
37.530	0.7847	0.3574	-1.5823	-0.0043	0.1601	-0.6289	-0.0145	
37.564	0.8176	0.0615	-0.9577	-0.1686	-0.2015	0.1930	-0.0162	
37.597	0.8505	-0.3002	-0.7604	-0.1029	-0.1358	-0.1358	-0.0125	
37.630	0.4889	0.0286	-0.2015	-0.1029	-0.0371	0.2916	-0.0152	
37.664	0.5875	-0.2673	-0.4317	-0.2673	0.1272	-0.2015	-0.0139	
37.697	0.7519	-0.3659	-0.3002	-0.1358	0.0286	0.0286	-0.0122	
37.730	0.4889	0.1272	-0.7275	-0.1686	-0.0700	-0.0043	-0.0132	
37.764	0.6861	-0.1686	-1.0892	0.0615	0.1272	-0.9248	-0.0142	
37.797	0.6204	-0.7604	0.8505	-0.2344	-0.4316	0.1930	-0.0135	
37.831	0.6532	-0.6289	1.0477	-0.2673	-0.0371	0.2259	-0.0119	
37.864	1.0477	-0.2344	-1.1220	0.1601	-0.0700	-0.1358	-0.0152	
37.897	0.6532	-0.3002	-0.2015	-0.4645	-0.1686	0.1272	-0.0129	
37.931	0.3902	-0.3002	-0.0043	-0.1686	-0.0043	-0.7933	-0.0152	
37.964	0.7847	0.1930	-1.7467	0.2916	0.0944	-0.2015	-0.0165	
37.996	0.4560	-0.2344	1.3107	-0.3001	0.0286	0.7190	-0.0083	
38.030	0.6204	-0.4317	0.4560	-0.1358	0.1601	-0.4645	-0.0152	
38.063	0.3574	-0.0371	0.3902	-0.2344	0.2916	0.4231	-0.0152	
38.096	0.5217	0.0944	0.0944	-0.3659	0.1930	0.4231	-0.0129	
38.130	0.5217	-0.2344	-1.1220	-0.0043	0.3574	-1.4179	-0.0148	
38.163	1.1464	-0.4317	-0.7933	0.1272	-0.1358	0.4889	-0.0158	
38.197	0.5875	-0.2673	0.2259	-0.0700	-0.3001	1.8039	-0.0178	
38.230	0.4560	-0.0043	-0.0043	-0.2015	0.0286	0.3902	-0.0155	
38.263	0.4889	-0.3988	0.5546	-0.3001	0.1601	-0.2344	-0.0115	
38.266	0.3574	-0.5303	0.0286	-0.7933	-2.0425	-1.3521	-0.0115	
38.268	0.2259	-0.5632	-3.1932	-0.7275	-0.6618	-0.4316	-0.0158	
38.270	0.4231	-0.3002	-0.5303	-0.3659	-0.2344	-0.6289	-0.0158	
38.272	0.3902	0.4231	-0.5960	-0.1358	0.0944	0.9820	-0.0122	
38.280	0.3245	0.2587	-1.1878	-0.4974	0.1272	-0.7604	-0.0125	
38.310	-1.3850	-0.0371	-0.7604	0.1930	0.5217	-0.1686	-0.0152	
38.340	0.6532	-0.0043	-1.2535	0.0615	0.0944	-0.5631	-0.0162	
38.370	0.4889	0.2259	-0.9248	-0.0043	0.1930	-0.8261	-0.0129	
38.400	0.5546	-0.3659	-0.0043	-0.0043	-0.2344	-0.9576	-0.0152	
38.430	1.0149	-0.0700	-0.1029	-0.3988	0.1930	0.0944	-0.0112	
38.463	0.5875	-0.1686	0.6861	-0.3988	0.1272	-3.6863	-0.0109	
38.496	0.4560	-0.1686	0.1930	-0.2015	-0.1358	0.2916	-0.0290	
38.530	1.0477	-0.2344	-0.5960	0.3574	-0.1686	-0.3001	-0.0152	
38.563	0.1601	0.0944	0.7519	-0.5960	0.2587	0.4560	-0.0102	
38.597	0.6532	-0.2015	-0.3330	-0.4316	0.0615	0.6204	-0.0027	
38.631	0.3574	-0.1358	-0.0371	-0.2015	0.1930	-0.2673	-0.0129	
38.663	0.8176	-0.4317	0.6532	-0.1029	-0.4645	0.3574	-0.0145	
38.696	0.8834	-0.4645	-0.5632	-0.1358	0.0286	0.5546	-0.0119	
38.730	0.4560	-0.0371	-0.6289	-0.4974	0.1930	0.2259	-0.0109	
38.764	0.6861	-0.2673	-0.3002	0.1272	0.2259	-0.5303	-0.0106	
38.797	0.7847	-0.3988	0.3574	-0.2673	-0.0371	0.8176	-0.0139	
38.830	0.2916	-0.1358	1.1464	-0.3988	0.1930	0.7519	-0.0135	
38.864	0.3574	0.9491	-0.3988	-0.2344	0.2259	0.4231	-0.0155	
38.896	0.6861	0.1272	0.1272	0.0286	0.3574	0.0944	-0.0139	
38.930	0.6204	0.0286	0.3574	-0.3988	0.3902	0.2916	-0.0106	
38.963	0.4560	-0.0043	-0.3002	-0.2344	-0.0700	-0.4645	-0.0122	
38.997	0.3902	-0.1358	-0.2344	-0.1029	-0.1358	0.0286	-0.0132	
39.031	0.5217	-0.4974	1.9682	-0.3330	0.0286	0.8834	-0.0142	
39.063	0.9162	-0.6618	0.3902	-0.0043	-0.0371	0.5217	-0.0155	
39.097	0.5875	-0.3988	0.3902	-0.1358	-0.2344	0.4231	-0.0122	
39.131	0.9491	-0.1686	-1.4837	0.0615	-0.0043	0.3902	-0.0152	
39.163	0.6861	-0.0371	-1.9768	-0.2015	0.1930	-0.7933	-0.0191	
39.197	0.7519	-0.1029	-0.6947	0.2916	0.1272	-0.5960	-0.0329	
39.230	0.8505	-0.1358	-0.4645	-0.3988	0.2259	0.0944	-0.0132	
39.263	0.4889	-0.1029	0.5875	-0.4316	0.2587	1.2121	-0.0142	
39.297	0.5875	-0.1686	0.6204	-0.2673	-0.3659	0.7519	-0.0152	
39.331	0.6204	-0.3659	-1.0563	-0.1358	-0.0371	0.3902	-0.0145	
39.363	-0.0043	0.0286	0.1272	-0.4645	0.1601	0.3245	-0.0125	
39.396	0.3902	-0.1029	0.8505	-0.4645	0.3245	0.5217	-0.0139	
39.430	0.5546	-0.5303	0.9162	-0.1686	0.0286	0.7190	-0.0148	
39.464	0.3574	0.1272	-0.4317	-0.3659	0.3245	-0.1029	-0.0096	
39.498	0.2587	-0.1686	0.0286	-0.2673	0.1601	-0.3988	-0.0129	
39.530	0.9491	-0.4317	0.2916	-0.2673	0.6861	0.7190	-0.0109	
39.564	0.3902	-0.2673	-1.0892	-0.4974	-0.7604	-0.2015	-0.0119	
39.599	0.3574	-0.3002	0.2916	-0.6289	0.2259	-0.3001	-0.0109	
39.631	0.5546	-0.6618	0.8834	-0.1686	-0.4645	0.5875	-0.0178	
39.664	0.2587	-0.5303	0.4231	-0.6946	0.0286	-0.7604	-0.0119	
39.699	0.3574	-0.3988	-0.9248	0.6532	-0.1686	-1.6151	-0.1072	
39.700	0.6861	-0.1686	-0.7604	-0.0043	0.0944	-0.4974	-0.0155	
39.731	0.6532	-1.2207	1.6395	-0.6946	-0.0371	-4.4095	-0.0096	
39.733	-0.9577	-0.0700	-2.0754	-0.5631	-0.4316	-0.1358	-0.0132	
39.734	-0.0043	0.4560	-2.8644	-0.5631	-0.1029	0.5217	-0.0132	
39.737	0.2259	-0.6289	-0.4645	-0.2344	-0.5303	-0.6289	-0.0165	
39.750	0.5875	-0.4317	-0.9577	-0.5631	-0.3988	-0.8590	-0.0329	
39.780	0.9820	-0.4317	-1.2207	-0.0371	-0.0043	0.0286	-0.0125	
39.814	0.7847	-0.3659	0.2259	-0.3988	0.2587	0.4231	-0.0145	
39.846	0.0615	0.1601	0.2259	-0.4316	0.2259	-0.1029	-0.0106	
39.880	0.6861	-0.4974	-0.6289	-0.3001	0.0944	-0.1358	-0.0142	
39.914	0.7847	-0.3988	-0.5303	0.0286	-0.1029	-0.3659	-0.0132	
39.947	0.7519	-0.5303	-1.2207	-0.2344	-0.1358	-0.6946	-0.0129	
39.981	0.9162	-0.2015	-0.7604	0.0944	-0.1686	-0.3330	-0.0125	
40.014	0.6532	-0.3659	0.6204	-0.0371	-0.2015	0.2916	-0.0175	
40.047	0.2916	0.0944	0.2259	-1.7138	0.2587	0.1272	-0.0237	
40.079	0.1930	0.0286	0.9491	-0.4974	0.1930	-0.1029	-0.0155	
40.113	0.7847	-0.2344	1.1792	-0.0371	-0.0371	2.3299	-0.0155	
40.145	0.3902	-0.6618	0.9491	-0.0371	0.1601	0.3902	-0.0152	
40.180	0.1272	-0.0043	0.7519	-0.4645	0.2916	0.2916	-0.0119	
40.213	0.3245	-0.1686	-0.2673	-0.3659	0.5217	0.8505	-0.0155	
40.246	0.3902	-0.1358	-0.7933	-0.0371	0.0944	-0.1029	-0.0296	
40.279	0.8834	-0.4974	0.5875	-0.3001	0.2259	1.0806	-0.0112	
40.314	0.6204	-0.4317	-0.2673	-0.2015	0.1272	-0.2673	-0.0158	
40.347	0.4889	-0.5303	0.2587	-0.3659	-0.1686	-0.2344	-0.0115	
40.381	0.6861	0.1272	-0.8919	-0.1686	0.0944	-0.2344	-0.0148	
40.414	0.4889	-0.2015	0.4231	-0.2015	-0.0043	0.7519	-0.0145	
40.447	0.6532	-0.1029	-1.0892	-0.0043	0.3245	-0.7275	-0.0129	
40.480	0.6532	-0.1029	0.0286	-0.1358	0.1601	-0.3001	-0.0125	
40.513	0.7519	-0.4645	-0.0700	-0.0043	-0.0371	-0.2015	-0.0155	
40.547	1.0806	-0.3330	-1.0563	0.0615	-0.1686	0.1601	0.0105	
40.580	0.7190	-0.3988	-0.2344	0.1601	-0.3988	-0.1029	-0.0162	
40.614	0.2259	0.1272	-0.2673	-0.3988	0.2259	0.5546	-0.0171	
40.646	0.5875	-0.3330	0.2587	-0.4645	0.0286	0.3902	-0.0132	
40.681	1.6395	-0.0371	-1.4837	0.2259	-0.1358	-0.3330	-0.0139	
40.713	0.5546	-0.1029	-0.3002	-0.0700	-0.1686	0.2916	-0.0158	
40.747	0.4889	-0.3659	0.6204	-0.4645	-0.0700	0.3902	-0.0155	
40.781	0.7847	-0.2015	-0.1029	-0.2015	-0.0043	0.3574	-0.0125	
40.813	0.1930	0.2916	-0.3988	-0.4645	0.6204	-0.2015	-0.0132	
40.847	0.6861	-0.6947	0.9820	-0.2015	-0.1029	0.2587	-0.0237	
40.881	0.3902	0.1930	-0.6618	-0.3659	0.4231	-0.1358	-0.0106	
40.913	0.3902	-0.1029	0.7847	-0.4645	0.3245	0.4889	-0.0139	
40.946	0.5546	-0.5960	0.7847	-0.2015	-0.2015	0.7847	-0.0106	
40.980	0.7190	-0.5303	0.5217	-0.0371	0.2916	-0.1029	-0.0158	
41.013	0.5546	-0.0700	-0.7604	0.0944	-0.2673	0.2916	-0.0194	
41.047	0.6204	-0.2673	0.0944	-0.1358	-0.0043	-0.1686	-0.0125	
41.081	1.1792	-0.3659	-0.4317	0.0286	-0.1358	0.6204	-0.0181	
41.113	0.5217	-0.2673	0.4231	-0.2673	0.0286	1.5737	-0.0132	
41.146	0.5217	-0.0371	-1.0234	-0.3001	-0.0371	-0.7604	-0.0129	
41.181	0.5546	-0.1358	-0.6289	-0.3330	-0.1358	-0.3659	-0.0152	
41.214	0.7519	-0.2015	-0.3988	0.0286	-0.4974	-0.1686	-0.0185	
41.248	0.7519	-0.7933	0.6861	-0.0700	-0.4974	-0.4645	-0.0129	
41.281	0.3902	-0.1358	-0.5303	-0.3001	-0.1358	-1.1220	-0.0135	
41.314	0.2587	0.3245	0.6861	-0.4645	0.6861	-0.1686	-0.0148	
41.346	0.6532	-0.8590	0.7519	-0.2344	-0.3988	0.1272	-0.0122	
41.381	0.4889	0.3574	-1.1549	-0.3001	0.4231	-0.3330	-0.0135	
41.414	0.5875	-0.2015	-0.6289	-0.2015	0.2259	-0.4974	-0.0148	
41.447	0.6532	-0.5960	0.7847	-0.0700	-0.3330	1.1135	-0.0191	
41.481	0.5875	-0.3988	0.1601	-0.3001	-0.1029	0.0286	-0.0165	
41.514	0.5875	-0.4317	0.2259	-0.2015	0.0615	0.6861	-0.0158	
41.547	0.5546	-0.1029	-0.4645	0.0286	-0.0371	-0.4974	-0.0129	
41.580	0.6204	0.0615	-0.7604	-0.2344	0.2259	0.1601	-0.0188	
41.613	0.5546	0.1272	-0.3002	-0.7604	-0.1029	1.1464	-0.1144	
41.646	0.3902	0.3245	-1.2864	-0.2015	0.2916	-0.0371	-0.0033	
41.680	0.3902	-0.2344	0.3245	-0.2015	0.3245	0.1272	-0.0162	
41.714	1.0806	-0.5303	0.0944	0.3574	-0.0700	0.0615	0.0052	
41.746	0.6204	0.0286	-1.4179	-0.1029	0.3902	-1.2206	-0.0115	
41.780	0.6532	-0.6289	1.8696	-0.0700	-0.1358	0.8505	-0.0096	
41.813	0.1272	0.1272	0.0286	-0.2344	-0.2015	0.2259	-0.0158	
41.846	0.5875	-0.1029	-0.1029	0.0286	-0.3001	0.8505	-0.0165	
41.880	0.5875	-0.3659	-0.4317	-0.0700	1.5409	-0.4645	-0.0129	
41.913	0.4889	-0.0043	-1.0234	-0.1029	0.3902	-0.9576	-0.0122	
41.946	0.5217	-0.1686	-0.2344	-0.3001	-0.3001	0.0615	-0.0119	
41.980	0.9820	-0.4317	0.0944	-0.1029	0.3902	0.2916	-0.0158	
42.013	0.5546	-0.4645	1.1464	-1.9110	-0.1358	1.1135	-0.0162	
42.047	0.7190	0.1601	-1.3193	-0.0700	0.1272	0.4231	-0.0119	
42.080	0.5217	0.2587	-1.2207	-0.2673	0.4231	-0.5303	-0.0109	
42.113	0.6204	-1.7138	-0.2015	0.0944	-0.1029	1.3436	-0.0158	
42.145	0.7847	-0.3988	-0.9577	0.0944	0.0944	-0.3330	-0.0129	
42.180	0.9162	-0.3330	-0.0043	0.0615	0.2259	-1.5165	-0.0145	
42.212	0.7190	-0.4974	0.2259	0.0944	0.1930	-0.1029	-0.0191	
42.247	0.6861	-0.2015	-0.2344	-0.1686	0.2916	-0.1358	-0.0142	
42.280	0.5875	0.4231	-0.8919	0.1272	0.3245	0.2916	-0.0122	
42.314	0.1601	0.2259	0.1601	-0.4974	0.3245	-0.2015	-0.0112	
42.347	0.4231	0.1272	-0.3002	-0.3659	0.2259	-0.2344	-0.0115	
42.380	0.4889	0.0615	0.5217	-0.3330	-0.0043	0.3902	-0.0145	
42.413	0.7519	-0.5303	1.3765	-0.2344	-0.1686	1.4422	-0.0158	
42.445	0.5546	-0.3330	0.2259	-0.1686	0.1930	-0.2673	-0.0155	
42.479	0.2916	-0.3330	0.6861	-0.4974	-0.0371	-0.1686	-0.0165	
42.514	0.3574	0.1930	-0.9905	0.0286	0.1601	0.0615	-0.0175	
42.547	0.2259	0.1272	0.2587	-0.7275	0.4231	0.0286	-0.0277	
42.580	0.7519	-0.1029	-0.7275	0.0944	0.0944	-0.3659	-0.0178	
42.614	1.2779	-0.3659	-0.0700	2.0997	0.2916	0.2916	-0.0162	
42.645	0.4889	-0.3002	1.6724	-0.0371	0.0286	1.0477	-0.0175	
42.679	0.3245	0.2916	0.7190	-0.5303	0.5217	-0.1686	-0.0165	
42.713	1.1135	-0.0700	-0.7275	-0.5631	-0.1029	0.7519	-0.0145	
42.746	0.7847	-0.3002	-0.4317	0.0615	-0.2344	-0.3001	-0.0155	
42.780	0.5546	-0.3659	0.2587	-0.1686	-0.1686	0.0944	-0.0181	
42.814	1.0477	-0.5303	-0.8262	0.1601	-0.1029	3.7764	-0.0158	
42.846	0.7847	-0.4645	0.8176	-0.1029	-0.4974	1.2779	-0.0152	
42.880	0.4560	-0.3330	1.1135	-0.3659	-0.0043	0.6861	-0.0198	
42.914	0.7847	-0.3988	-0.2015	-0.1029	0.1601	0.0286	-0.0231	
42.947	1.1792	-0.4974	-0.1029	0.5217	-0.1358	0.2259	-0.0185	
42.978	0.1601	-0.0371	0.0615	-0.1029	0.2259	-0.3001	-0.0162	
43.014	0.6861	-0.2344	0.9820	-0.3659	0.0944	0.8176	-0.0165	
43.046	0.2916	0.0615	-0.4645	-0.3659	0.4889	-0.0043	-0.0125	
43.080	1.2450	-0.2673	-0.0371	-0.2015	0.1272	0.1930	-0.0109	
43.113	1.1464	-0.3330	-0.3330	-0.1686	0.1272	1.0806	-0.0168	
43.145	0.9820	0.3902	-0.3988	-0.2344	0.4889	0.2916	-0.0148	
43.180	0.3902	0.0944	-0.2673	-0.5303	0.2259	-0.2673	-0.0267	
43.214	0.2587	-0.0700	0.6532	-0.5631	0.3574	0.6861	-0.0158	
43.247	0.5546	0.1601	-0.2015	-0.0371	-0.3659	-0.2344	-0.0148	
43.279	0.1601	0.0944	0.2587	-0.4316	0.3245	0.1930	-0.0158	
43.313	0.7190	-0.1029	-0.6618	-0.2015	0.1272	-0.1029	-0.0145	
43.347	0.2259	-0.1029	0.5875	-0.3659	-0.0043	0.4889	-0.0178	
43.380	0.6532	-0.4645	0.2916	0.0286	-0.0700	1.1135	-0.0185	
43.413	0.7519	-0.5303	1.1792	-0.1686	0.1272	0.1272	-0.0286	
43.446	0.6532	-0.2344	-0.9577	0.1930	-0.3659	-0.0371	-0.0155	
43.480	0.9162	-0.2673	0.0615	0.0944	-0.3988	0.8834	-0.0148	
43.513	0.9820	-0.5632	0.3245	-0.0043	0.0615	0.3245	-0.0158	
43.546	0.5217	0.2259	-0.8262	-0.3001	0.2587	0.0286	-0.0132	
43.580	1.0477	-0.6618	0.1930	0.9162	-0.1686	0.4889	-0.0168	
43.613	0.7190	-0.0371	-0.3002	0.0615	0.2587	-0.2344	-0.0175	
43.645	0.1930	0.4231	0.3574	-0.3330	0.6532	0.0944	-0.0165	
43.679	0.7519	-0.1686	-2.5685	0.1930	0.0615	-0.4316	-0.0148	
43.713	0.2587	0.3574	-0.8262	-0.1358	0.0615	-0.0371	-0.0175	
43.747	0.7847	0.0286	-1.7138	-0.1358	-0.0371	-0.2673	-0.0286	
43.779	0.8176	-0.6289	0.5546	-0.1358	-0.0043	-2.3055	-0.0142	
43.813	0.6204	-0.7933	0.3574	-0.2344	-0.3001	-0.2673	-0.0145	
43.815	0.3574	-0.4317	-1.2207	-0.6946	-0.4316	-0.4316	-0.0224	
43.817	0.0286	-0.6289	0.2587	-0.9576	-0.4316	-2.6014	-0.0142	
43.820	0.5217	-0.8262	0.1930	-0.3001	-0.6946	-0.4974	-0.0185	
43.822	0.6861	-0.3002	-0.4645	-0.2673	0.2587	-0.0371	-0.0152	
43.824	0.2916	0.6204	-0.9248	0.1930	-0.4316	1.3765	-0.0122	
43.827	0.7519	0.2916	-1.7795	0.4889	0.3245	-0.1686	-0.0224	
43.828	0.7519	-0.2015	-0.4645	-0.1358	0.1601	0.6532	-0.0155	
43.847	0.3574	-0.5303	0.6204	-0.7604	0.4889	-0.3988	-0.0122	
43.849	0.5217	-0.0371	-1.4837	-0.4974	-0.8919	-0.2015	-0.0142	
43.851	2.2312	-0.5960	-1.1220	-0.4974	0.1930	-1.7795	-0.0132	
43.852	0.6532	-0.5632	-0.5632	-0.1358	-0.8590	-0.8590	-0.0129	
43.854	0.4889	-0.5303	0.0286	-0.1358	-0.4316	-0.1686	-0.0145	
43.856	0.0944	0.0944	-1.7467	0.2916	-1.2864	0.5546	-0.0119	
43.858	0.4560	-0.3002	1.1135	-0.0700	0.1930	0.9820	-0.0145	
43.861	0.5875	-0.1029	-0.2673	-0.2673	0.2587	0.2587	-0.0129	
43.890	0.9162	-0.5303	1.1464	-0.2673	0.6861	-1.1549	-0.0152	
43.920	0.5875	-0.3002	-0.0700	-0.1686	0.0286	-0.5303	-0.0135	
43.950	0.6861	-0.5303	1.9682	-0.0043	-0.0371	0.7519	-0.0201	
43.980	0.4889	0.0944	-0.7604	-0.3001	0.3574	-0.2673	-0.0293	
44.013	0.9820	-0.2344	-0.7933	0.0615	-0.0043	-1.4508	-0.0152	
44.046	0.4560	0.2259	0.3245	-0.1358	0.4560	0.7190	-0.0323	
44.079	0.3574	0.1272	-0.8919	-0.3988	0.2916	-0.7275	-0.0181	
44.100	-0.0043	-0.2015	-0.8919	-0.8261	-1.5823	-0.7275	-0.0125	
44.130	0.7519	0.1272	-0.4317	-0.1029	0.4889	-0.6618	-0.0148	
44.163	0.0944	0.1601	0.0944	-0.5960	0.2259	-0.1029	-0.0306	
44.197	0.6204	-0.0700	0.6532	-0.0700	0.5875	-0.1686	-0.0191	
44.229	0.3574	0.3245	-1.3193	-0.1686	0.3245	0.2587	-0.0211	
44.263	0.7519	-0.5303	0.9820	-0.0700	-0.2673	0.5546	-0.0168	
44.296	0.3902	-0.3330	0.2259	-0.6946	0.0286	0.4889	-0.0155	
44.331	0.7190	-0.7604	1.5080	-0.2673	0.0615	0.5546	-0.0191	
44.363	0.6861	0.1601	-0.5632	-0.1686	0.0944	0.0615	-0.0181	
44.397	0.9491	-0.2015	-0.1358	-0.1029	0.4231	0.6861	-0.0178	
44.429	0.9162	-0.5303	-0.1358	0.2259	-0.2015	0.2259	-0.0198	
44.463	0.6204	-0.1029	0.5875	-0.5631	0.0944	0.6204	-0.0221	
44.497	0.1601	0.7519	0.6861	-0.3659	0.1272	0.0944	-0.0194	
44.530	0.6532	0.1272	0.4889	-0.1358	-0.1358	0.6861	-0.0155	
44.562	0.4889	0.1601	-1.3522	-0.1029	0.4231	-0.8919	-0.0142	
44.596	0.5217	-0.2344	-0.3330	-0.2673	-0.0700	-0.8919	-0.0152	
44.631	0.6861	-0.2344	-0.3659	0.0286	-0.0371	-0.3330	-0.0181	
44.663	0.4889	-0.0043	0.7519	-0.8261	0.3574	0.4231	-0.0188	
44.696	0.7519	-0.6947	1.8039	-0.5303	-0.1029	0.8834	-0.0352	
44.730	0.6204	0.2587	-1.4837	-0.1686	0.3574	-0.4645	-0.0273	
44.763	0.4231	-0.3659	0.8834	-0.8261	0.2259	-1.0234	-0.0155	
44.765	0.0615	0.2916	-0.7604	-0.4645	-0.6618	-0.5631	-0.0175	
44.767	0.0286	0.2259	-1.5823	-0.7933	-0.1029	-3.8835	-0.0178	
44.790	0.4889	-0.0700	-0.2015	0.7847	-0.2673	1.5080	-0.0168	
44.820	0.2916	-0.2344	0.4560	-0.6289	-0.0700	0.0615	-0.0188	
44.850	0.8505	-0.0371	-1.4508	0.0286	0.1272	-0.3330	-0.0142	
44.880	0.6204	-0.0371	-0.8262	0.0286	-0.1358	-0.7275	-0.0191	
44.914	0.3574	-0.5632	0.8505	-0.3330	-0.3330	0.1601	-0.0247	
44.947	0.7519	-0.6947	0.3245	-0.2344	-0.1686	0.1930	-0.0181	
44.980	0.7190	-0.4317	-0.6947	-0.1686	0.3574	-0.1686	-0.0145	
45.013	1.0477	-0.4645	0.2587	0.2587	-0.3659	-1.3521	-0.0214	
45.046	0.8505	-0.1686	-0.0371	-0.1358	1.6395	0.1601	-0.0142	
45.079	0.6861	-0.1686	-0.3002	-0.1686	0.2259	-2.1083	-0.0139	
45.113	0.2916	0.1272	-0.4645	-0.4645	0.1930	-0.1686	-0.0198	
45.147	0.5217	-0.1358	-0.3330	-0.0043	-0.2015	0.3574	-0.0171	
45.179	0.4231	0.2259	-0.4645	-0.3001	0.2259	0.1601	-0.0148	
45.213	0.9491	-0.5632	0.6532	-0.1358	-0.0371	0.4560	-0.0152	
45.246	0.2587	0.4889	-0.8590	-0.1358	0.1930	0.5546	-0.0201	
45.278	0.5875	0.0615	-0.5303	0.1930	-0.1029	0.6532	-0.0214	
45.313	0.8176	-0.1358	-0.7275	0.0615	0.2259	0.7847	-0.0155	
45.346	0.7190	-0.3002	-0.5960	0.1272	0.0286	0.4889	-0.0158	
45.380	0.2587	-0.1358	0.9820	-0.3659	-0.1686	0.9820	-0.0194	
45.413	0.9162	-0.4974	0.3245	0.1272	-0.1358	0.7519	-0.0185	
45.446	0.7190	-0.1358	-1.0892	0.2259	0.1272	-0.3001	-0.0181	
45.479	0.6861	0.0286	-0.4317	-0.0371	-0.0371	0.3574	-0.0204	
45.513	1.0477	-2.0754	-0.1358	-0.0371	0.2587	0.6204	-0.0152	
45.546	0.7847	-0.1029	-2.9959	0.1930	-0.0043	-0.1686	-0.0247	
45.580	0.6861	-0.3659	-0.4317	-0.1358	-0.0371	0.1272	-0.0158	
45.613	0.7519	-0.1029	-0.6618	-0.1686	0.3574	-0.7275	-0.0158	
45.647	0.3574	0.1930	-0.4645	-0.3659	0.1930	-0.0371	-0.0201	
45.679	0.6861	-0.1029	-0.0043	0.0286	0.0286	0.0944	-0.0017	
45.713	0.7847	-0.8262	1.2450	-0.1029	-0.2673	1.1464	-0.0168	
45.747	0.3902	-0.0371	0.5217	-0.4316	-0.1358	0.5546	-0.0171	
45.779	0.2587	-0.3659	0.2916	-0.2015	-0.2344	0.6204	-0.0208	
45.814	0.4889	-0.5303	1.2450	-0.2673	0.3245	0.4231	-0.0181	
45.846	0.5546	0.0615	-0.9248	-0.3001	0.2587	0.1930	-0.0198	
45.879	0.7519	-0.1686	0.0944	0.1272	0.3902	0.4889	-0.0181	
45.912	0.2916	-0.3988	1.2121	-0.3330	-0.2344	0.8834	-0.0188	
45.946	0.7847	0.0286	-1.2535	-0.3001	0.1272	-0.1029	-0.0148	
45.980	0.3245	-0.3659	-0.8262	-0.3659	-0.1358	-1.4179	-0.0208	
45.982	-0.1358	-0.1686	-0.7604	-0.4974	-0.6618	2.0011	-0.0142	
45.983	0.1930	-0.4974	-2.4370	-0.8261	-0.5960	-0.8261	-0.0162	
45.985	0.1930	-0.0043	-0.8590	-0.8261	-0.8919	-1.7138	-0.0139	
45.990	0.1272	-0.0043	-1.5165	0.3245	-0.1686	0.6861	-0.0168	
46.020	0.5217	-0.0371	-0.4645	-0.3330	0.2587	0.1272	-0.0181	
46.050	0.7519	-0.6618	0.9162	-0.1686	0.0286	0.3902	-0.0168	
46.080	0.5217	0.2259	-1.2207	-0.1029	0.8505	-0.0043	-0.0178	
46.113	0.6532	-0.1686	-0.2344	0.1272	-0.0043	-2.0425	-0.0181	
46.146	-0.3659	-0.0700	-0.2015	-0.1029	0.5546	-0.4974	-0.0211	
46.179	0.6204	-0.6289	0.7847	-0.2015	-0.0043	0.2259	-0.0208	
46.213	1.1792	-0.4974	0.0615	0.0615	-0.4316	0.6861	-0.0162	
46.245	0.4560	-0.0371	-0.8262	0.1272	0.2916	-0.7604	-0.0168	
46.279	0.8176	-0.2344	-0.5960	-0.0043	-0.0371	-0.1686	-0.0162	
46.315	0.5875	0.0944	-0.6618	-0.4645	-0.1686	0.5217	-0.0191	
46.346	0.2916	0.0286	0.2259	-0.1358	0.3902	-0.0043	-0.0185	
46.379	0.5875	-0.3659	-1.4179	-1.3193	-0.3659	-0.9248	-0.0155	
46.423	0.7190	-0.1029	-0.7275	-0.1358	0.3574	0.1272	-0.0142	
46.446	1.0149	-0.8262	0.1272	-0.0371	0.2916	0.3902	-0.0181	
46.479	0.7190	-0.3330	0.8176	-0.2673	-0.0700	1.1792	-0.0332	
46.513	-0.0371	-0.3988	0.2259	-0.3659	-0.1686	-0.0043	-0.0148	
46.548	0.6861	-0.5960	-0.0371	-0.1029	-0.5631	-0.5303	-0.0155	
46.580	0.2259	-0.0371	0.0944	-0.5303	-0.0700	0.1272	-0.0162	
46.614	0.8834	-0.3002	-0.7604	0.0286	-0.1029	0.0615	-0.0122	
46.647	0.4560	-0.1029	1.0806	-0.6946	0.3902	0.4889	-0.0119	
46.680	0.2916	-0.1686	0.4560	-0.3001	0.0944	0.2259	-0.0204	
46.713	0.3902	-0.2015	0.9162	-0.3330	-0.2344	0.8834	-0.0155	
46.745	0.3902	0.2259	0.5875	-0.4316	0.4889	0.4231	-0.0211	
46.779	0.5217	-0.4317	0.5875	-0.3659	-0.4974	0.5875	-0.0178	
46.781	-0.1029	0.2916	-3.0288	-0.2344	-0.7275	0.6204	-0.0171	
46.783	-0.1686	-0.4645	0.0944	-0.5631	-0.4974	-1.0891	-0.0678	
46.800	0.5875	-0.1029	-0.2015	0.3245	-0.2344	0.9162	-0.0224	
46.830	0.8505	-0.3988	-0.2344	-0.0371	0.0286	0.9491	-0.0162	
46.862	0.3574	-0.0371	0.4231	-0.5631	0.1601	0.5546	-0.0168	
46.897	0.7847	0.0286	-1.8124	0.2259	0.0615	-1.0563	-0.0175	
46.930	0.9820	-0.2015	-0.8919	-0.1029	-0.0700	0.5217	-0.0188	
46.962	0.6204	-0.1029	0.7519	-0.3330	0.3245	0.4560	-0.0185	
46.995	0.4889	-0.0043	0.0944	-0.1029	0.1272	0.3902	-0.0273	
47.029	0.4889	-0.2673	0.9162	-0.6289	-0.1686	1.4094	-0.0194	
47.062	0.7190	-0.3330	0.5546	1.3436	-0.1029	1.1792	-0.0188	
47.096	0.7190	-0.1029	-0.3330	-0.3330	0.1601	0.7519	-0.0158	
47.129	0.6204	-0.6618	-0.1358	0.0944	0.6204	0.3574	-0.0188	
47.162	0.7847	-0.3330	-1.3522	-0.2015	0.0944	-1.7138	-0.0198	
47.164	0.4560	-0.7933	1.3765	-0.2015	0.0944	1.6395	-0.0201	
47.195	0.3902	0.4560	-0.4317	-0.9905	0.6204	0.2259	-0.0178	
47.229	0.6861	-0.1358	0.3902	-0.2673	0.0286	0.6861	-0.0148	
