% Time	A1	A2	A3	A4	A5	A6	
7.465	0.0944	-0.4974	0.1601	-0.1358	-0.0371	0.1601	-0.0467	
7.495	0.4889	-0.1029	-0.5960	0.0944	0.3574	3.7106	-0.0500	
7.525	-1.3193	0.1930	-1.2207	0.0615	0.2916	-0.6289	-0.0503	
7.555	1.7710	-0.5960	0.5217	-0.5631	-0.9905	-0.2673	-0.0500	
7.585	0.1930	-0.5632	-0.0700	-0.5960	-0.2673	-0.2015	-0.0471	
7.615	0.0286	-0.5632	1.3765	-0.1358	0.0286	0.6204	-0.0477	
7.645	0.3574	-0.2673	0.6532	-0.0371	0.4560	1.5080	-0.0448	
7.675	-0.1686	0.0286	-0.3330	-0.2344	0.4231	-1.0891	-0.0438	
7.705	0.2916	-0.4317	-1.4837	-0.2344	-0.3988	-0.8261	-0.0454	
7.735	0.0286	-0.5632	-0.2015	-0.1358	-0.3659	-0.1686	-0.0490	
7.765	0.1272	-0.0371	1.1464	-0.5303	0.5546	0.5546	-0.0471	
7.795	0.3902	0.1601	-0.4974	0.3574	0.1930	1.0149	-0.0444	
7.825	-0.0371	-0.3988	-0.1686	-0.2015	-0.2015	0.1272	-0.0480	
7.855	-0.5632	-0.3330	-0.5632	-0.7933	-0.3330	-0.9248	-0.0477	
7.885	0.0615	-0.4317	-0.3002	-0.4974	-0.1029	-1.3193	-0.0441	
7.915	0.2259	-0.6289	0.5875	0.0286	0.0615	0.1272	-0.0487	
7.945	0.1272	-0.3659	1.5409	-3.2260	0.4231	0.9491	-0.0490	
7.975	-0.2344	-0.3002	0.4560	-0.3988	-0.2344	0.2587	-0.0484	
8.005	-0.5303	-0.3988	0.1930	-0.8261	-0.9905	-0.8919	-0.0471	
8.035	0.0615	-0.3002	-1.8453	-0.2673	-0.3659	-0.5960	-0.0507	
8.065	-0.2673	-0.3330	-0.7275	-0.9248	0.0286	-8.3217	-0.0428	
8.095	0.3245	-0.5960	2.1326	-0.1686	0.0944	1.2779	-0.0809	
8.125	0.2916	-0.4317	-0.6618	-0.2344	-0.6289	0.3245	-0.0513	
8.155	-0.3330	-0.2015	-0.2673	-0.5303	-0.1686	-0.4974	-0.0517	
8.185	-0.0700	-0.3659	0.3245	-0.1686	-0.2015	-0.0043	-0.0520	
8.215	0.2587	-0.0700	-2.5685	-0.1686	0.1601	-0.6618	-0.0503	
8.245	-0.5632	-0.1358	1.4422	-0.2673	0.4889	0.7519	-0.0523	
8.275	-0.1686	-0.0043	-1.1220	-0.1029	0.3902	-1.3193	-0.0471	
8.305	-0.0043	0.1272	-1.6480	0.3574	-0.1029	1.0806	-0.0681	
8.335	-0.0700	-0.0700	-1.3193	-0.1686	-0.4974	-0.5303	-0.0484	
8.365	0.1601	-0.4645	0.6861	-0.2015	-0.3001	0.9162	-0.0510	
8.395	0.4231	-0.3002	-0.0700	0.5875	-0.1358	0.8505	-0.6204	
8.425	0.3245	-0.7275	1.7052	-0.4974	1.5409	-0.6618	-0.0513	
8.455	-0.3330	0.1930	-0.6289	-0.6946	0.0615	-1.1220	-0.0474	
8.485	-0.4645	-0.1358	-2.2069	-0.2344	-0.3001	-0.6618	-0.0595	
8.515	0.1930	-0.3002	-0.9905	-0.2015	-0.0371	0.6861	-0.0494	
8.545	0.0286	0.3902	-0.1029	-0.2673	0.5875	0.0944	-0.0474	
8.575	-0.1686	-0.2344	0.7519	-0.5303	-0.1358	0.6532	-0.0500	
8.605	0.4231	-0.6618	1.1792	-1.1549	0.5217	-0.4974	-0.0484	
8.635	-0.0043	-0.5303	-0.7933	-0.4645	-0.1686	-1.8781	-0.0474	
8.665	-0.0371	-0.3002	-0.7604	-0.3659	-0.7933	0.9162	-0.0382	
8.698	0.0944	-0.1029	-0.9577	-0.3988	0.0615	-0.3988	-0.0464	
8.725	0.2916	-0.4645	2.1326	-0.4316	0.3574	-1.1549	-0.0471	
8.755	-0.1029	-0.0371	-1.3522	-0.5631	-1.1549	-1.2864	-0.0490	
8.785	0.2259	-0.1686	-1.1220	0.3245	-0.0043	-2.5685	-0.0530	
8.825	-0.1029	0.0615	-0.6947	-0.9905	0.1601	-0.4645	-0.0494	
8.845	-0.1358	-0.2344	-1.4508	-0.6289	-1.3193	-1.5823	-0.0484	
8.875	-0.0371	-0.3988	-0.8919	-0.3001	-0.0700	-0.6618	-0.0484	
8.905	0.3245	-0.5632	1.5080	-0.3659	-2.1083	-0.3659	-0.0484	
8.935	-0.3002	0.0944	-0.9905	-0.4974	-0.1029	-0.7604	-0.0510	
8.965	-0.6618	-0.1029	-0.2344	-1.2864	-0.3001	-1.6480	-0.0503	
8.995	0.5546	-0.0700	-0.2015	0.0944	0.6204	-0.8261	-0.0503	
9.025	0.1601	-0.0700	-0.5960	-0.0371	0.2259	-1.4836	-0.0444	
9.055	-0.2344	-0.1686	-1.5823	-0.5303	-0.2344	1.1792	-0.0484	
9.085	-0.2673	-0.0700	-1.5494	-0.2673	-0.3988	-1.6151	-0.0461	
9.126	-0.0371	0.1601	-2.1412	0.4231	-0.4316	1.2450	-0.0411	
9.145	-0.2015	0.3574	-0.4645	-0.3001	0.0615	1.1464	-0.0484	
9.175	-0.0700	-0.2673	0.0615	-0.5631	-0.1029	0.2259	-0.0510	
9.205	0.3245	-0.3002	0.8834	-0.0371	-0.1029	1.1464	-0.0467	
9.235	-0.0043	-0.6289	1.1135	-0.7604	0.0286	0.1272	-0.0461	
9.265	0.4231	-0.1686	0.6204	0.1601	0.3574	0.7519	-0.0457	
9.295	-0.0371	-0.3330	-1.5165	0.0615	0.2259	0.7519	-0.0494	
9.325	0.4889	-0.8590	0.9491	0.0944	-0.4645	1.6724	-0.0494	
9.355	0.0944	-0.1029	-1.3193	-0.1686	0.2259	-1.4179	-0.0510	
9.385	0.1930	-0.7933	-0.8262	-0.5631	-3.5548	-2.1083	-0.0503	
9.415	-0.0700	-0.9577	-0.1686	-0.4645	-0.6289	-1.6809	-0.0474	
9.445	0.1272	-0.3002	1.1464	-0.1029	0.1601	0.1272	-0.0471	
9.475	0.2587	-0.2344	-0.0371	-0.1686	1.1135	-0.5631	-0.0490	
9.505	0.1601	-1.6480	1.2121	-0.2673	0.3902	-0.6946	-0.0503	
9.535	-0.4645	-0.0043	-1.2535	-0.5631	-0.4974	0.9162	-0.0533	
9.565	-0.6289	-0.4974	-0.0700	-0.6946	-0.8919	-0.6618	-0.0526	
9.595	0.2259	-0.5303	-0.0371	-0.1686	-0.2015	0.3574	-0.0497	
9.625	-0.0700	0.2259	-1.0234	-0.3659	0.2259	-0.6946	-0.0484	
9.655	0.2587	-2.7987	0.1272	-0.4316	-0.7604	-0.2344	-0.0536	
9.685	-0.3002	-0.4974	-0.1358	0.1601	-0.7933	-0.9576	-0.0497	
9.715	-0.0700	0.3245	-0.3659	-0.2015	0.1930	0.0944	-0.0517	
9.745	0.0615	-0.0043	0.0944	-0.0700	-0.1029	1.5080	-0.0507	
9.775	0.1272	-0.6289	1.2121	-0.3988	-0.3001	0.6532	-0.0507	
9.805	0.2587	-0.1358	-0.9577	0.1272	-0.0043	0.8176	-0.0523	
9.835	-0.1358	-0.3002	-0.7275	-0.8590	-0.2673	-1.3193	-0.0487	
9.865	0.1272	-0.4974	-0.3330	-0.1358	-0.3330	-0.2344	-0.0865	
9.895	-0.2015	0.2259	0.2916	-0.2673	0.4889	-2.0425	-0.0507	
9.925	-0.2015	0.0615	-0.1686	-0.4645	0.3574	-0.4974	-0.0467	
9.955	0.0615	-0.0700	-2.2069	-0.1358	-0.4974	-1.6151	-0.0546	
9.985	0.4560	-0.7933	1.1464	-0.4974	-0.0371	-0.2015	-0.0438	
10.016	0.0615	0.0615	-0.3988	-0.2015	-0.0043	0.4889	-0.0605	
10.045	-0.0700	0.0944	-0.4645	-0.0371	0.3574	0.6532	-0.0510	
10.075	0.1601	-0.1029	-1.2535	-0.2344	-0.0043	-1.0563	-0.0507	
10.105	-0.4317	-0.4645	-0.0700	-0.6618	-0.5960	7.8200	-0.0530	
10.135	-0.2673	-0.4317	0.4560	-0.6289	-0.4316	-0.3330	-0.0513	
10.165	-0.0043	-0.1686	0.0944	-0.1686	-0.1029	0.5217	-0.0540	
10.195	-0.4974	0.3574	-0.9577	0.2259	-0.6289	1.9682	-0.0497	
10.225	-0.3002	-0.3330	0.4889	-0.3659	-0.1686	0.0286	-0.0549	
10.255	0.2259	-0.4317	1.0477	-0.2673	0.1601	5.6831	-0.0530	
10.285	0.2259	-0.3988	-0.3330	-0.5960	0.0286	-1.6151	-0.0517	
10.315	-0.2673	-0.0700	-0.6289	-0.4316	-0.4645	-0.3659	-0.0494	
10.345	0.6861	-0.3002	-0.1358	0.1601	0.2916	0.0615	-0.0757	
10.375	-0.1358	0.0615	-0.4645	-0.1029	-0.4974	0.4231	-0.0553	
10.405	0.0944	0.1930	-1.3193	0.0286	1.3765	1.0806	-0.0497	
10.436	0.2587	-0.6289	-1.5494	0.7190	-0.7933	-0.7275	-0.0523	
10.465	0.2916	-0.1358	-0.3330	-0.1686	-0.0043	0.4889	-0.0523	
10.495	0.0286	0.1601	-0.9248	-0.0371	0.5875	0.7519	-0.0559	
10.525	-0.1686	-0.1358	1.2121	-0.0043	0.0286	-0.0700	-0.0474	
10.555	0.0944	-0.5303	-0.7275	-0.5960	-0.4645	-1.3521	-0.0523	
10.585	0.2587	-0.1686	-1.8124	-0.1358	-0.5631	0.1930	-0.0487	
10.615	-0.1686	0.0615	0.0944	-0.4645	0.7519	-0.2015	-0.0503	
10.645	-0.1358	0.1272	-0.0043	0.2259	-0.0700	0.8505	-0.0487	
10.675	0.0944	-0.9577	-1.0234	-0.5303	-0.5303	-1.5165	-0.0559	
10.705	0.6861	-0.6947	2.5271	-0.5631	0.4231	-0.6618	-0.0556	
10.735	0.0944	-0.9248	0.2587	-0.8590	0.0944	-2.6671	-0.0513	
10.765	0.2259	-0.7275	-0.4645	-0.5631	-0.3330	-2.2726	-0.0507	
10.795	-0.0371	-0.9248	-2.8644	-0.6618	-0.3001	-2.3384	-0.0615	
10.825	-0.4317	0.0944	-2.8644	-0.3001	-0.8590	0.1272	-0.0901	
10.855	-0.2673	-0.3988	-1.6809	-0.1029	-0.7933	-0.3659	-0.0891	
10.888	0.2259	-0.6289	0.0286	-0.8590	-0.2015	-0.9576	-0.0536	
10.916	-0.0043	-0.4317	-0.7604	-0.6618	-0.3988	-0.8261	-0.0543	
10.949	-0.2344	-0.1686	-2.1083	-0.3659	-0.8590	-0.2015	-0.0536	
10.989	0.0944	-0.5632	-0.7604	-1.0563	-0.4645	-0.5631	-0.0520	
11.022	-0.2673	-0.1029	-2.6014	-0.2344	-0.6618	-0.7275	-0.0451	
11.055	1.9682	-0.3002	-1.9110	-0.3659	-0.5303	-1.7466	-0.0497	
11.088	-0.4317	-0.0700	-2.5357	-0.3330	-0.7604	-0.9576	-0.0464	
11.144	-1.4837	0.1601	-2.1740	-0.1358	-1.0234	0.3245	-0.0497	
11.166	-0.3002	-0.5303	-0.2015	-0.2015	-0.6289	-0.8919	-0.1342	
11.167	0.0286	-0.0700	-2.2727	-0.4316	-0.3001	-1.1220	-0.0572	
11.185	0.3574	-1.0234	1.5737	-0.7275	-0.0371	-1.9110	-0.0448	
11.215	-0.1686	-0.3002	-1.2535	-0.4316	-0.4316	-1.6809	-0.0464	
11.249	-0.6289	-0.1358	-2.1412	-0.2015	-1.1220	-0.0371	-0.0461	
11.282	0.1601	-1.0563	1.5080	-0.4645	-0.3001	-1.5165	-0.0549	
11.316	0.1930	-0.8919	0.4889	-0.8919	0.0615	-1.0891	-0.0490	
11.349	-0.1358	-1.0234	0.3902	-0.7275	-0.5960	-1.3193	-0.0533	
11.382	-0.8590	-0.2344	0.3574	-0.7604	0.1601	-1.7466	-0.0480	
11.415	0.0944	-0.4974	-0.0371	-0.6289	-0.4316	-0.7604	-0.0507	
11.449	0.2259	-2.8644	-0.1686	-0.6618	-0.2015	-2.5356	-0.0536	
11.484	-0.1686	-0.5303	-0.6289	-0.7275	-0.3001	-1.7795	-0.0507	
11.485	-0.2344	-0.1358	0.2916	-0.6289	-0.1029	-0.0043	-0.0503	
11.515	-0.1358	-0.3002	-1.9110	-0.4645	-0.4645	-0.8919	-0.0494	
11.558	-0.0371	-0.9905	0.1930	-0.0043	-0.2015	-1.8124	-0.0510	
11.589	0.0286	-0.9248	0.0286	-0.7604	-0.1686	-2.2069	-0.0517	
11.623	0.4231	-0.8262	0.5217	-0.9905	0.1930	-1.8781	-0.0523	
11.647	0.1601	-1.2207	1.5409	-0.7604	-0.2673	-2.0425	-0.0540	
11.683	-0.0043	-0.8919	0.7519	-0.8590	-0.3330	-1.8124	-0.5477	
11.722	-0.7604	-0.1358	-1.1549	-0.5960	-0.5631	-0.5303	-0.0523	
11.756	-0.3002	-0.2015	-1.9768	-0.1358	-0.4316	-1.3850	-0.5431	
11.789	0.2916	-1.1549	0.1601	-0.9905	0.0615	-2.3055	-0.0503	
11.822	-0.0043	-0.8262	0.0286	-0.4645	-0.1686	-2.2069	-0.5310	
11.855	0.3245	-0.8919	-0.2015	-0.7933	-0.0371	-1.9768	-0.0526	
11.891	0.1930	-0.9905	1.0149	-0.7933	-3.3904	-1.8453	-0.0553	
11.916	-0.3659	-0.2015	-2.1083	-1.0891	-0.7604	-0.6618	-0.0494	
11.949	0.0944	-0.6947	-0.3988	-0.6618	-0.3001	-1.1878	-0.0520	
11.989	-0.2673	0.0944	-2.7329	1.6724	-0.8919	-0.9248	-0.0507	
12.023	-0.4317	0.4889	-2.4370	-0.1358	-0.7275	-0.8919	-0.0513	
12.054	0.2916	-1.1549	0.8505	-0.9905	-0.2344	-1.7466	-0.0517	
12.087	0.0944	-1.0234	0.3574	-0.7604	-0.1686	-2.0754	-0.0540	
12.122	0.1601	-0.8262	-0.2344	-0.7604	-0.0700	-1.8781	-0.0487	
12.149	0.1272	-0.7275	1.1135	-1.0563	0.0615	-2.2069	-0.0500	
12.184	-0.3002	-0.1029	-2.6672	-0.2673	-0.8261	-1.9110	-0.0497	
12.216	0.1272	-0.4645	0.8834	-0.7604	-0.8590	-1.2206	-0.0559	
12.249	0.2916	-0.7933	-0.3659	-0.5960	-0.1358	-1.7795	-0.0569	
12.282	-0.1358	-0.7275	-0.3988	-0.5303	-0.5631	-2.0096	-0.0513	
12.317	-0.0700	-0.3330	-0.7275	-0.1686	-0.4645	-0.2673	-0.0543	
12.350	-0.0700	-0.7604	-0.1686	-0.7275	-0.4974	-1.0234	-0.0500	
12.383	-0.1358	0.3902	0.4889	-0.6618	-0.4974	-2.1411	-0.0503	
12.417	-1.6480	0.0944	-2.1083	-0.2344	-0.3330	0.2587	-0.0520	
12.449	-0.1686	-0.4317	-1.2864	-0.3001	-0.6289	-0.9248	-0.0513	
12.490	-0.5632	0.2259	-5.6259	-0.2015	-0.7933	0.2916	-0.0602	
12.523	-0.6289	-0.0371	-0.8262	-0.8261	-0.5303	-0.9576	-0.1631	
12.556	0.3245	-1.0234	0.3245	-1.8781	-0.4974	-1.5494	-0.0566	
12.589	-0.2673	-0.4974	-1.4508	-0.8590	-0.5631	-1.2206	-0.0510	
12.623	-0.3988	-0.2344	-1.0892	-0.3330	-0.9905	-0.1358	-0.0543	
12.649	-0.0700	-0.7604	0.7847	-0.7604	-0.2015	-1.6809	-0.0563	
12.682	-0.0700	-0.3988	0.1930	-0.8919	-0.1358	-1.2864	-0.0425	
12.719	0.2587	-1.0234	0.8834	-0.5303	-0.0700	-2.0425	-0.0523	
12.756	-0.2015	0.0944	-0.1686	0.0944	-0.3001	1.1135	-0.0451	
12.758	-0.3988	-0.2015	1.1792	-0.1358	0.0944	1.3765	-0.0517	
12.759	0.3245	-0.3330	-0.0700	-0.2344	-0.9576	0.5875	-0.0523	
12.761	0.0615	-0.2673	-0.9248	-0.2673	0.0286	-0.8590	-0.0605	
12.766	0.2259	-1.0563	-0.1686	-0.5631	-0.4316	-1.1549	-0.0536	
12.775	1.1792	-1.3522	1.1464	-0.8261	-0.3330	-2.1411	-0.0553	
12.805	-0.6947	0.4560	-0.9248	-0.0043	-0.1358	0.8505	-0.0526	
12.835	-0.2344	-0.5303	-0.2015	-0.7604	-0.1358	-1.5165	-0.0513	
12.872	-0.5303	0.0286	-2.0097	-0.4316	-0.4974	-1.1878	-0.0471	
12.899	-0.3988	-0.1686	-0.9905	-1.8124	-0.3659	-1.3850	-0.0517	
12.925	0.3574	-1.2535	0.5217	-0.8919	-0.1686	-2.1083	-0.0540	
12.955	-0.0700	-0.3988	4.4339	-0.8261	-0.2015	-1.2535	-0.0520	
12.992	-0.1686	-0.2673	-4.2452	-0.9248	-0.5303	-0.7275	-0.0602	
13.024	0.1272	0.1601	-1.4179	0.0615	-2.1083	0.4231	-0.0579	
13.045	0.2259	-0.7275	-0.3988	-0.1358	-0.1686	-0.5960	-0.0503	
13.075	-0.0043	-0.4645	-1.1549	-0.3330	-0.5631	-1.6809	-0.0490	
13.105	-0.0371	0.1272	-1.2207	0.4231	0.1272	0.0944	-0.3528	
13.135	-0.1358	-0.7275	-0.0371	-0.7933	-2.9630	-0.7604	-0.0559	
13.172	-0.3330	-0.2344	-2.2398	-0.0043	-0.7604	-0.8919	-0.0507	
13.198	0.0944	-0.6947	-1.6480	-0.2344	-1.2535	-1.2206	-0.0526	
13.236	-0.7275	-0.0700	-2.2398	-0.1686	-2.2069	0.3574	-0.0487	
13.271	-0.3659	-0.0043	-4.5410	-0.2673	-0.6289	-0.2344	-0.0582	
13.308	-0.8262	0.2259	-0.8262	-0.2673	-0.9576	0.5217	-0.0444	
13.333	0.0944	0.0286	-0.8919	-0.5303	-0.1686	-2.1740	-0.0530	
13.345	-1.6152	-0.4317	0.1930	-0.5960	-0.9905	-0.7604	-0.0530	
13.375	0.0286	-0.6947	-0.7275	-0.6618	-1.0234	-1.5165	-0.0497	
13.406	-0.0043	-0.8262	4.6311	-0.9576	-0.2673	-1.8781	-0.0408	
13.435	0.0286	-0.6618	-0.3988	-0.3330	-0.3330	-0.6946	-0.0530	
13.465	-0.1358	-0.3659	-0.1029	-0.7933	0.6861	-1.2864	-0.0510	
13.495	-0.4317	0.0615	-2.6672	-0.2673	-0.6618	-0.2673	-0.0464	
13.525	-0.4317	-0.9248	0.9491	-0.9905	0.2259	-1.9768	-0.0520	
13.582	-0.4974	0.1272	-1.9110	-0.1358	-1.0563	0.5217	-0.0503	
13.599	0.1930	-0.3659	-1.3193	-0.3659	-0.5303	-1.5823	-0.1697	
13.615	0.3245	-1.2535	0.8834	-0.7275	0.0286	-2.6671	-0.0977	
13.645	0.1601	-0.8590	0.1601	-0.5303	1.3765	-1.5494	-0.0523	
13.675	-0.3659	-0.2344	-1.9768	-0.1029	-0.9576	4.3352	-0.0500	
13.709	0.0286	-0.4645	-1.1878	-0.5631	-0.4974	1.2121	-0.0510	
13.741	0.1930	-0.9905	0.4231	-0.6946	-0.5960	-1.8453	-0.0497	
13.775	-0.4645	-0.1029	-2.8973	-0.3001	-2.6014	-0.6289	-0.0503	
13.805	0.5875	-0.4974	0.3245	-0.1029	0.4889	-0.8261	-0.0507	
13.825	0.2916	-0.9577	0.9491	-0.7275	1.3107	-1.9439	-0.0556	
13.855	-0.1358	-0.6289	-0.2015	-0.8590	-0.1686	-1.8453	-0.0500	
13.885	-0.1029	-0.5303	-1.0234	-0.1358	-0.3659	-0.7933	-0.0497	
13.915	-0.2015	0.1601	-0.4974	-0.7275	-0.1686	-1.4836	-0.0517	
13.949	-0.4645	-0.0700	-0.7604	-0.5631	-0.4645	-0.3001	-0.0500	
13.989	0.6532	-0.7933	0.2259	-0.8919	-0.2015	-1.2206	-0.0507	
14.048	-0.0043	-0.8919	1.1464	-1.1878	-0.3001	-1.3193	-0.0530	
14.066	0.0615	-0.5303	-1.2207	-0.2673	-3.3904	-0.8919	-0.0572	
14.069	-0.1358	-0.5632	0.0944	-0.4316	-0.2673	-0.8261	-0.0510	
14.095	0.2259	-0.7275	0.3245	-0.6946	-0.0700	-1.9439	-0.0520	
14.125	0.2259	-0.6947	0.6861	-0.7933	-0.1686	-1.2535	-0.3028	
14.155	0.2587	-0.8919	0.2259	-0.8919	0.1601	-1.7795	-0.0540	
14.185	-0.0043	-0.4974	-0.6289	-0.9576	-0.0043	-1.8781	-0.0510	
14.222	0.0944	-0.6289	-0.3330	-0.7933	-0.2015	-1.1220	-0.0484	
14.257	0.0944	-0.6289	-0.0043	-0.7604	0.0615	-1.5823	-0.0125	
14.289	-0.5632	0.1930	-2.3055	-0.3659	-0.8261	1.0149	-0.0507	
14.321	-0.0043	-0.7275	0.2916	-0.6289	-0.3330	-0.7604	-0.0536	
14.355	0.7519	-0.0371	-1.8782	-0.3988	-0.6289	-1.0891	-0.0477	
14.389	-0.4317	0.0615	-1.7138	-0.3659	-0.8261	0.2259	-0.0510	
14.416	0.0615	-0.2344	-0.2344	-0.6946	-0.1358	-1.1220	-0.0513	
14.449	0.4231	-0.8919	0.5546	-0.7604	0.1272	-1.8781	-0.0520	
14.482	0.1272	-0.6618	-0.0043	1.2779	0.1601	-2.4041	-0.0553	
14.523	-0.6289	-0.1029	-1.9110	-0.5631	-1.2206	0.3245	-0.0513	
14.556	-0.2344	0.3902	-1.0892	-2.4370	0.0286	1.4094	-0.0533	
14.557	0.2916	-0.0371	1.3765	-0.2673	0.6861	0.5875	-0.0507	
14.575	-0.0700	-0.3659	-1.7467	-0.2673	-0.8261	-0.1358	-0.0533	
14.605	2.0340	-1.0892	0.4889	-0.9905	0.0286	-2.3055	-0.0540	
14.635	0.1272	-0.2344	-1.9768	-0.2344	-0.2015	-1.8781	-0.0553	
14.665	0.2259	-0.7933	-0.1358	-0.6289	-0.2344	-7.2368	-0.0549	
14.695	-0.5632	-0.2015	-1.2864	-0.3330	-0.9576	-0.5631	-0.0520	
14.725	0.2259	-0.3988	-0.1029	-0.6618	0.9491	-1.2535	-0.0536	
14.755	-0.1686	-0.7933	0.1601	-0.4974	-0.6618	-0.8261	-0.0533	
14.785	-0.2673	-0.3659	-1.3193	-0.3988	-0.3330	-1.2864	-0.0503	
14.817	0.3574	-1.1220	0.3902	-2.7658	-0.3330	-1.7138	-0.0530	
14.850	-0.3988	-0.0043	-1.9439	-0.3001	2.7572	-0.7275	-0.0480	
14.882	-0.1686	-0.4317	-0.9577	-0.5631	-0.4645	-0.1686	-0.0520	
14.915	0.0286	-0.8262	0.1272	-0.5303	-0.5631	-1.4508	-0.0576	
14.949	-0.3988	0.3245	-0.3002	-0.4645	-0.3988	-2.4041	-0.0543	
14.988	-0.2673	-0.6289	-0.6947	-0.5631	-0.4316	-1.7138	-0.0563	
15.022	-0.0700	-0.2673	-0.1686	-0.2344	-0.3988	-0.2344	-0.0536	
15.060	0.0615	-0.2344	-0.9905	-0.3001	-0.5303	-0.1686	-0.0543	
15.086	-0.3659	-0.3330	-1.2535	-0.4316	-0.2673	-2.5356	-0.0507	
15.117	-0.2015	-0.6618	-1.8453	-0.3988	-0.5631	-1.8124	-0.0582	
15.150	-0.4974	0.0615	-1.0892	-0.5303	-0.3988	-0.8919	-0.0510	
15.190	-0.3330	-0.5303	4.7955	-0.4974	-0.7604	-0.6946	-0.0480	
15.247	-0.0371	-0.2344	-1.1549	-0.6618	-0.4316	-0.9576	-0.0494	
15.290	-0.3002	-0.4317	-0.7604	-0.7604	0.5217	-0.2344	-0.0526	
15.324	-0.5632	0.0286	-1.2535	-0.3988	-0.2015	-1.4179	-0.0737	
15.356	-0.5303	-0.0043	0.5546	-0.6289	-0.6289	-0.7604	-0.0599	
15.384	-0.3988	-0.4317	0.1601	-0.5631	0.3245	-1.8453	-0.0507	
15.417	-0.2673	-0.3002	-0.4974	-0.5631	-0.1686	-0.5960	-0.0448	
15.461	-0.3659	-0.1029	-1.0563	-0.8590	-0.2015	-1.8124	-0.0411	
15.491	-0.0043	-0.3659	-1.4508	-0.5631	-0.2344	-2.8315	-0.0365	
15.524	-0.5632	-0.2673	-1.1220	-0.6946	-0.1358	-0.8261	-0.0342	
15.556	-0.3002	-0.3002	-0.2344	-0.7275	-0.4974	-0.9905	-0.0369	
15.590	-0.3330	0.1601	-2.6343	-0.4316	-0.4316	-1.9110	-0.0339	
15.617	0.0615	-0.5632	-1.6152	-0.6289	-1.6151	-0.9248	-0.0323	
15.650	-0.4317	0.2259	-2.3384	-0.6946	-0.1358	-1.5165	-0.0326	
15.686	-0.3988	-0.5303	-0.5303	-0.4974	-0.5631	-0.5631	-0.0316	
15.718	0.2259	-0.4645	-1.8124	-0.1029	-0.5303	-1.1878	-0.0286	
15.720	-0.0700	-0.4974	0.8834	-0.2344	-0.1358	0.5217	-0.0293	
15.721	-1.1549	0.1272	-1.0234	-0.0371	0.4889	0.3245	-0.0263	
15.723	0.5546	-0.7275	1.4094	-0.0700	0.4231	-0.6618	-0.0283	
15.724	0.5217	-0.3330	-0.3988	0.2916	-1.3193	0.2587	-0.0329	
15.745	-0.3659	-0.3659	-0.6947	-0.6618	-0.6946	4.9599	-0.0313	
15.775	-0.4645	-0.7275	0.8176	-1.1878	-0.4316	-0.9576	-0.0224	
15.806	0.3245	-0.8262	-3.1603	-0.4974	-0.6289	-1.3850	-0.0464	
15.840	-0.2015	-0.3002	-2.0425	-0.5631	-0.3659	-1.4508	-0.0507	
15.866	-0.4645	-0.3002	-0.2673	-0.5960	-0.4316	-0.9248	-0.0073	
15.895	-0.3988	0.0944	-2.6014	-0.4974	-0.4316	-1.7466	-0.0283	
15.925	-0.5303	-0.4317	-0.2344	-0.6289	-0.5303	-1.7795	-0.0263	
15.956	0.2587	-0.4645	-2.0425	-0.2673	-0.5631	-0.9248	-0.0247	
15.990	0.0615	-0.7933	-1.4508	-0.1686	-0.6946	-1.5165	-0.0254	
16.023	-0.0700	-1.1878	0.1601	-0.7604	-0.1358	-2.6671	-0.0247	
16.055	-0.1358	-0.6289	-0.4974	-0.7933	-0.3988	-1.8781	-0.0296	
16.098	-0.2015	-0.6947	-0.3002	-0.4974	-0.3330	-4.7712	-0.0240	
16.118	-0.2344	-0.8590	0.5546	1.1464	-0.6618	0.1601	-0.0270	
16.152	-0.1358	-0.3659	0.1930	-0.5631	-0.6289	-0.8919	-0.0277	
16.191	-0.0700	-0.8262	-0.3002	-0.5631	-0.7275	-0.8261	-0.0260	
16.223	-0.0700	-0.4645	-1.7467	-2.2069	-0.9248	-1.1878	-0.0270	
16.258	0.0944	-0.3659	-1.0892	-0.3988	-0.4316	-1.7795	-0.0237	
16.292	-0.1358	-0.2015	-1.7138	-0.3330	-0.5303	-1.7466	-0.0224	
16.323	-0.3659	-0.3659	-0.5632	-0.5631	-0.7933	-0.7275	-0.0231	
16.356	-1.3193	-0.1358	-1.4508	-0.6946	-0.3001	-1.2864	-0.0208	
16.384	-0.2015	-0.3002	-1.3850	-0.8261	-0.1029	-0.7275	-0.0188	
16.417	-0.8262	0.2259	-4.7054	-0.1029	-0.9248	0.1930	-0.0135	
16.449	-0.1358	-0.1686	-2.3713	-0.5303	-0.5303	-1.7795	-0.0214	
16.484	-0.6289	-0.1029	-0.8919	-1.5165	-0.1029	-1.5165	-0.0185	
16.517	-0.3002	-0.3659	-0.6618	-0.5631	-0.9905	1.6066	-0.0201	
16.551	-0.1358	-0.4317	-0.9577	-0.5960	-0.6946	-2.6671	-0.0263	
16.584	-0.3659	1.9354	-1.1220	-0.7933	-0.1686	-0.8590	-0.0257	
16.618	-0.3988	-0.6947	-0.7275	-0.8590	-0.3001	-0.4974	-0.0231	
16.650	-0.0043	-0.5303	-2.0425	-0.9905	-0.5631	-1.6480	-0.0240	
16.691	-0.3988	-0.5960	0.2587	-1.3850	-0.4645	-1.1549	-0.0214	
16.723	0.0944	-0.6947	-2.2069	-0.3988	-0.4316	-1.9768	-0.0234	
16.757	-0.3330	-0.3330	-0.8919	-0.3001	-0.6946	-0.6289	-0.0214	
16.792	0.0286	-0.2344	-1.8782	-0.6289	-0.3001	-2.1740	-0.0086	
16.823	-0.2344	0.1272	-1.1878	-0.5631	-0.6946	-0.2015	-0.0227	
16.855	0.1930	-0.5960	-0.3988	-0.8919	-0.2673	-1.0891	-0.0194	
16.890	0.1930	-0.7933	-0.3988	-0.6289	-0.3330	-2.2069	-0.0158	
16.916	-0.1029	-0.8590	-0.9248	-0.5631	-0.3988	-0.5631	-0.0171	
16.951	-0.6289	-0.6947	0.1272	-0.4316	-0.4645	-1.3521	-0.0201	
16.984	-0.3659	-0.6289	-0.7275	-0.5631	-0.8261	-1.3521	-0.0293	
17.016	-0.2344	-0.2015	-1.7467	-0.7933	-0.2015	-2.2726	-0.0227	
17.050	-0.1686	-0.2015	-1.4837	-0.7933	-0.3001	6.9652	-0.0221	
17.083	-0.7933	0.2259	-1.6152	-0.5303	-0.6289	0.9820	-0.0191	
17.116	-0.0043	-0.9577	0.0286	-0.7604	-0.5631	-2.8644	-0.0214	
17.150	-0.3659	-0.6618	0.0615	-0.5303	-0.5303	-1.3193	-0.0198	
17.183	0.3902	-0.6947	-1.0563	-0.2344	-0.7604	-1.0563	-0.0178	
17.223	-0.4317	-0.1358	-2.0425	-0.4645	-0.3659	-1.4836	-0.0211	
17.256	-0.2673	-0.2015	0.1272	-0.7933	-0.4974	-1.1549	-0.0221	
17.289	-0.2344	0.1272	-1.3522	-0.4645	-0.4645	-1.6151	-0.0168	
17.331	-0.1686	-0.9905	-0.1029	-0.6289	-0.4316	-0.6289	-0.0198	
17.349	-0.1029	-0.1029	-1.4179	-0.5960	0.5546	-1.0234	-0.0155	
17.383	-0.4974	-0.8590	-1.0563	-0.4316	-0.6946	-1.3850	-0.0168	
17.415	-0.3659	-0.3659	-1.7467	-0.3001	-0.5631	-1.2864	-0.0175	
17.450	-0.2344	-0.5960	-1.7467	-0.4645	-0.4316	-1.0563	-0.0293	
17.514	-1.8782	-0.6947	-0.8590	-0.5303	0.1272	-1.4179	-0.0188	
17.533	-0.1358	-1.3850	-0.1686	-0.4316	-0.7604	-0.1029	-0.0204	
17.535	0.1272	-0.7275	0.2259	-0.2344	-0.3330	-0.3001	-0.0194	
17.537	-0.5960	-0.8262	-0.9248	-0.4974	-0.3330	-1.6480	-0.0204	
17.567	-0.0043	-0.3002	-1.6152	-0.5303	-0.2015	-0.1029	-0.0208	
17.568	0.0286	-0.5632	-0.2673	-0.2673	-0.5303	-0.3330	-0.0201	
17.570	0.4231	-0.3002	-0.0043	-0.0700	-0.1029	0.9491	-0.0178	
17.572	-0.4317	-0.4974	0.5217	-1.1220	-0.3330	-0.8919	0.0009	
17.600	-0.2344	-0.6618	0.5546	-0.6946	-0.6289	0.0286	-0.0224	
17.605	0.0615	-0.3002	-1.1878	-0.3988	-0.8919	-1.5165	-0.0201	
17.635	1.0149	-0.4974	-1.4179	-0.1358	-0.6946	-0.8919	-0.0194	
17.665	0.4889	-0.6947	-1.5165	-0.2673	-0.6289	-1.4179	-0.0178	
17.695	0.1272	-0.9577	-0.9248	-0.4645	-0.5960	-1.3850	-0.0198	
17.725	-0.4645	0.0944	-1.3193	-0.6946	-0.3988	-1.1549	-0.0546	
17.757	0.0944	-0.0371	-0.2344	-0.4974	-0.4316	-2.1083	-0.0247	
17.790	-0.2344	-0.2344	-1.4837	-0.7275	-0.7604	-1.7466	-0.0201	
17.823	-0.1358	-0.3002	-1.9768	-0.5303	0.2916	-1.4508	-0.0178	
17.856	-0.0043	-0.9248	0.6204	-0.5303	-0.3988	-1.8453	-0.0467	
17.883	-1.4508	-0.6289	0.4231	-0.6946	-0.3001	-0.4316	-0.0198	
17.916	-0.2015	-0.7275	0.0944	-0.9576	-0.3659	-1.4179	-0.0191	
17.950	-0.4317	-0.0043	-1.3522	-0.5631	-0.4316	-1.1878	-0.0237	
17.991	-0.2344	-0.2673	-1.2535	-0.3988	-0.8261	-0.9576	-0.0175	
18.022	0.3245	-0.6947	-1.1220	-0.2344	-0.6946	-1.5823	-0.0175	
18.055	-2.0754	-0.1686	-2.4042	-0.2015	-1.5494	-0.6946	-0.0208	
18.108	0.1930	-1.0892	0.9162	-0.6946	0.0944	-1.7466	-0.0181	
18.133	-0.2673	0.0944	-0.9905	-0.4316	-0.7604	-1.5494	-0.0178	
18.135	-0.3002	-0.3659	0.7519	-0.4316	-0.4316	0.2259	-0.0168	
18.145	0.2916	-0.5960	-0.3002	-0.6289	-0.2344	-1.4836	-0.0132	
18.175	0.0286	-0.9248	-0.3330	-0.6618	-0.9905	-2.3384	-0.0175	
18.205	-0.5632	0.0944	-1.6480	-0.5303	-0.5631	-0.8261	-0.0263	
18.239	-0.1686	-0.3002	-1.9768	-0.4974	-0.5303	-0.7933	-0.1786	
18.271	0.2259	-0.4317	-0.4317	-0.7933	-0.1358	-2.2726	-0.0135	
18.307	-0.2015	-0.4317	-0.1029	-0.7933	-0.3001	-1.0234	-0.0615	
18.339	0.1930	-0.6289	-1.4508	-0.3330	-0.5631	-1.3193	-0.0960	
18.372	-1.5823	0.1272	-0.8919	-0.6946	-0.6289	-1.4508	-0.0171	
18.400	0.1930	-0.5632	-1.2207	-0.1686	-0.6946	-0.6946	-0.0208	
18.415	-0.0700	-0.5303	0.6532	-0.6618	-0.4645	-2.0425	-0.0162	
18.445	-0.0043	-0.4645	-1.7138	-0.6289	-0.8590	-1.3850	-0.0277	
18.490	-1.4179	0.1272	-1.8782	-0.4974	-1.3193	0.0286	-0.0168	
18.524	-0.3002	-0.0043	-2.4370	-0.5303	-0.4316	1.6724	-0.0178	
18.556	-0.3002	-0.4974	-0.0371	-1.5165	-0.3001	-1.7466	-0.1049	
18.588	0.0615	-0.4317	-1.0234	-0.9248	-0.1358	-1.4508	-0.1697	
18.622	-0.1358	-0.0700	0.0286	-0.9248	-0.2344	-1.8124	-0.0135	
18.650	-0.3002	-0.0700	-2.4370	-0.3659	-0.5960	-1.2864	-0.0152	
18.683	-0.2344	-0.2344	-1.6809	-0.4316	-0.3001	-2.4041	-0.0191	
18.716	-0.3659	-0.7275	0.1272	-0.6618	-0.5960	-0.5303	-0.0668	
18.755	0.1601	-0.3988	-0.9905	-0.6946	0.7519	-1.7795	-0.0132	
18.793	-0.3002	-0.5303	-0.9905	-0.9576	-0.7604	-1.3850	-0.0201	
18.816	0.1601	-0.5632	-1.7795	-0.3001	-0.6946	-1.4836	-0.0175	
18.851	0.0286	1.1135	-1.4837	-0.5631	-0.4316	-3.0288	-0.0145	
18.883	-0.0043	-0.7275	-1.2535	-2.0754	-0.5960	-1.7138	-0.0178	
18.917	0.0944	-1.0892	0.8505	-0.8261	-0.6289	-0.3659	-0.2752	
18.950	0.0944	-1.9768	-0.3002	-0.6946	-0.1358	-1.3193	-0.0162	
18.983	-0.1358	-0.3988	-0.2015	-0.7275	-0.4316	-0.3001	0.0177	
19.016	0.0944	-0.8919	-0.4645	-0.2015	-0.9576	-0.8261	-0.0270	
19.050	-0.3002	-0.4317	-0.1029	-0.9248	-0.1686	-1.3193	-0.0155	
19.084	-0.6947	-0.5632	-0.8262	-0.2344	-0.8919	-0.4316	-0.0188	
19.116	-0.0700	-0.3330	-2.2398	-0.2344	-0.6946	2.3299	-0.0175	
19.149	-0.3330	1.2779	-0.7933	-0.6289	-0.5960	-0.7933	-0.0162	
19.183	-1.3193	-0.1358	-1.3850	-0.6618	-0.1686	-2.4370	-0.0175	
19.216	-0.3659	-0.6947	0.4889	-0.8590	-0.3659	1.3765	-0.0178	
19.256	-0.2344	-0.4317	-0.5303	-0.4316	-0.8919	-0.8261	-0.0162	
19.290	-0.0700	-1.1549	1.2121	-0.3330	-0.4316	-0.6946	-0.0194	
19.322	-0.3988	-0.5960	-0.4645	-3.0945	-0.1029	-2.2398	-0.0162	
19.355	0.2259	-0.7275	0.0286	0.0944	-0.9576	-1.4508	-0.0208	
19.388	-1.5823	-0.2015	-0.9905	-0.5303	-0.6618	-0.6618	-0.0168	
19.417	-0.3002	-0.5632	0.0944	-0.6618	-0.4974	-1.6480	-0.0204	
19.450	-0.3988	-0.1358	-2.5028	-0.3330	-0.7275	-0.8919	-0.0145	
19.492	-0.3988	-0.3330	-2.0754	-0.2344	-0.7604	0.2259	-0.0132	
19.522	-0.3330	-0.1358	-1.6809	-0.6618	-0.4645	0.8505	-0.0171	
19.556	-0.3988	-0.0371	-0.3659	-0.5303	-0.5303	-0.7275	-0.0155	
19.588	-0.3659	-0.3330	-0.3002	-0.6289	-0.4645	-4.0808	-0.0171	
19.623	1.2779	-0.7933	-1.1878	-0.3988	-0.1358	-1.2206	-0.0171	
19.650	-0.6618	-0.2344	0.6861	-0.6289	-0.7275	-1.0891	-0.0260	
19.683	0.2587	-1.0234	0.3902	-0.6618	-0.1358	-2.0096	-0.0181	
19.722	0.0944	-0.9577	-0.7604	-0.3988	-0.8590	-0.8590	-0.0286	
19.756	-0.3988	-0.1029	-0.8590	-0.8590	-0.5303	-1.4508	-0.0181	
19.791	-0.3002	-0.4317	-0.1029	-0.9248	0.1272	-1.2864	-0.0201	
19.822	-0.1358	-1.0563	-0.1358	-0.4645	-1.2206	-0.8261	-0.0155	
19.857	0.1601	-0.6947	-0.6289	-0.6946	-0.2344	-2.3055	-0.0171	
19.883	-0.0371	-0.3002	-1.9439	-0.3988	-0.4316	-1.2206	0.0180	
19.917	-0.4974	-0.6618	-1.0234	-0.4645	-0.3001	-1.9110	-0.0194	
19.956	0.0615	-0.5303	-1.6152	-0.5303	-0.1686	-2.4041	-0.0171	
19.990	-0.6947	-0.0371	-0.3330	-0.8919	0.0286	-0.0371	-0.0145	
20.022	-0.1358	-0.8262	-0.6947	-0.7275	-0.3001	-2.1411	-0.0191	
20.055	-2.0754	-0.7604	-1.7795	-0.2344	-0.8919	-0.9248	-0.0162	
20.089	-0.4645	-0.2344	-2.6672	-0.1358	-0.8590	-1.0563	-0.0191	
20.121	0.0944	-0.3659	-0.6289	-0.6618	-0.6289	-1.4508	-0.0158	
20.150	-0.0043	-0.8590	-2.6343	-0.7933	-0.3330	-1.2864	-0.0185	
20.183	-0.3659	-0.3330	-1.1220	-0.6618	-0.7604	-0.9576	-0.0231	
20.223	-2.3713	-0.6618	-0.3330	-0.6946	-0.2673	-1.7466	-0.0178	
20.256	-0.3330	-0.0043	-1.0563	-0.1029	-0.4974	-0.8919	-0.0096	
20.289	-0.3988	-0.4317	0.7519	-0.7275	-0.6289	-1.1220	-0.0092	
20.322	-0.3659	-0.5632	0.1930	-0.4316	-0.7604	-1.5165	-0.0145	
20.355	-0.0700	-0.3330	-3.8835	-0.7604	-0.3988	-1.2864	-0.0211	
20.391	-0.3659	-0.5632	-0.0043	-0.9248	-0.3001	-0.7933	-0.0139	
20.417	-0.0700	-0.6289	-3.0288	-0.3001	-0.9248	-0.9248	-0.0270	
20.457	-0.0043	0.1272	-1.1220	-0.5960	-0.7933	-0.6618	-0.0198	
20.490	-0.3330	-0.0043	-1.5494	-0.6946	-0.2673	-3.5877	-0.0171	
20.523	-0.0043	-0.1358	-1.4508	-0.6946	-0.5631	-0.6289	-0.4448	
20.555	0.0615	-0.2673	-0.1029	-0.7275	-0.6618	0.3245	-0.0188	
20.592	0.7190	-0.2344	-0.2673	-0.7933	0.1930	-1.0891	-0.0152	
20.616	0.1272	-1.1549	0.3902	-0.4316	-0.3988	-1.9439	-0.0168	
20.649	0.0286	-0.4317	-0.8262	-0.7933	-0.7933	-1.1878	-0.0148	
20.683	-0.2673	-0.4645	-1.7138	-0.6946	-0.3659	-0.6946	-0.0280	
20.723	-0.0371	-0.4974	-0.5303	-0.4645	0.0615	-1.5494	-0.0204	
20.754	-0.0700	-0.1686	-0.8919	-1.1878	-0.8919	-0.6946	-0.2647	
20.789	0.0286	0.1272	-1.1878	-0.6618	-0.9576	-0.3001	-0.0224	
20.822	-0.1029	-0.5632	0.5217	-0.6618	-0.6289	-0.8919	-0.0632	
20.856	-0.3330	-0.8262	-1.6809	-0.4316	-0.7933	-1.4508	-0.2006	
20.883	-0.3659	-0.7275	-0.8919	-0.9576	-0.2015	-2.1411	-0.0641	
20.917	-0.5632	-0.9577	0.8834	-1.0891	-0.6289	-0.7604	-0.0175	
20.967	-0.0043	-1.7138	-0.5303	-0.4974	-1.0563	-0.8261	-0.0208	
21.019	-0.1686	0.3574	-1.4837	-0.4645	-0.5631	-1.9110	-0.0188	
21.057	-0.5303	-0.3002	-1.1220	-2.1411	-0.0043	-2.3055	-0.0188	
21.090	-0.1686	0.2587	-1.2864	-1.1220	-0.9576	-0.2015	-0.0076	
21.116	0.1272	0.3245	-1.3193	-0.2344	-0.8261	-0.5960	0.0095	
21.149	0.3245	-1.0234	-2.9630	-0.6289	-0.1358	-2.7658	-0.0224	
21.182	-0.2344	-0.7275	0.7519	-1.0234	-0.4974	-0.6618	0.0529	
21.216	-0.3988	0.0615	-0.6947	-0.6618	0.9162	-0.5631	-0.0185	
21.256	0.2587	-0.8919	0.4889	-1.0891	-0.8919	-2.1083	-0.0185	
21.288	-0.5303	-0.3659	-0.0043	-0.9248	1.2450	-1.4508	-0.0191	
21.323	-0.2673	-0.3988	-0.6947	-0.6289	-0.8919	0.4889	-0.0178	
21.362	0.0615	-0.5632	-1.4179	-0.5631	-1.4836	-1.5494	-0.0165	
21.382	-0.0371	-0.9248	0.6532	-0.6289	2.9545	-0.2015	-0.0178	
21.416	0.0944	-1.9110	-0.8590	-0.4316	-0.5631	-2.2069	-0.0165	
21.450	-0.1358	-0.4974	7.0968	-0.9248	-0.2344	-1.3193	-0.0135	
21.502	0.0615	-0.6947	-1.2207	-0.4316	-0.1358	-2.2726	-0.0960	
21.541	-0.3002	-0.3002	-1.8453	-1.6480	-0.3330	-1.5494	-0.0142	
21.578	0.5217	-0.9248	0.6532	1.2121	-0.6289	-1.6151	-0.0158	
21.600	-0.0043	-0.4645	-1.4508	-0.6289	-0.2015	-0.8590	-0.0208	
21.602	0.1601	-0.4317	-0.6618	-0.1029	-0.2673	-0.7604	-0.0194	
21.604	-0.1358	0.3902	-2.4699	0.2916	-0.2015	0.3902	-0.0224	
21.605	-0.0043	-0.8919	-1.2864	-0.5631	-0.0371	-2.0425	-0.0158	
21.633	0.1601	-0.5632	0.6204	-0.7275	-0.0043	-0.1686	-0.0178	
21.635	0.2259	0.0286	-1.6152	-0.2015	0.3245	-1.1878	-0.0148	
21.637	-0.0700	0.8834	-0.3659	-0.0043	0.1272	0.6532	-0.0148	
21.659	-0.2344	-0.1358	-3.0945	0.4889	-0.3988	-1.8781	-0.0188	
21.683	-0.8590	0.1601	-1.7138	-0.5303	0.0286	-2.1740	-0.0198	
21.717	-0.5303	-0.6618	-0.1358	-0.7275	-0.7933	-0.5631	-0.0191	
21.750	-0.3002	-0.5303	-1.8124	0.0944	-0.7275	-1.1549	-0.0579	
21.783	-0.4645	-0.4974	-0.3659	-0.8590	-0.4974	-0.8261	-0.0155	
21.817	-0.1029	-0.4645	-0.1686	-0.8261	-0.5303	-0.8919	-0.0155	
21.850	-0.0371	-0.3330	-2.9959	-0.3001	-0.6289	-6.7437	-0.0191	
21.883	-0.3988	-0.0043	-2.5028	-0.3988	-0.3330	-1.9439	-0.0155	
21.917	-0.0371	-0.4317	-1.3193	0.3245	-0.3001	-2.1083	0.0946	
21.950	-0.2015	-0.4317	-1.9768	-0.3988	-0.4316	-2.0425	-0.0208	
21.983	-0.3002	-0.5632	0.2259	-1.0891	-0.1686	-0.9248	-0.0145	
22.026	-0.1358	-0.9248	0.0944	-0.6289	-0.6946	0.6861	-0.0188	
22.057	-0.4645	-0.2015	0.1930	-0.9576	-0.2015	-4.9355	-0.0158	
22.089	-0.0371	-0.3002	-2.2398	-0.3330	-0.3330	-0.1686	-0.0214	
22.124	-0.0043	-0.7933	-0.8262	-0.6946	-0.3001	2.6915	-0.0221	
22.150	-0.4974	-0.4645	-0.0371	-1.0563	-0.1686	-1.1220	-0.0158	
22.151	-0.2673	-0.4317	0.8505	-0.4316	-0.3659	0.0944	-0.0168	
22.153	0.1272	-0.3659	0.6532	-0.1358	-0.4316	1.2121	-0.0168	
22.154	0.5546	-0.3330	2.8559	-0.1686	0.4231	0.2916	-0.0300	
22.156	-0.1358	0.3245	1.4751	0.0286	0.4889	0.5546	-0.0132	
22.157	-0.0043	-0.2673	0.9491	2.1326	0.1272	0.8505	-0.0204	
22.174	0.2587	-0.9248	0.6204	-0.5303	-0.4645	-1.6809	-0.0109	
22.199	-0.1686	-0.5960	0.3902	-0.5303	-0.7275	1.3765	-0.0175	
22.209	0.6532	-0.7933	-0.8262	-0.5631	-0.8919	-1.5494	-0.0171	
22.240	0.6532	-0.7275	1.8367	-0.2673	0.3245	0.1272	-0.0329	
22.272	-0.2344	0.0615	-0.9248	-0.0371	-0.1358	0.7519	-0.0148	
22.305	-0.2344	-0.4317	0.2587	-0.3001	-0.3988	0.4889	-0.0201	
22.337	-0.8262	-0.4974	1.5080	-0.3988	0.6204	-0.8261	-0.0201	
22.339	0.7190	-0.4317	-0.2673	-0.6618	-0.5631	-0.7604	-0.0214	
22.368	0.1930	-0.0043	-2.1412	-0.2015	0.0944	-1.2864	-0.0171	
22.370	0.3574	-0.4645	0.4231	-0.2673	-0.3659	0.2916	-0.0175	
22.375	-0.5960	-0.0371	0.0615	-0.8919	-0.3001	0.2916	-0.0171	
22.405	0.6204	-0.2015	0.4889	0.0944	-0.0700	-0.0043	-0.0185	
22.435	-0.1029	-0.6289	-0.0700	-0.6289	-0.9248	-1.2206	-0.0181	
22.475	-0.3659	-0.6289	0.5546	-0.7275	1.8696	-1.8124	-0.0181	
22.506	0.8834	-0.4317	-1.1549	-0.6289	-0.1358	-0.9248	-0.0148	
22.541	-0.9577	-0.2673	-1.4508	-0.7275	-0.2344	-1.9439	-0.0188	
22.579	-0.0700	-0.3988	-0.8590	-0.6289	-0.1029	-1.7795	-0.0139	
22.599	-0.0043	-0.1686	-1.7795	-0.3330	-0.4974	-0.1029	-0.0198	
22.615	0.7847	-0.8590	0.3245	-0.6289	0.1930	-1.6809	-0.0221	
22.657	-0.0371	-0.6947	-1.1549	-0.2344	-0.6946	-1.4836	-0.3913	
22.682	-0.5632	-0.2673	-1.9768	-0.2673	-1.0234	-0.3988	-0.0369	
22.715	0.1930	-0.3002	-1.2535	-0.8261	-1.0891	-1.7138	-0.0155	
22.756	-0.6947	-0.1029	-1.1549	-0.5303	-0.7275	-0.6289	-0.0000	
22.794	-0.3002	-0.2015	0.1601	-0.8590	-0.7933	-0.9905	-0.0145	
22.817	-0.2673	-0.6289	-1.0892	-0.3988	-0.6946	-1.2535	-0.0214	
22.849	-0.2673	-0.6947	-0.7933	-0.4974	-0.3659	-2.1411	-0.4429	
22.882	-0.3330	-0.2344	-0.0700	-0.7604	-0.0700	-0.6289	-0.0155	
22.919	0.0286	-1.3850	-0.2344	-0.5303	-0.6946	-1.6151	-0.0171	
22.950	-2.2727	-0.4974	-0.8262	-0.3001	-0.9576	-1.0563	-0.0188	
22.982	-0.6947	-1.7467	-0.5632	-0.8919	-0.4316	-0.1686	-0.0198	
23.017	-0.1029	-0.9248	0.0944	-0.8590	-0.7275	-0.0700	-0.0092	
23.049	0.2259	0.0944	-0.5632	-0.7933	-0.2673	-1.1878	-0.0139	
23.082	-0.1686	-0.5303	-2.0097	-0.2344	-1.0234	-1.0891	-0.0224	
23.116	0.2916	-0.8262	0.3245	-0.8590	-0.1686	-0.2673	-0.0181	
23.149	0.0286	-0.5303	-1.3522	-0.7275	-0.3330	0.2916	-0.0171	
23.182	-0.2015	-0.6947	-0.2015	-0.2015	-0.8590	-0.5631	-0.0526	
23.215	-0.4317	-0.4645	-1.7138	-0.6946	0.1272	-1.4179	-0.0175	
23.250	-0.5632	-0.3659	-1.4508	-0.3330	-1.0234	-0.8590	-0.0355	
23.282	-0.0371	-1.1549	1.0477	-0.8261	-0.6618	-0.7604	-0.0181	
23.315	0.0944	-0.5303	-1.2535	-0.5960	1.1464	-1.1220	-0.0168	
23.350	-0.6947	-1.6480	-1.4508	-0.2344	-1.0234	3.0860	-0.0191	
23.382	-0.3988	1.0477	-1.0892	-0.4645	-0.9248	-0.1358	-0.0185	
23.416	-0.1686	-0.0700	-1.3193	-0.6618	-0.1358	-1.8453	0.0049	
23.450	-0.1686	-0.7933	-1.2207	-0.4316	-0.5960	-1.4836	-0.3936	
23.490	0.4560	-0.8262	0.8834	-1.7795	-0.6618	-0.4974	-0.0158	
23.522	0.1272	-0.1029	-0.5303	-0.8590	-0.2344	-1.1549	-0.0155	
23.556	0.2587	-0.4645	0.1601	-1.8453	-0.6946	-0.2015	-0.0162	
23.593	-0.1358	-0.0043	-0.7275	-0.7275	-0.3330	-2.3055	-0.0221	
23.617	0.3902	-0.3330	-1.2864	-0.6618	-0.3988	-0.6289	-0.0947	
23.649	0.5875	-0.2015	-2.8315	-0.3001	-0.7933	-1.0891	-0.0250	
23.682	0.8176	-0.8590	-0.5632	-0.7604	-0.2673	0.1601	-0.0175	
23.716	0.7190	-0.0371	-2.1412	-0.2344	-0.1686	-2.2726	-0.0503	
23.718	0.8176	-0.1358	-1.7467	-0.1029	0.0944	-1.3193	-0.0188	
23.726	0.4560	-0.0371	-0.1358	-0.4974	0.0944	0.0944	-0.0188	
23.728	0.4889	-0.5632	0.2916	-0.4645	-0.2673	-0.7275	-0.0188	
23.731	0.7847	-0.6289	-1.4179	-0.2673	-0.5960	-1.6809	-0.0181	
23.755	0.4889	-0.5632	-1.6152	-0.1358	-0.3988	-2.1411	-0.0911	
23.790	0.4231	-0.9577	-1.4837	-0.2673	-1.0563	-0.5303	-0.0168	
23.824	0.6204	0.8505	0.0944	-0.5303	-0.7604	1.4751	-0.0188	
23.855	-0.0371	0.0944	-0.8919	-0.7933	-0.2673	-4.0808	-0.0194	
23.888	0.1272	-0.4645	0.0286	-0.2673	-0.5303	-1.0234	-0.0178	
23.916	2.6257	-0.7604	-1.5165	-0.5631	-0.1686	-1.5494	-0.0155	
23.949	0.2259	0.2916	-2.1740	-0.4316	-0.5631	-2.0425	-0.0155	
23.982	0.6532	-0.2673	-0.5303	-0.6946	-0.3330	-0.3330	-0.0155	
24.039	0.0944	-0.3002	-0.0700	-0.3001	-0.6946	-0.4316	-0.0181	
24.072	0.2916	-0.4645	-0.0043	-1.4508	-0.7604	-0.4316	-0.0162	
24.106	0.2259	-0.3330	-1.8124	-2.6014	-0.3988	-1.9110	-0.0188	
24.132	0.3902	-0.7933	-0.6618	-0.3988	-0.3659	-1.5494	-0.0208	
24.134	0.2916	-0.4317	0.7519	-0.4316	-0.4645	0.3245	-0.0188	
24.145	0.0615	-0.3988	-0.3002	-0.5303	-0.8590	-2.8315	-0.0211	
24.175	0.0286	-0.5960	0.9820	0.5546	-0.2673	-0.7933	-0.0188	
24.216	0.7847	-0.8590	-2.4042	-0.6289	-0.4974	-1.7138	-0.0191	
24.256	0.6204	-0.5960	-3.9164	-0.3988	-0.5303	-1.6151	-0.0263	
24.290	0.5546	-0.5303	-1.7138	-0.5631	-0.4316	-1.8781	-0.0132	
24.326	0.3574	-1.3522	-1.7467	-0.3659	-0.8261	-0.1358	-0.0201	
24.349	0.6532	-0.4974	-0.9905	-1.5494	-0.5631	-1.6480	-0.0181	
24.382	0.6861	-0.8919	0.0615	-0.5631	1.1464	-1.5165	-0.0175	
24.416	-0.3988	0.2587	-2.6014	-0.5631	-0.2673	-2.4041	-0.0194	
24.449	0.4560	0.0944	-2.7658	-1.1549	-0.5960	-1.6151	-0.0168	
24.490	0.1272	-0.6947	-2.0754	-0.9905	-0.7933	-0.1358	-0.0339	
24.526	0.4231	-1.0892	0.4560	-0.5303	-0.8590	0.1601	-0.0188	
24.556	0.4889	-0.6289	1.0806	-0.7933	-0.3330	-1.9768	-0.0162	
24.589	0.4231	-0.4974	-1.8124	0.3245	-0.7604	-1.5165	-0.0214	
24.622	-0.2673	0.1272	-1.2207	-0.7275	-0.3988	-0.5631	-0.0208	
24.649	-0.2673	0.0615	-0.6947	-0.5303	-0.8590	3.3161	-0.0158	
24.682	0.3574	-0.6289	-1.2535	-0.4316	2.0340	-1.6809	-0.0175	
24.722	0.9820	-0.3988	-1.6809	-0.3330	-0.5303	-1.6809	-0.0165	
24.749	0.0615	-2.4699	-1.0234	-0.7275	-0.2673	-2.5028	-0.0145	
24.790	0.0615	-0.1358	-0.8590	-0.5303	-0.3001	3.5791	-0.0162	
24.821	0.1930	-0.4974	-0.2344	-0.6289	-0.6289	-0.1686	-0.0162	
24.857	0.0944	-0.3988	-1.7795	0.0615	-0.5303	-2.0096	-0.0201	
24.881	0.5217	-0.6618	-0.4317	-0.3330	-0.7604	-0.8919	-0.0148	
24.915	-0.0043	-0.8262	-0.8590	-0.4974	-0.9576	-1.6809	-0.0162	
24.949	0.7190	-0.8590	-0.8919	-0.5631	-0.6618	-1.0891	-0.0339	
24.989	-0.5303	-0.2673	-0.1358	-0.8919	-0.5960	-1.3521	-0.0185	
25.022	0.5217	-0.9577	-3.3904	0.2259	-1.0234	-1.1549	-0.0349	
25.055	0.4560	-0.6289	-1.8782	-0.1358	-1.0234	-7.3026	-0.0162	
25.089	-0.3002	-0.1358	-1.4179	-0.6289	-0.4316	-1.7795	-0.0208	
25.121	-0.2673	-0.0043	-0.7275	-0.8590	0.3574	-0.7933	-0.0175	
25.149	0.3574	-0.4317	-0.3002	-0.6946	-0.6289	-0.6946	-0.0181	
25.182	-0.1358	-0.2015	3.8421	-0.7604	-0.4974	-0.9248	-0.0181	
25.215	0.4560	-0.6618	-0.8590	-0.8590	-0.3330	-0.9576	0.0272	
25.256	0.5217	-1.0563	-0.1029	-0.9248	-0.9576	-0.8261	0.1883	
25.298	-0.1029	-0.0700	-0.6947	-1.2206	-0.0043	-1.9768	0.0187	
25.315	0.5217	0.9491	-0.3659	-0.2015	-1.0891	-1.6480	-0.0227	
25.349	0.2916	-0.3330	1.4422	-0.6946	-0.2673	-2.2726	-0.0168	
25.382	0.3902	-0.6618	-2.2727	-0.3330	-0.6289	-1.2206	-0.0162	
25.416	-0.1686	0.0615	-0.7275	-0.6946	-1.6809	-0.4316	-0.0185	
25.449	0.1272	-0.5632	-0.2015	-0.3988	-0.7604	-1.6151	0.0009	
25.488	0.4889	-0.0043	-0.4974	-0.7933	-0.3330	-1.7138	-0.0162	
25.522	0.0286	-0.5960	0.6204	-0.5303	-0.5303	-0.3988	-0.1647	
25.558	0.6204	-0.2673	-1.4508	-0.3988	0.7847	-1.6151	-0.0139	
25.589	0.4889	0.0944	-0.4317	-0.6618	-0.2673	-1.3521	-0.0145	
25.622	0.4889	-0.4645	3.0531	-0.4974	-0.4645	-1.4508	-0.0254	
25.649	0.1601	0.2587	-1.3193	-0.5631	-0.5960	-0.2015	-0.0148	
25.682	-4.2452	0.0615	-1.1549	-0.6289	1.4094	-0.7604	-0.0185	
25.726	0.3902	-0.8262	-0.3330	-0.5631	0.3574	-1.7466	-0.0162	
25.756	0.0615	0.7190	-2.0425	-0.5303	-0.3330	-1.3850	-0.0148	
25.797	-0.3002	0.2916	-0.3988	-0.8919	-0.1029	-1.5823	-0.0148	
25.815	-0.0043	-0.0043	-2.4370	-0.7275	-0.1358	0.0286	-0.0162	
25.849	0.3245	-0.5303	-0.7275	-0.5303	-0.5631	-1.5165	-0.0526	
25.884	0.0944	-0.1686	-0.8590	-0.8261	-0.0371	-1.9439	-0.0175	
25.917	-0.0043	-0.8262	0.6532	-0.8919	-0.3659	0.0615	-0.0155	
25.949	-0.1358	-0.3988	-1.2864	-2.0096	-0.8261	-1.2535	-0.0155	
25.983	0.4560	0.4231	-1.3522	-0.3659	-0.7933	-1.5494	-0.0158	
26.016	0.4889	-1.0892	-0.4317	-0.3659	-0.7604	0.3245	-0.0181	
26.050	0.3902	-0.6289	2.0011	-0.3330	0.0286	0.2916	-0.0313	
26.087	0.5217	-0.4317	-0.7275	-0.0700	-0.2015	-0.8261	-0.0185	
26.119	0.6861	-0.4974	-0.5303	-0.2344	-0.3988	-0.6618	-0.0188	
26.151	0.3245	-0.7933	-0.6618	-0.3988	-0.7275	-0.6946	-0.0181	
26.183	0.3902	-0.8590	1.0806	-0.5631	-0.3330	-0.3659	-0.0175	
26.216	0.4889	0.2259	-1.4837	-0.1686	-0.8919	-2.5356	-0.0185	
26.249	0.0615	-0.2015	-0.6947	-0.7275	-0.6289	-2.7000	-0.0152	
26.282	0.3574	-0.4317	-0.5303	-0.6618	-0.5631	-3.2260	-0.0185	
26.316	0.1272	-1.6480	-0.1686	-0.8590	-0.0700	1.2779	-0.0175	
26.349	0.3902	-0.9248	1.2450	-0.5960	-0.7275	-1.0234	-0.1894	
26.382	0.0944	-1.2535	-1.9768	-0.6289	-0.3001	-1.9439	-0.0162	
26.416	0.4889	-0.0371	-2.4370	-0.1358	-2.5356	-1.4508	-0.0165	
26.448	0.8834	-1.0892	0.7519	0.8834	-1.0563	-0.4645	-0.0201	
26.498	-0.1686	-0.0043	-2.3055	-2.7986	-0.3988	-2.3384	-0.0145	
26.515	0.6861	-0.4974	-1.3193	0.2259	-0.4974	-1.2206	-0.0191	
26.549	0.0286	-0.7604	0.3245	-0.8261	-0.4974	-2.4370	-0.0162	
26.583	0.1930	-0.5632	0.5875	-0.7604	-0.4974	-0.4316	-0.0188	
26.617	0.0944	-0.3002	0.8505	-0.3988	-0.3988	0.3902	-0.0168	
26.619	0.0286	0.4231	-2.2727	0.0944	-0.0371	-0.6946	-0.0188	
26.620	0.9820	-0.4317	0.5546	-0.2015	0.6532	-0.1358	-0.0198	
26.630	-0.2015	-0.4974	2.9545	-0.7933	-0.6289	-0.7275	-0.0290	
26.632	0.0286	-0.1029	-1.2207	0.5546	-0.0043	-1.2206	-0.0188	
26.634	0.4231	-0.5960	0.5217	-0.0700	-0.5303	0.0944	-0.0185	
26.636	-0.6289	0.1601	-0.5303	0.2587	-0.0371	1.8367	-0.0165	
26.638	0.2259	-0.7604	-0.2344	0.4560	-0.6289	-1.5494	-0.0208	
26.665	0.7519	-0.1358	-1.6152	-0.4316	0.0944	-1.7138	-0.0152	
26.667	0.6204	-0.7933	0.1601	-0.0371	-0.3330	-0.5303	-0.0162	
26.669	1.5409	-0.6289	1.3765	-0.6289	0.2916	-0.4316	-0.0175	
26.695	-0.1029	-0.4974	-1.8453	-0.5631	-0.3988	-1.8453	-0.0162	
26.725	0.3574	-0.1686	-4.1794	-0.6289	-0.6289	-1.5823	-0.0214	
26.756	0.2587	-0.2344	-0.3988	-0.6946	-0.2015	-2.5028	-0.0191	
26.788	0.0286	-0.3002	-1.2535	-0.5631	-0.4316	-0.2344	-0.0168	
26.822	0.1272	-0.4645	-1.8782	-0.3001	-0.8590	-1.3193	-0.0201	
26.855	0.4889	-0.4974	-2.0097	-0.3330	-0.5303	-0.5631	-0.0201	
26.889	0.8176	-0.8590	-1.1549	-0.3659	-0.6289	-0.3001	-0.0208	
26.916	0.2259	-0.7275	-0.2344	0.0944	-0.5960	-1.5165	-0.0171	
26.949	-0.4317	0.1930	-1.1220	-0.8261	-1.5494	-0.8919	-0.0201	
26.982	0.1601	-0.8262	1.3107	-0.7275	-0.4316	-0.9576	-0.0158	
27.023	0.3902	-0.2015	-2.3384	-0.2015	-0.3988	-1.4508	-0.0194	
27.055	0.0615	-0.4974	-0.9577	-0.4316	-0.5960	-1.5165	-0.0181	
27.090	0.2259	-0.1358	-2.3713	-0.4316	-0.6289	-0.7604	-0.0178	
27.114	0.1601	-0.3002	-2.6014	-0.9576	-0.0700	-1.8781	-0.0056	
27.148	-0.2344	-0.4317	-1.2535	-0.4974	0.1601	-1.9768	-0.0155	
27.181	-0.0700	-0.3988	-0.0043	0.3902	-0.4974	-1.6809	-0.0201	
27.215	0.3902	-0.3988	-2.3384	0.2259	-0.6946	-1.6151	-0.0185	
27.257	-0.2015	-0.1029	-0.5303	-0.9905	0.0944	-2.4370	-0.0158	
27.288	0.4889	0.2916	-1.8782	-0.3330	-0.6618	-1.8781	-0.0168	
27.323	0.4889	-0.5303	-2.1740	-0.1358	-2.7329	-0.8590	-0.0175	
27.356	0.3245	-0.4645	-1.1220	-0.6946	-0.3659	4.9599	-0.0165	
27.382	0.7190	-0.3002	-0.6618	-0.4645	-0.5303	-1.0563	-0.0175	
27.416	-0.1029	-0.3988	3.3161	-0.6289	-0.5303	-1.6151	-0.0089	
27.449	0.4889	-0.8590	-1.1878	-0.8261	-0.8261	-0.9576	-0.0661	
27.489	-0.7275	0.0286	-1.3522	-0.5631	-0.4645	-0.7604	-0.0208	
27.522	0.3245	0.2259	-2.3055	-0.4645	-0.2673	-1.2864	-0.0165	
27.561	-0.6289	0.3902	-0.9905	-0.7604	1.4751	-1.5494	-0.0148	
27.582	0.1601	-0.5960	0.2587	-0.9576	-0.5303	-0.6289	-0.1269	
27.615	0.2587	-0.0700	-0.3330	-0.7275	-0.5960	-6.7108	-0.0171	
27.648	-0.1358	-0.2344	-0.9248	-0.5960	-0.0043	-0.0700	-0.0168	
27.682	-0.1358	-0.4974	-0.3988	-0.6618	-0.5303	-0.6289	-0.0408	
27.716	-3.0288	-0.1358	0.2587	-1.0563	1.8039	-1.5494	-0.0181	
27.748	0.6861	-0.7604	-0.8262	-0.6618	-0.4316	-1.3521	-0.0796	
27.782	-0.0700	-0.0043	-0.3330	-0.3659	0.0944	-1.1549	-0.0178	
27.817	-1.6480	-0.4645	0.3574	-0.6618	0.0944	-0.8261	-0.0191	
27.849	0.2916	-0.4974	-4.4095	-0.1686	-0.6946	-1.4179	-0.0431	
27.882	0.0286	0.7847	-1.7795	-0.5631	-0.3659	-1.1549	-0.0142	
27.916	0.3574	-0.3002	-1.8782	-0.2673	-0.4974	-1.4179	-0.0425	
27.949	0.1930	-0.8590	0.5546	-0.4316	-0.8261	0.1272	-0.0168	
27.990	-0.0700	-0.5632	0.6204	0.4560	-0.3330	-0.8919	-0.0181	
28.024	0.1601	-0.5632	-2.8644	-0.2015	-0.7604	-1.5494	-0.0214	
28.056	-0.0371	-0.3659	-2.6343	-0.7933	-0.4316	-0.3001	-0.0244	
28.089	-0.3330	0.4560	-0.6289	-0.7933	-0.2015	-2.4041	-0.0185	
28.121	1.0806	-0.2015	-2.3055	-0.3659	-0.2344	-2.4370	-0.0165	
28.149	0.0286	-0.9248	0.5217	-2.9302	-0.3988	-1.2535	-0.0162	
28.182	0.1601	-0.4645	-0.3659	-0.2344	-0.7604	-0.1029	-0.0188	
28.225	0.3902	-0.5632	0.5875	-0.6289	-0.2673	-1.7795	-0.0148	
28.259	-0.1686	-0.0700	2.7572	-0.8919	-0.2015	-1.0891	-0.0316	
28.288	-0.0043	-0.3002	-0.9905	-0.2015	-0.2673	-1.1220	-0.0122	
28.321	-0.2015	0.0944	-0.9248	-0.4316	0.0286	-1.9110	-0.1184	
28.355	-0.1686	-0.3988	0.1272	-0.6618	-0.5303	-0.6946	-0.0171	
28.388	0.4889	-0.3659	-1.8453	-0.3330	-0.4316	-1.9110	-0.0152	
28.416	-0.0043	-0.9248	0.1601	-0.8590	-0.7275	0.0615	-0.0178	
28.448	0.0286	-0.4974	-1.1878	0.1272	-0.7604	-1.5494	-0.0194	
28.482	0.4231	-0.1358	-1.7138	-0.1029	-0.0700	-1.8453	-0.0178	
28.538	0.0944	-0.3988	0.4560	-0.7933	1.0149	-0.4974	-0.0142	
28.574	0.0944	-0.1686	-1.9768	-0.4316	-0.2015	-2.1083	-0.0135	
28.605	0.3245	-0.4645	0.5546	-2.5356	-0.1686	-0.7604	-0.0162	
28.639	0.5875	-0.7604	-1.5494	-0.2015	-0.9576	-3.4562	-0.0165	
28.665	0.1601	-0.2015	-0.8919	-0.3988	-0.4974	2.2641	-0.0208	
28.667	0.4231	0.0286	-1.2207	-0.2673	0.0944	-0.8261	-0.0175	
28.669	0.2587	-0.5303	-0.8262	0.3574	-0.2673	2.9545	-0.0181	
28.678	0.4889	-0.3988	-1.1878	-0.2344	-1.0891	-0.7275	-0.0171	
28.699	0.2259	-0.7275	0.9162	-0.5303	-0.4645	-0.7275	-0.0162	
28.707	0.5875	-0.7275	-0.8262	-0.5303	-0.3330	-2.5356	-0.0175	
28.732	0.3574	-0.3002	-1.0234	-0.2015	-0.2673	-3.3575	-0.0162	
28.734	0.3245	-0.3330	0.5875	-0.3001	-0.1358	-0.0043	-0.0165	
28.746	0.2587	-0.1358	0.2916	-0.0043	0.2259	0.0615	-0.0010	
28.775	0.8834	0.3902	-1.8453	-0.0371	0.2587	-0.3330	-0.0175	
28.825	0.2587	0.1930	-0.5303	-0.7275	0.1930	-0.4645	-0.0178	
28.852	0.1272	0.2587	-1.4837	0.0286	-0.2015	0.5875	-0.0155	
28.887	-0.0043	-0.3002	-0.8919	-0.7275	-0.0371	-1.1549	-0.0188	
28.915	0.3902	-0.5303	-0.1358	-0.7933	-0.3659	-0.2015	-0.0142	
28.948	0.7519	-0.1029	-1.3522	-0.5303	-0.3988	-1.5165	-0.0158	
28.982	0.4889	-0.0043	-1.6152	-0.3988	-1.7138	-1.4179	-0.0204	
29.016	0.1272	-0.6289	0.6861	-0.7275	-0.5303	-0.7604	-0.1010	
29.049	0.0944	-0.2015	-0.5303	-0.4645	-0.4645	-0.4316	-0.0168	
29.050	0.0615	-0.2015	0.9491	0.0944	-0.2673	0.3245	-0.0142	
29.053	0.2916	0.0615	-0.4974	0.1601	-0.1029	-0.1029	-0.0181	
29.065	0.0615	-0.5632	0.8176	-0.8590	-0.2673	-0.4974	-0.0181	
29.095	0.3902	-0.2673	-1.5494	-0.2015	-0.3988	0.1601	-0.0152	
29.144	0.3902	-1.0892	-2.2069	-0.3001	-0.4974	-1.9439	-0.0194	
29.165	0.0944	-0.1686	0.0615	-0.8261	-0.0700	-0.3330	-0.0155	
29.185	0.6204	-1.2207	-0.4645	-0.5960	-0.7933	-0.6946	-0.0227	
29.222	0.3245	-0.4645	-1.2864	-0.4974	-0.3988	-0.8919	-0.0155	
29.264	0.5546	-0.8919	-1.6480	-0.5631	-0.3988	-1.8124	-0.0158	
29.281	0.6204	-0.4974	-1.7795	-0.2015	-0.4974	-1.8781	-0.0204	
29.316	0.1930	0.1601	-1.7795	-0.5960	0.2916	-2.4041	-0.0168	
29.349	0.0615	-0.2015	-1.3522	-0.7275	-0.3988	2.1326	-0.0165	
29.382	-0.0043	-0.3659	1.4422	-0.7604	-0.3330	-0.3330	-0.0069	
29.416	0.9162	-0.4974	-1.3193	-0.3001	-0.6618	-1.5494	-0.0158	
29.449	-0.8262	-0.6947	-0.3330	-0.5303	0.0944	-1.4836	-0.0188	
29.488	0.0286	-0.3330	-0.5960	-0.7604	-0.3001	-1.3193	-0.0171	
29.522	0.0944	-0.1686	0.8505	-0.8261	-0.3001	-0.8919	-0.0217	
29.556	0.0286	-0.8262	-0.1358	-0.7933	0.1272	-0.9248	-0.0185	
29.593	0.2259	-0.4974	0.1930	-0.4974	-0.1686	-0.4645	-0.0191	
29.617	0.3245	-0.3988	-1.0234	-0.2344	-0.5631	-1.2535	-0.0323	
29.650	0.1272	-0.5632	0.3245	-0.5631	-0.2673	-0.8261	-0.0162	
29.683	0.0615	-0.3659	-0.3002	-0.3988	-0.4645	-0.9248	-0.0168	
29.717	0.2259	-0.2673	-0.8590	-0.3988	-0.2344	-1.7138	-0.0158	
29.751	0.2916	-0.0043	-1.3193	-0.4974	-0.0371	-0.6289	-0.0125	
29.784	0.2587	-0.3988	-0.3330	-0.4974	-0.4974	-0.3659	-0.0152	
29.817	0.9491	-0.0043	-1.0234	0.1930	0.0615	4.4010	-0.0148	
29.859	1.0806	-0.2015	0.1272	-0.2344	0.6204	1.2121	-0.0178	
29.888	1.3765	-0.2673	0.7519	0.0286	0.8834	0.6861	-0.0148	
29.921	0.7847	-0.2015	-1.1549	0.1930	-0.3330	1.3765	-0.0142	
29.953	1.1792	-0.7604	0.5217	-0.0043	0.6861	0.6861	-0.0145	
29.985	0.7847	-0.3988	-0.8590	0.0615	-0.3659	-0.8261	-0.0168	
30.018	0.1272	-0.4645	0.3574	-0.4974	0.0286	-0.0371	-0.0178	
30.051	0.5217	-0.0700	-2.0754	-0.2344	-0.0371	-1.4179	-0.0142	
30.084	0.6861	-0.3659	-1.2207	-0.0043	-0.2673	-0.5303	-0.0181	
30.118	0.1930	-0.2015	-1.8453	-0.3988	0.0286	-1.8781	-0.0165	
30.150	0.2587	-0.0043	-0.8262	-0.3659	0.1930	-0.6618	-0.0129	
30.185	0.5546	-0.0700	0.8505	-0.4316	0.2916	0.2916	-0.0188	
30.200	0.0615	-0.0371	-0.0700	-0.3659	-0.0700	-0.3001	-0.0162	
30.203	0.6861	-0.1686	-0.7275	-0.4974	0.0944	0.3245	-0.0530	
30.204	0.5875	0.3902	-1.6152	0.4231	0.3902	0.1272	-0.0635	
30.206	0.2916	-0.2344	0.9820	-0.1686	0.3245	0.1272	-0.0185	
30.240	0.4560	-0.3659	-0.9577	0.6204	-0.0371	0.0944	-0.0165	
30.275	0.5546	-0.0371	1.2121	1.0149	0.3574	0.9820	-0.0142	
30.307	0.1601	-0.2015	0.7190	-0.5631	-0.0700	0.6861	-0.0060	
30.343	0.5546	-0.0700	1.2450	-0.1358	0.3574	0.6204	-0.0181	
30.370	0.6204	-0.2344	-0.1686	-0.1029	0.0286	0.4231	-0.0152	
30.385	0.3902	-0.2673	-0.0700	-0.2344	-0.2015	-0.3001	-0.0165	
30.418	-0.0371	-0.1686	0.0944	-0.3988	-0.3001	-0.3659	-0.0162	
30.450	0.2916	-0.2673	-1.0234	-0.4316	-0.5303	-0.8919	-0.0185	
30.484	0.4231	-0.7275	-0.0371	-0.4316	0.3902	-0.7275	-0.0152	
30.517	0.5546	-0.1358	-1.2864	-0.2344	-0.0043	-0.7604	-0.0224	
30.550	1.1464	-0.1358	-1.6152	-0.1029	-0.2344	-0.7604	-0.0171	
30.584	0.5875	0.2259	-1.2535	0.0286	0.1272	-0.8261	-0.0155	
30.619	0.0944	0.2587	-0.9248	-0.5303	-0.3001	-0.9905	-0.0142	
30.650	0.7847	-0.4974	-0.8262	-0.1029	-0.2344	-0.6289	-0.0171	
30.684	0.7190	-0.3002	-0.3659	0.0615	-0.1029	0.0944	-0.0060	
30.719	0.5546	-0.0371	-0.1358	-0.1029	-0.1029	0.6532	-0.0181	
30.758	0.4231	-0.0043	-0.6289	-0.2015	0.3902	-0.4316	-0.0152	
30.792	0.3902	-0.1029	0.2587	-0.3001	0.2916	1.0806	-0.0142	
30.824	-0.0371	0.4889	-1.1220	0.3574	-0.2344	1.4094	-0.0119	
30.854	0.5875	0.3902	-1.6809	-0.2344	0.1930	-2.0754	-0.0119	
30.885	0.4889	-0.3988	-1.1549	-0.1686	-0.2344	-1.4508	-0.0142	
30.917	0.0944	0.2587	-1.3850	-0.3659	-0.0043	-1.4508	-0.0135	
30.950	0.2916	-0.2673	-0.7604	-0.4645	-0.1029	-1.0234	-0.0152	
30.984	0.2916	-0.0371	1.1135	-0.5631	0.1272	0.2916	-0.0132	
31.018	1.0149	-0.4974	0.1272	-0.6618	-0.0371	0.6204	-0.0162	
31.052	0.3902	0.2259	-0.9248	-0.3330	0.1272	-0.5960	-0.0201	
31.085	0.5875	-0.5960	0.2916	-0.2344	-0.1686	-0.4974	-0.0158	
31.117	0.2916	-0.2673	0.3245	-0.5631	-0.3988	0.0286	-0.0165	
31.151	0.6861	-0.9248	-0.3002	-0.2015	-0.6289	-0.7933	-0.0155	
31.183	0.4231	-0.1029	-0.9905	-0.3988	0.0944	-1.2206	-0.0135	
31.223	0.8176	-0.3330	-2.0425	-0.0371	-0.3001	-1.4508	-0.0145	
31.256	0.4231	-0.6618	-0.1358	-0.0700	-0.6618	-0.3330	-0.0155	
31.303	0.4889	-0.5632	0.3574	-0.2015	-0.3001	-0.2673	-0.0135	
31.342	0.7519	-0.5303	0.2587	-0.1029	-0.4316	0.1601	-0.0175	
31.368	0.9491	-0.0371	0.7190	-0.2344	0.4889	1.0806	-0.0168	
31.370	1.0477	-0.1358	-0.7275	0.0286	0.1272	0.9820	-0.0066	
31.380	0.7519	-0.5303	-0.8590	-0.2344	-0.3001	-0.7933	-0.0158	
31.400	0.2259	0.4231	-1.0892	-0.2015	0.8176	-0.3330	-0.0171	
31.402	0.6204	-0.0700	0.9491	-0.0371	1.5080	1.0477	-0.0165	
31.412	0.2587	-0.1686	0.2587	-0.4316	-0.1358	-0.1029	-0.0181	
31.435	0.3902	0.2587	-1.7795	2.3299	-0.2015	0.7190	-0.0135	
31.465	0.4889	0.0615	-0.7604	-0.1029	-0.0043	-0.0700	-0.0175	
31.521	0.6204	-0.4645	0.4231	-0.3001	-0.3988	0.0944	-0.0185	
31.561	-0.0371	0.4231	-0.9577	-0.3988	0.3245	-0.6946	-0.0148	
31.585	0.6861	-0.6947	-0.1686	-0.0371	-0.3001	-0.2344	-0.0171	
31.618	0.5875	-0.8590	-0.0043	-0.3001	-0.3988	-0.1358	-0.0129	
31.650	0.4231	-0.2673	-0.6618	-0.2673	-0.0043	-1.0234	-0.0181	
31.684	1.5737	-0.2015	-0.9905	-0.3330	-0.5303	-0.8919	-0.0145	
31.715	0.3902	-0.7275	2.1655	-0.6289	-0.4974	-0.6289	-0.0099	
31.755	0.2259	-0.0371	-0.7933	-0.5631	-0.1029	-0.8919	-0.0155	
31.793	0.2587	-0.4645	0.1272	-0.3659	-0.6289	-0.1686	-0.0181	
31.817	0.3574	0.0286	-0.0371	-0.5303	0.0615	-0.2015	-0.0168	
31.851	0.5875	-0.6289	-0.7275	-0.2015	-0.4974	-0.9248	-0.0125	
31.884	0.1930	-0.3330	-1.0563	-0.2015	-0.7275	-1.0234	-0.0171	
31.918	0.1930	-0.1686	-1.6809	-0.2673	-0.5303	-0.4974	-0.0162	
31.949	0.6204	-0.3659	-0.7604	-0.0043	-0.1358	-0.9905	-0.0155	
31.994	0.3574	-0.3659	1.2450	-0.3330	-0.1358	-0.6289	-0.0139	
32.028	0.6861	-0.4974	0.5546	-0.1358	-0.4645	0.6204	-0.0139	
32.052	0.7190	-0.9248	-0.4317	-0.0043	-0.8590	-0.4974	-0.0178	
32.084	0.3245	-0.3988	0.2916	-0.1686	1.1792	-0.5960	-0.0139	
32.119	0.6861	-0.3330	-1.1549	-0.0043	-0.0371	-0.7275	-0.0332	
32.151	0.5217	-0.2673	-0.3988	-0.1686	-0.1686	-0.3330	-0.0168	
32.184	0.2587	-0.5632	0.8834	-0.2344	-0.5631	0.4560	-0.0158	
32.218	0.5217	-0.1358	-0.0700	-0.0371	-0.2673	0.3574	-0.0145	
32.251	0.4889	-0.7275	0.0944	-0.3988	-0.3988	-0.8590	-0.0132	
32.283	0.0615	-0.2344	1.1135	-0.2344	-0.0371	0.2916	-0.0092	
32.317	0.2916	-0.2344	-0.2344	-0.4316	-0.1358	-0.0371	-0.0132	
32.350	0.2916	-0.5960	0.0944	-0.4974	-0.3001	-0.5960	-0.0066	
32.384	0.5875	-0.3659	-1.2535	-0.0700	-0.1358	-0.9905	-0.0122	
32.418	0.3574	-0.0700	-1.0563	-0.4316	0.0944	-0.9248	-0.0135	
32.459	0.3574	-0.3988	-0.1686	-0.5303	-0.3330	-0.1358	-0.0168	
32.490	0.9162	-0.3330	-0.0700	0.2259	-0.4974	0.9491	-0.0139	
32.529	0.2259	-0.3002	0.6861	-0.3988	-0.3001	0.2916	-0.0125	
32.551	0.6532	-0.3002	-0.9577	0.1272	-0.1686	-0.9248	-0.0188	
32.584	0.9162	-0.5632	0.0944	0.2587	-0.5631	0.7190	-0.0201	
32.618	-0.0371	0.2916	-1.2207	-0.6289	-0.1686	-1.7466	-0.0148	
32.647	0.2916	-0.8919	0.3902	-0.5960	-1.1878	-0.3330	-0.0155	
32.682	0.2587	-0.5960	0.4231	-0.6289	-0.0700	-0.3330	-0.0132	
32.715	0.3574	-0.2673	-1.6809	-0.4645	-0.3330	-1.7795	-0.0181	
32.756	0.0286	-0.1358	-0.7275	-0.1686	-0.3001	-1.1878	-0.0122	
32.794	0.0944	-0.4974	-0.7933	-0.5631	-0.5303	-1.5823	-0.0181	
32.815	0.5217	-0.1686	-1.9439	-0.3001	-0.4316	-1.9110	-0.0158	
32.849	-0.2015	-0.3330	-0.2673	2.0997	-0.3659	-1.2206	-0.1500	
32.881	0.0615	-1.2864	-0.6618	-0.6946	-0.3659	-0.8590	-0.0162	
32.915	0.0286	-0.2673	-0.0371	-0.5960	-0.3659	-1.1220	-0.0148	
32.949	-0.0043	-0.3330	-0.2344	-0.6289	-0.2673	-0.9248	-0.0132	
32.981	0.4889	-0.3330	-1.6152	-0.1358	-0.4974	-1.5823	-0.0132	
33.021	0.1601	-0.4645	-0.2344	0.3574	-0.3988	-1.3850	-0.0175	
33.068	-0.5303	-0.1358	-0.8590	-0.5303	-0.3330	-0.5303	-0.0115	
33.106	0.1272	-0.1358	-1.2207	-0.5960	-0.3001	-2.3055	-0.0148	
33.131	0.0944	-0.3330	0.4560	-0.6618	-0.4645	-0.2344	-0.0148	
33.133	0.0944	0.3245	-0.4974	-0.3659	0.5875	-1.0234	-0.0129	
33.135	0.4560	0.0944	-1.7795	0.2916	-1.6151	1.0806	-0.0115	
33.136	0.8505	-0.4317	4.1051	0.0286	-0.0371	1.6066	0.0391	
33.138	-0.7275	-0.0043	-2.4042	-0.2015	-0.2015	-1.3521	-0.0119	
33.166	0.1272	-0.1686	0.1272	-0.2015	-0.2015	-0.1686	-0.0132	
33.168	0.7190	0.0944	-2.6343	0.3245	0.1272	0.5875	-0.0106	
33.178	0.0944	-0.4974	0.6861	-0.7604	-0.1686	-0.3659	-0.0132	
33.199	0.6861	-0.3659	-0.6618	-0.1358	-0.1686	-0.4316	-0.0158	
33.210	0.6532	-0.8262	-0.4974	-0.4645	-0.7604	-0.6289	0.0953	
33.235	0.6532	0.0944	-0.2344	-0.6618	0.0944	1.0149	-0.0096	
33.265	-0.1686	-0.6947	0.1930	-0.8261	-0.0371	-0.3659	-0.0125	
33.305	0.5875	-0.8262	1.0477	-0.5303	-0.7275	-0.2344	-0.0132	
33.350	0.4889	-0.1358	-2.1412	0.8505	-0.4316	-0.8919	-0.0142	
33.390	0.6532	-0.3002	-0.2344	-0.9576	-0.0700	-1.0891	-0.0139	
33.415	1.0477	-0.8919	-0.0371	-0.4316	-0.8919	-0.6289	-0.0155	
33.449	0.0615	0.5217	-1.1220	-0.6946	-0.0371	-1.9110	-0.0106	
33.503	0.3902	-0.8262	-0.9248	-0.5631	-0.9905	-0.4974	-0.0132	
33.540	0.2916	-0.0700	-2.2069	-1.2535	-0.3001	-2.1740	0.0108	
33.573	0.1930	-0.1029	-1.4837	-0.4974	-0.0371	-1.8124	-0.0148	
33.606	-0.0043	-0.5303	-0.2344	-0.6618	-0.3659	1.6066	-0.0119	
33.631	0.4889	-0.1358	-1.7795	-0.3001	-0.0371	-1.3521	-0.0112	
33.633	0.8176	-0.8590	2.2312	-0.6289	0.3902	-0.5631	-0.0109	
33.635	0.9491	-0.4645	0.4889	1.7381	-0.0700	-0.1686	-0.0158	
33.655	-0.1358	-0.0700	-0.9905	-1.8781	-0.3659	-0.4645	-0.0145	
33.687	0.2259	-0.6618	-0.6947	-0.7275	-0.3988	-1.9110	-0.0148	
33.715	0.0944	-0.2015	-1.3522	0.4560	-0.1029	-1.6151	-0.0112	
33.748	0.7847	-1.1878	0.0944	-0.3001	-0.8919	1.1464	-0.0181	
33.791	0.8834	-0.9577	0.5546	-0.3988	-0.1358	-0.2015	-0.0125	
33.824	0.4560	-0.5303	-1.1549	-0.3988	-0.0371	-1.8781	-0.0125	
33.855	0.2587	-0.7933	1.3107	-0.8919	-0.4316	-1.3850	-0.0056	
33.892	0.2916	-0.6289	0.6204	-0.3659	-0.6618	0.0286	-0.0129	
33.916	0.2916	-0.2673	0.2587	-0.4645	-0.1358	-0.5631	-0.0145	
33.949	0.1272	-0.6618	-0.2344	-0.5303	-1.0891	-0.8261	-0.0129	
33.981	0.1272	-0.3659	0.3574	-0.5303	-0.6946	-3.9493	-0.0112	
34.025	0.7847	-0.4317	-0.6618	-3.5219	-0.4645	-0.8590	-0.0171	
34.055	0.2587	-0.5960	-0.7933	-0.5631	-0.3001	0.1272	-0.0129	
34.095	0.7519	-0.8590	-1.1878	-0.3330	-0.5960	-0.5631	-0.0129	
34.115	0.2916	-0.3002	0.1272	-0.5960	-0.5960	0.2259	-0.0139	
34.148	1.1135	-0.8262	-0.5303	-0.5303	-0.6946	-1.3193	-0.0122	
34.181	0.3245	0.8176	-2.1083	-0.6289	-0.1358	-2.6014	-0.0132	
34.214	0.0944	-0.3988	-1.1878	-0.5960	-1.7795	-1.1549	-0.0115	
34.247	0.5217	-0.5960	-0.6289	-0.1686	-0.6946	-0.2673	-0.0155	
34.281	0.4231	-0.8262	0.3902	-0.4974	-0.7275	-0.3001	0.0032	
34.314	0.4889	-0.4645	-1.5494	-0.4316	-0.5960	-1.6151	-0.0037	
34.348	0.5217	-0.5303	-1.0563	-0.3330	-0.7933	-0.8261	-0.0162	
34.381	0.7519	-0.4317	-1.1220	-0.6946	-0.4974	-0.2344	-0.0201	
34.415	-0.1029	0.5546	-0.6289	-0.6618	0.2916	-0.5303	-0.0155	
34.449	0.5546	-1.0234	-0.8919	-0.6289	-0.5631	-1.1220	-0.0293	
34.481	-0.1358	0.2259	-1.6809	-1.8453	0.0286	-1.9439	-0.0457	
34.515	0.7519	-0.3330	-0.7933	-0.7604	-0.2015	-1.9439	-0.0112	
34.549	0.8505	-0.4317	-1.7138	-0.3001	-0.7604	-1.4508	-0.0145	
34.581	1.0149	-0.4645	-0.7604	-0.3988	-1.3193	-1.4179	-0.0129	
34.614	-0.0700	-0.2344	-0.3988	-0.4974	-0.8919	-1.4179	-0.0168	
34.649	0.5217	-0.8590	-0.2673	-0.6618	-0.7604	-0.8261	-0.0119	
34.680	0.0286	-0.1029	1.7052	-0.8261	-0.0700	0.8505	-0.0129	
34.714	0.6532	-0.5960	-1.4508	0.2259	-0.8261	-0.9248	-0.0408	
34.748	0.6532	-0.7933	-0.6289	-0.3330	-0.4974	-1.0234	-0.0171	
34.781	0.2259	-0.5632	-0.0700	-0.4645	-0.6946	0.0615	-0.0148	
34.815	0.3245	-0.4645	-1.3522	-0.3330	-0.1358	-1.8453	-0.0158	
34.848	0.6861	-0.9248	0.5875	-0.2015	-0.8261	0.6532	-0.0139	
34.881	0.0286	-0.1686	0.6532	-0.7604	-0.5631	-0.6618	-0.0125	
34.914	0.2916	-0.8262	0.9820	-0.7604	-0.1358	-0.6289	-0.0119	
34.948	0.0944	-0.2015	-0.0700	-0.4316	-0.5960	-0.4316	0.0476	
34.981	1.0806	-0.5303	-0.5303	-0.4974	-0.0371	-1.5494	-0.0155	
35.026	0.6861	-0.3002	-3.7192	-0.1686	-0.7604	-1.4179	-0.0293	
35.055	-0.0700	0.2916	-0.3002	-0.6946	-0.0700	-1.6151	-0.0122	
35.095	0.5546	-1.1549	0.6204	-0.5631	-0.5303	-1.0234	-0.0158	
35.114	0.5217	-0.1029	-2.4370	-0.3330	-0.3001	-0.7604	-0.0139	
35.148	0.3245	-0.7933	0.9162	-0.7933	-0.5631	-0.4645	-0.0106	
35.181	0.6204	-0.6289	-1.1878	-0.2344	-0.8919	-0.8919	-0.0168	
